732843137.254902 0.0
732603644.4682646 0.0
732364308.1627452 0.0
732125128.1850306 0.0
731886104.3820071 0.0
731647236.600761 0.0
731408524.6885787 0.0
731169968.4929451 0.0
730931567.8615446 0.0
730693322.6422597 0.0
730455232.6831715 0.0
730217297.8325592 0.0
729979517.938899 0.0
729741892.8508649 0.0
729504422.4173278 0.0
729267106.4873551 0.0
729029944.9102108 0.0
728792937.5353546 0.0
728556084.212442 0.0
728319384.7913241 0.0
728082839.122047 0.0
727846447.0548509 0.0
727610208.4401716 0.0
727374123.1286381 0.0
727138190.9710734 0.0
726902411.8184943 0.0
726666785.5221102 0.0
726431311.9333242 0.0
726195990.9037311 0.0
725960822.2851183 0.0
725725805.9294654 0.0
725490941.688943 0.0
725256229.4159133 0.0
725021668.96293 0.0
724787260.1827365 0.0
724553002.9282671 0.0
724318897.0526465 0.0
724084942.4091886 0.0
723851138.8513972 0.0
723617486.2329648 0.0
723383984.4077728 0.0
723150633.2298918 0.0
722917432.5535798 0.0
722684382.2332832 0.0
722451482.123636 0.0
722218732.0794594 0.0
721986131.9557613 0.0
721753681.6077373 0.0
721521380.8907684 0.0
721289229.6604226 0.0
721057227.7724527 0.0
720825375.0827979 0.0
720593671.4475825 0.0
720362116.7231152 0.0
720130710.7658899 0.0
719899453.4325846 0.0
719668344.5800614 0.0
719437384.0653663 0.0
719206571.7457283 0.0
718975907.4785597 0.0
718745391.1214564 0.0
718515022.5321957 0.0
718284801.568738 0.0
718054728.0892254 0.0
717824801.9519818 0.0
717595023.0155122 0.0
717365391.1385033 0.0
717135906.179822 0.0
716906567.9985161 0.0
716677376.4538137 0.0
716448331.4051224 0.0
716219432.7120302 0.0
715990680.2343037 0.0
715762073.831889 0.0
715533613.3649114 0.0
715305298.6936738 0.0
715077129.6786581 0.0
714849106.1805241 0.0
714621228.0601087 0.0
714393495.1784269 0.0
714165907.3966703 0.0
713938464.5762074 0.0
713711166.5785838 0.0
713484013.2655205 0.0
713257004.498915 0.0
713030140.1408406 0.0
712803420.0535456 0.0
712576844.0994538 0.0
712350412.141164 0.0
712124124.0414487 0.0
711897979.663256 0.0
711671978.8697071 0.0
711446121.5240972 0.0
711220407.4898952 0.0
710994836.630743 0.0
710769408.8104553 0.0
710544123.8930199 0.0
710318981.7425965 0.0
710093982.2235174 0.0
709869125.2002863 0.0
709644410.5375786 0.0
709419838.1002411 0.0
709195407.7532917 0.0
708971119.3619188 0.0
708746972.7914815 0.0
708522967.907509 0.0
708299104.5757003 0.0
708075382.6619246 0.0
707851802.0322199 0.0
707628362.5527939 0.0
707405064.0900227 0.0
707181906.5104511 0.0
706958889.6807927 0.0
706736013.4679286 0.0
706513277.7389078 0.0
706290682.3609475 0.0
706068227.201431 0.0
705845912.1279101 0.0
705623737.008102 0.0
705401701.7098912 0.0
705179806.101328 0.0
704958050.0506293 0.0
704736433.4261768 0.0
704514956.0965185 0.0
704293617.9303672 0.0
704072418.7966005 0.0
703851358.5642611 0.0
703630437.1025555 0.0
703409654.2808552 0.0
703189009.9686949 0.0
702968504.0357732 0.0
702748136.3519521 0.0
702527906.7872566 0.0
702307815.2118747 0.0
702087861.4961572 0.0
701868045.5106168 0.0
701648367.1259288 0.0
701428826.2129301 0.0
701209422.6426189 0.0
700990156.2861556 0.0
700771027.014861 0.0
700552034.7002169 0.0
700333179.2138658 0.0
700114460.4276105 0.0
699895878.2134137 0.0
699677432.4433985 0.0
699459122.989847 0.0
699240949.725201 0.0
699022912.5220613 0.0
698805011.2531873 0.0
698587245.7914976 0.0
698369616.0100687 0.0
698152121.782135 0.0
697934762.9810895 0.0
697717539.4804823 0.0
697500451.1540209 0.0
697283497.8755699 0.0
697066679.5191511 0.0
696849995.9589429 0.0
696633447.0692796 0.0
696417032.7246518 0.0
696200752.7997068 0.0
695984607.1692467 0.0
695768595.7082291 0.0
695552718.2917674 0.0
695336974.795129 0.0
695121365.0937369 0.0
694905889.0631684 0.0
694690546.5791544 0.0
694475337.5175806 0.0
694260261.754486 0.0
694045319.166063 0.0
693830509.6286576 0.0
693615833.0187687 0.0
693401289.213048 0.0
693186878.0882999 0.0
692972599.5214807 0.0
692758453.3896996 0.0
692544439.5702168 0.0
692330557.9404444 0.0
692116808.377946 0.0
691903190.7604368 0.0
691689704.9657819 0.0
691476350.871998 0.0
691263128.3572518 0.0
691050037.29986 0.0
690837077.5782902 0.0
690624249.0711588 0.0
690411551.6572322 0.0
690198985.2154262 0.0
689986549.6248052 0.0
689774244.7645831 0.0
689562070.514122 0.0
689350026.7529321 0.0
689138113.3606725 0.0
688926330.2171493 0.0
688714677.2023176 0.0
688503154.1962788 0.0
688291761.0792819 0.0
688080497.7317233 0.0
687869364.0341457 0.0
687658359.8672384 0.0
687447485.1118376 0.0
687236739.648925 0.0
687026123.3596282 0.0
686815636.1252214 0.0
686605277.8271229 0.0
686395048.3468974 0.0
686184947.5662539 0.0
685974975.3670464 0.0
685765131.6312733 0.0
685555416.2410779 0.0
685345829.0787469 0.0
685136370.0267117 0.0
684927038.9675465 0.0
684717835.7839694 0.0
684508760.358842 0.0
684299812.5751684 0.0
684090992.3160958 0.0
683882299.4649143 0.0
683673733.9050558 0.0
683465295.5200946 0.0
683256984.193747 0.0
683048799.8098708 0.0
682840742.2524658 0.0
682632811.4056724 0.0
682425007.1537726 0.0
682217329.3811892 0.0
682009777.9724853 0.0
681802352.812365 0.0
681595053.7856722 0.0
681387880.7773907 0.0
681180833.6726446 0.0
680973912.3566972 0.0
680767116.7149512 0.0
680560446.6329486 0.0
680353901.9963702 0.0
680147482.6910357 0.0
679941188.6029034 0.0
679735019.6180693 0.0
679528975.6227682 0.0
679323056.5033728 0.0
679117262.1463928 0.0
678911592.4384763 0.0
678706047.2664078 0.0
678500626.5171096 0.0
678295330.0776405 0.0
678090157.8351955 0.0
677885109.6771071 0.0
677680185.4908434 0.0
677475385.1640081 0.0
677270708.5843419 0.0
677066155.6397201 0.0
676861726.2181535 0.0
676657420.2077887 0.0
676453237.4969069 0.0
676249177.9739244 0.0
676045241.5273917 0.0
675841428.0459936 0.0
675637737.4185499 0.0
675434169.5340135 0.0
675230724.2814716 0.0
675027401.5501448 0.0
674824201.2293873 0.0
674621123.2086861 0.0
674418167.3776617 0.0
674215333.6260669 0.0
674012621.8437874 0.0
673810031.9208412 0.0
673607563.7473781 0.0
673405217.213681 0.0
673202992.2101635 0.0
673000888.6273708 0.0
672798906.3559805 0.0
672597045.2868005 0.0
672395305.3107698 0.0
672193686.3189584 0.0
671992188.2025671 0.0
671790810.8529269 0.0
671589554.1614989 0.0
671388418.0198743 0.0
671187402.3197744 0.0
670986506.9530498 0.0
670785731.8116806 0.0
670585076.7877761 0.0
670384541.7735752 0.0
670184126.6614449 0.0
669983831.3438814 0.0
669783655.7135088 0.0
669583599.6630805 0.0
669383663.0854769 0.0
669183845.8737066 0.0
668984147.9209067 0.0
668784569.1203408 0.0
668585109.3654003 0.0
668385768.5496038 0.0
668186546.5665965 0.0
667987443.3101509 0.0
667788458.6741655 0.0
667589592.5526655 0.0
667390844.8398025 0.0
667192215.4298538 0.0
666993704.2172223 0.0
666795311.0964372 0.0
666597035.9621526 0.0
666398878.7091482 0.0
666200839.2323283 0.0
666002917.4267225 0.0
665805113.1874855 0.0
665607426.4098955 0.0
665409856.9893558 0.0
665212404.8213936 0.0
665015069.8016602 0.0
664817851.8259301 0.0
664620750.7901025 0.0
664423766.590199 0.0
664226899.1223651 0.0
664030148.282869 0.0
663833513.9681016 0.0
663636996.0745772 0.0
663440594.4989316 0.0
663244309.1379238 0.0
663048139.8884346 0.0
662852086.6474669 0.0
662656149.3121449 0.0
662460327.7797151 0.0
662264621.9475447 0.0
662069031.713123 0.0
661873556.9740595 0.0
661678197.6280851 0.0
661482953.5730515 0.0
661287824.7069305 0.0
661092810.9278144 0.0
660897912.1339159 0.0
660703128.2235676 0.0
660508459.0952214 0.0
660313904.6474501 0.0
660119464.7789444 0.0
659925139.3885157 0.0
659730928.3750935 0.0
659536831.6377265 0.0
659342849.0755829 0.0
659148980.5879482 0.0
658955226.0742272 0.0
658761585.4339432 0.0
658568058.5667366 0.0
658374645.3723663 0.0
658181345.750709 0.0
657988159.6017587 0.0
657795086.825627 0.0
657602127.3225422 0.0
657409280.9928503 0.0
657216547.7370139 0.0
657023927.4556123 0.0
656831420.0493411 0.0
656639025.4190124 0.0
656446743.4655547 0.0
656254574.0900122 0.0
656062517.1935452 0.0
655870572.6774293 0.0
655678740.4430561 0.0
655487020.3919321 0.0
655295412.4256792 0.0
655103916.4460342 0.0
654912532.3548487 0.0
654721260.0540891 0.0
654530099.4458362 0.0
654339050.432285 0.0
654148112.915745 0.0
653957286.7986395 0.0
653766571.9835052 0.0
653575968.3729935 0.0
653385475.869868 0.0
653195094.3770068 0.0
653004823.7974005 0.0
652814664.0341527 0.0
652624614.9904803 0.0
652434676.5697123 0.0
652244848.6752905 0.0
652055131.210769 0.0
651865524.0798143 0.0
651676027.1862046 0.0
651486640.4338299 0.0
651297363.7266922 0.0
651108196.9689049 0.0
650919140.0646926 0.0
650730192.9183913 0.0
650541355.4344482 0.0
650352627.517421 0.0
650164009.0719783 0.0
649975500.0028994 0.0
649787100.2150738 0.0
649598809.6135011 0.0
649410628.1032915 0.0
649222555.5896646 0.0
649034591.97795 0.0
648846737.1735871 0.0
648658991.0821242 0.0
648471353.6092196 0.0
648283824.6606401 0.0
648096404.1422616 0.0
647909091.9600691 0.0
647721888.0201561 0.0
647534792.2287245 0.0
647347804.4920849 0.0
647160924.7166555 0.0
646974152.8089628 0.0
646787488.6756415 0.0
646600932.2234336 0.0
646414483.3591889 0.0
646228141.9898645 0.0
646041908.0225246 0.0
645855781.3643409 0.0
645669761.9225917 0.0
645483849.6046623 0.0
645298044.3180445 0.0
645112345.9703366 0.0
644926754.4692432 0.0
644741269.7225753 0.0
644555891.6382498 0.0
644370620.1242893 0.0
644185455.0888224 0.0
644000396.440083 0.0
643815444.0864106 0.0
643630597.9362499 0.0
643445857.8981509 0.0
643261223.8807683 0.0
643076695.7928616 0.0
642892273.5432954 0.0
642707957.0410382 0.0
642523746.195163 0.0
642339640.9148476 0.0
642155641.1093733 0.0
641971746.6881253 0.0
641787957.560593 0.0
641604273.6363688 0.0
641420694.8251492 0.0
641237221.0367337 0.0
641053852.1810248 0.0
640870588.1680284 0.0
640687428.9078531 0.0
640504374.3107103 0.0
640321424.286914 0.0
640138578.7468804 0.0
639955837.6011282 0.0
639773200.7602783 0.0
639590668.1350534 0.0
639408239.6362785 0.0
639225915.1748798 0.0
639043694.6618851 0.0
638861578.0084242 0.0
638679565.1257273 0.0
638497655.9251263 0.0
638315850.3180542 0.0
638134148.2160445 0.0
637952549.5307314 0.0
637771054.1738502 0.0
637589662.0572357 0.0
637408373.092824 0.0
637227187.1926504 0.0
637046104.2688507 0.0
636865124.2336603 0.0
636684246.9994149 0.0
636503472.478549 0.0
636322800.5835968 0.0
636142231.227192 0.0
635961764.3220671 0.0
635781399.7810539 0.0
635601137.5170825 0.0
635420977.4431827 0.0
635240919.4724822 0.0
635060963.5182068 0.0
634881109.4936817 0.0
634701357.312329 0.0
634521706.8876699 0.0
634342158.1333227 0.0
634162710.9630041 0.0
633983365.2905276 0.0
633804121.0298051 0.0
633624978.094845 0.0
633445936.3997536 0.0
633266995.8587338 0.0
633088156.3860853 0.0
632909417.896205 0.0
632730780.3035861 0.0
632552243.5228189 0.0
632373807.4685894 0.0
632195472.0556799 0.0
632017237.1989692 0.0
631839102.813432 0.0
631661068.814138 0.0
631483135.1162541 0.0
631305301.6350416 0.0
631127568.2858574 0.0
630949934.9841542 0.0
630772401.6454791 0.0
630594968.1854751 0.0
630417634.5198791 0.0
630240400.5645237 0.0
630063266.2353357 0.0
629886231.4483364 0.0
629709296.1196411 0.0
629532460.1654601 0.0
629355723.5020972 0.0
629179086.0459503 0.0
629002547.7135112 0.0
628826108.4213655 0.0
628649768.0861923 0.0
628473526.6247638 0.0
628297383.9539459 0.0
628121339.9906976 0.0
627945394.652071 0.0
627769547.8552105 0.0
627593799.5173545 0.0
627418149.555833 0.0
627242597.8880688 0.0
627067144.4315773 0.0
626891789.1039659 0.0
626716531.8229345 0.0
626541372.5062745 0.0
626366311.0718695 0.0
626191347.4376951 0.0
626016481.521818 0.0
625841713.2423966 0.0
625667042.5176809 0.0
625492469.2660116 0.0
625317993.405821 0.0
625143614.8556322 0.0
624969333.5340592 0.0
624795149.3598069 0.0
624621062.2516705 0.0
624447072.1285355 0.0
624273178.9093785 0.0
624099382.5132656 0.0
623925682.8593534 0.0
623752079.8668885 0.0
623578573.455207 0.0
623405163.5437349 0.0
623231850.0519881 0.0
623058632.8995714 0.0
622885512.0061796 0.0
622712487.291596 0.0
622539558.6756938 0.0
622366726.0784346 0.0
622193989.4198691 0.0
622021348.6201366 0.0
621848803.5994653 0.0
621676354.2781713 0.0
621504000.5766598 0.0
621331742.4154236 0.0
621159579.715044 0.0
620987512.3961905 0.0
620815540.37962 0.0
620643663.5861771 0.0
620471881.9367946 0.0
620300195.3524922 0.0
620128603.7543775 0.0
619957107.0636452 0.0
619785705.201577 0.0
619614398.0895417 0.0
619443185.648995 0.0
619272067.8014796 0.0
619101044.4686246 0.0
618930115.5721456 0.0
618759281.033845 0.0
618588540.7756113 0.0
618417894.7194191 0.0
618247342.7873292 0.0
618076884.9014883 0.0
617906520.984129 0.0
617736250.9575694 0.0
617566074.7442135 0.0
617395992.2665505 0.0
617226003.4471556 0.0
617056108.2086883 0.0
616886306.4738936 0.0
616716598.1656021 0.0
616546983.2067283 0.0
616377461.5202723 0.0
616208033.0293185 0.0
616038697.6570357 0.0
615869455.3266776 0.0
615700305.9615818 0.0
615531249.4851701 0.0
615362285.8209488 0.0
615193414.8925077 0.0
615024636.6235205 0.0
614855950.9377451 0.0
614687357.7590225 0.0
614518857.0112774 0.0
614350448.6185181 0.0
614182132.5048356 0.0
614013908.5944048 0.0
613845776.8114829 0.0
613677737.080411 0.0
613509789.3256121 0.0
613341933.4715922 0.0
613174169.4429401 0.0
613006497.1643269 0.0
612838916.5605061 0.0
612671427.5563134 0.0
612504030.0766671 0.0
612336724.0465667 0.0
612169509.3910944 0.0
612002386.0354137 0.0
611835353.9047703 0.0
611668412.9244908 0.0
611501563.0199838 0.0
611334804.116739 0.0
611168136.1403279 0.0
611001559.0164024 0.0
610835072.6706958 0.0
610668677.0290223 0.0
610502372.0172768 0.0
610336157.5614352 0.0
610170033.5875534 0.0
610004000.0217688 0.0
609838056.7902981 0.0
609672203.8194387 0.0
609506441.0355685 0.0
609340768.3651447 0.0
609175185.7347051 0.0
609009693.0708671 0.0
608844290.3003275 0.0
608678977.3498634 0.0
608513754.1463308 0.0
608348620.6166655 0.0
608183576.6878822 0.0
608018622.2870752 0.0
607853757.3414173 0.0
607688981.7781608 0.0
607524295.524637 0.0
607359698.5082552 0.0
607195190.6565042 0.0
607030771.8969505 0.0
606866442.1572397 0.0
606702201.3650954 0.0
606538049.4483196 0.0
606373986.3347921 0.0
606210011.9524714 0.0
606046126.2293929 0.0
605882329.0936708 0.0
605718620.4734963 0.0
605555000.2971383 0.0
605391468.4929436 0.0
605228024.9893358 0.0
605064669.7148162 0.0
604901402.5979633 0.0
604738223.5674322 0.0
604575132.5519556 0.0
604412129.4803424 0.0
604249214.2814786 0.0
604086386.884327 0.0
603923647.2179267 0.0
603760995.2113935 0.0
603598430.7939192 0.0
603435953.894772 0.0
603273564.4432963 0.0
603111262.3689125 0.0
602949047.6011168 0.0
602786920.0694814 0.0
602624879.7036543 0.0
602462926.4333589 0.0
602301060.1883943 0.0
602139280.8986349 0.0
601977588.4940306 0.0
601815982.9046062 0.0
601654464.0604619 0.0
601493031.8917729 0.0
601331686.3287894 0.0
601170427.3018359 0.0
601009254.7413123 0.0
600848168.5776927 0.0
600687168.741526 0.0
600526255.1634351 0.0
600365427.7741176 0.0
600204686.5043454 0.0
600044031.2849641 0.0
599883462.0468935 0.0
599722978.7211275 0.0
599562581.2387336 0.0
599402269.5308532 0.0
599242043.528701 0.0
599081903.1635659 0.0
598921848.3668092 0.0
598761879.0698669 0.0
598601995.2042468 0.0
598442196.7015307 0.0
598282483.4933734 0.0
598122855.5115021 0.0
597963312.6877177 0.0
597803854.9538931 0.0
597644482.2419741 0.0
597485194.4839791 0.0
597325991.611999 0.0
597166873.5581969 0.0
597007840.2548083 0.0
596848891.6341407 0.0
596690027.628574 0.0
596531248.1705598 0.0
596372553.1926214 0.0
596213942.6273544 0.0
596055416.4074258 0.0
595896974.465574 0.0
595738616.7346092 0.0
595580343.1474131 0.0
595422153.6369383 0.0
595264048.1362089 0.0
595106026.57832 0.0
594948088.8964379 0.0
594790235.0237997 0.0
594632464.8937129 0.0
594474778.4395568 0.0
594317175.5947803 0.0
594159656.2929038 0.0
594002220.4675171 0.0
593844868.0522811 0.0
593687598.9809269 0.0
593530413.1872554 0.0
593373310.6051381 0.0
593216291.1685164 0.0
593059354.8114011 0.0
592902501.4678733 0.0
592745731.072084 0.0
592589043.558253 0.0
592432438.8606706 0.0
592275916.9136957 0.0
592119477.6517572 0.0
591963121.009353 0.0
591806846.9210503 0.0
591650655.3214849 0.0
591494546.1453623 0.0
591338519.3274564 0.0
591182574.8026097 0.0
591026712.5057342 0.0
590870932.37181 0.0
590715234.3358858 0.0
590559618.3330787 0.0
590404084.2985741 0.0
590248632.167626 0.0
590093261.8755561 0.0
589937973.3577545 0.0
589782766.5496793 0.0
589627641.3868563 0.0
589472597.8048793 0.0
589317635.7394098 0.0
589162755.1261767 0.0
589007955.9009769 0.0
588853237.9996743 0.0
588698601.3582003 0.0
588544045.912554 1.0
588389571.598801 1.0
588235178.3530746 1.0
588080866.1115746 1.0
587926634.8105682 1.0
587772484.3863889 1.0
587618414.7754378 1.0
587464425.9141818 1.0
587310517.739155 1.0
587156690.1869576 1.0
587002943.1942561 1.0
586849276.6977838 1.0
586695690.6343399 1.0
586542184.9407898 1.0
586388759.5540651 1.0
586235414.4111633 1.0
586082149.4491475 1.0
585928964.605147 1.0
585775859.8163565 1.0
585622835.0200367 1.0
585469890.1535134 1.0
585317025.1541783 1.0
585164239.9594882 1.0
585011534.506965 1.0
584858908.7341963 1.0
584706362.5788345 1.0
584553895.9785972 1.0
584401508.8712662 1.0
584249201.1946895 1.0
584096972.886779 1.0
583944823.8855113 1.0
583792754.1289278 1.0
583640763.5551344 1.0
583488852.1023015 1.0
583337019.7086636 1.0
583185266.3125198 1.0
583033591.8522333 1.0
582881996.2662313 1.0
582730479.4930049 1.0
582579041.4711095 1.0
582427682.1391641 1.0
582276401.4358517 1.0
582125199.2999184 1.0
581974075.6701747 1.0
581823030.4854944 1.0
581672063.6848141 1.0
581521175.2071347 1.0
581370364.9915197 1.0
581219632.9770961 1.0
581068979.1030539 1.0
580918403.3086463 1.0
580767905.5331893 1.0
580617485.7160617 1.0
580467143.7967054 1.0
580316879.7146244 1.0
580166693.4093863 1.0
580016584.8206201 1.0
579866553.888018 1.0
579716600.5513346 1.0
579566724.7503865 1.0
579416926.4250526 1.0
579267205.5152739 1.0
579117561.9610538 1.0
578967995.7024572 1.0
578818506.6796111 1.0
578669094.8327043 1.0
578519760.1019876 1.0
578370502.427773 1.0
578221321.7504346 1.0
578072218.0104076 1.0
577923191.1481885 1.0
577774241.1043355 1.0
577625367.8194681 1.0
577476571.234267 1.0
577327851.2894735 1.0
577179207.9258906 1.0
577030641.0843813 1.0
576882150.7058709 1.0
576733736.7313441 1.0
576585399.1018472 1.0
576437137.7584869 1.0
576288952.64243 1.0
576140843.6949047 1.0
575992810.8571986 1.0
575844854.0706605 1.0
575696973.276699 1.0
575549168.4167826 1.0
575401439.4324405 1.0
575253786.2652618 1.0
575106208.8568951 1.0
574958707.1490493 1.0
574811281.0834928 1.0
574663930.6020539 1.0
574516655.6466205 1.0
574369456.1591399 1.0
574222332.0816193 1.0
574075283.3561248 1.0
573928309.924782 1.0
573781411.7297759 1.0
573634588.7133507 1.0
573487840.8178092 1.0
573341167.9855139 1.0
573194570.1588861 1.0
573048047.2804053 1.0
572901599.2926108 1.0
572755226.1380998 1.0
572608927.7595288 1.0
572462704.0996125 1.0
572316555.1011238 1.0
572170480.7068949 1.0
572024480.8598156 1.0
571878555.5028342 1.0
571732704.5789573 1.0
571586928.0312496 1.0
571441225.8028336 1.0
571295597.8368902 1.0
571150044.0766577 1.0
571004564.4654328 1.0
570859158.9465697 1.0
570713827.4634799 1.0
570568569.9596334 1.0
570423386.3785566 1.0
570278276.6638345 1.0
570133240.7591087 1.0
569988278.6080784 1.0
569843390.1545 1.0
569698575.3421873 1.0
569553834.1150107 1.0
569409166.4168983 1.0
569264572.1918344 1.0
569120051.3838608 1.0
568975603.9370757 1.0
568831229.7956345 1.0
568686928.9037489 1.0
568542701.205687 1.0
568398546.6457741 1.0
568254465.1683912 1.0
568110456.7179763 1.0
567966521.2390232 1.0
567822658.6760824 1.0
567678868.9737604 1.0
567535152.0767194 1.0
567391507.9296782 1.0
567247936.4774113 1.0
567104437.6647491 1.0
566961011.4365778 1.0
566817657.7378395 1.0
566674376.5135314 1.0
566531167.7087072 1.0
566388031.2684753 1.0
566244967.1380002 1.0
566101975.2625014 1.0
565959055.5872537 1.0
565816208.0575874 1.0
565673432.6188878 1.0
565530729.2165954 1.0
565388097.7962058 1.0
565245538.3032694 1.0
565103050.6833915 1.0
564960634.8822323 1.0
564818290.8455068 1.0
564676018.5189849 1.0
564533817.8484908 1.0
564391688.7799032 1.0
564249631.2591556 1.0
564107645.2322357 1.0
563965730.6451857 1.0
563823887.4441018 1.0
563682115.5751349 1.0
563540414.9844896 1.0
563398785.6184249 1.0
563257227.4232534 1.0
563115740.3453422 1.0
562974324.3311118 1.0
562832979.3270366 1.0
562691705.279645 1.0
562550502.1355188 1.0
562409369.8412937 1.0
562268308.3436587 1.0
562127317.589356 1.0
561986397.5251819 1.0
561845548.0979854 1.0
561704769.2546692 1.0
561564060.9421891 1.0
561423423.1075538 1.0
561282855.6978252 1.0
561142358.6601185 1.0
561001931.9416013 1.0
560861575.4894946 1.0
560721289.2510718 1.0
560581073.1736592 1.0
560440927.204636 1.0
560300851.2914336 1.0
560160845.3815361 1.0
560020909.4224803 1.0
559881043.361855 1.0
559741247.1473017 1.0
559601520.7265139 1.0
559461864.0472375 1.0
559322277.0572708 1.0
559182759.7044635 1.0
559043311.9367179 1.0
558903933.7019881 1.0
558764624.9482799 1.0
558625385.6236511 1.0
558486215.6762116 1.0
558347115.0541223 1.0
558208083.7055961 1.0
558069121.5788976 1.0
557930228.6223426 1.0
557791404.7842985 1.0
557652650.0131842 1.0
557513964.2574695 1.0
557375347.4656761 1.0
557236799.5863762 1.0
557098320.5681937 1.0
556959910.3598031 1.0
556821568.9099301 1.0
556683296.1673512 1.0
556545092.0808941 1.0
556406956.599437 1.0
556268889.6719091 1.0
556130891.2472898 1.0
555992961.2746094 1.0
555855099.7029493 1.0
555717306.4814402 1.0
555579581.5592642 1.0
555441924.8856535 1.0
555304336.4098905 1.0
555166816.081308 1.0
555029363.8492887 1.0
554891979.6632657 1.0
554754663.472722 1.0
554617415.2271906 1.0
554480234.8762546 1.0
554343122.3695468 1.0
554206077.6567498 1.0
554069100.6875961 1.0
553932191.4118676 1.0
553795349.7793962 1.0
553658575.740063 1.0
553521869.2437986 1.0
553385230.2405837 1.0
553248658.6804476 1.0
553112154.5134691 1.0
552975717.6897764 1.0
552839348.1595471 1.0
552703045.8730073 1.0
552566810.7804327 1.0
552430642.832148 1.0
552294541.9785266 1.0
552158508.169991 1.0
552022541.3570123 1.0
551886641.4901108 1.0
551750808.5198549 1.0
551615042.3968621 1.0
551479343.0717986 1.0
551343710.4953787 1.0
551208144.6183654 1.0
551072645.3915702 1.0
550937212.7658529 1.0
550801846.6921214 1.0
550666547.121332 1.0
550531314.0044891 1.0
550396147.2926457 1.0
550261046.936902 1.0
550126012.8884069 1.0
549991045.0983567 1.0
549856143.5179962 1.0
549721308.0986174 1.0
549586538.7915606 1.0
549451835.5482135 1.0
549317198.3200114 1.0
549182627.0584373 1.0
549048121.7150218 1.0
548913682.241343 1.0
548779308.5890262 1.0
548645000.7097441 1.0
548510758.5552168 1.0
548376582.0772117 1.0
548242471.2275432 1.0
548108425.9580731 1.0
547974446.22071 1.0
547840531.9674094 1.0
547706683.1501743 1.0
547572899.7210537 1.0
547439181.6321447 1.0
547305528.83559 1.0
547171941.2835796 1.0
547038418.9283501 1.0
546904961.7221847 1.0
546771569.6174128 1.0
546638242.566411 1.0
546504980.5216018 1.0
546371783.4354542 1.0
546238651.2604837 1.0
546105583.9492519 1.0
545972581.4543666 1.0
545839643.7284818 1.0
545706770.7242976 1.0
545573962.3945602 1.0
545441218.6920617 1.0
545308539.5696403 1.0
545175924.9801799 1.0
545043374.8766102 1.0
544910889.2119068 1.0
544778467.9390908 1.0
544646111.0112293 1.0
544513818.3814349 1.0
544381590.0028656 1.0
544249425.8287245 1.0
544117325.8122612 1.0
543985289.9067698 1.0
543853318.0655899 1.0
543721410.2421066 1.0
543589566.3897498 1.0
543457786.4619949 1.0
543326070.4123627 1.0
543194418.1944182 1.0
543062829.7617722 1.0
542931305.0680798 1.0
542799844.0670415 1.0
542668446.7124023 1.0
542537112.9579523 1.0
542405842.757526 1.0
542274636.0650028 1.0
542143492.8343064 1.0
542012413.0194054 1.0
541881396.5743127 1.0
541750443.4530858 1.0
541619553.6098266 1.0
541488726.9986812 1.0
541357963.57384 1.0
541227263.2895379 1.0
541096626.1000535 1.0
540966051.9597102 1.0
540835540.822875 1.0
540705092.6439587 1.0
540574707.3774168 1.0
540444384.9777483 1.0
540314125.3994957 1.0
540183928.5972463 1.0
540053794.5256301 1.0
539923723.1393214 1.0
539793714.3930383 1.0
539663768.2415417 1.0
539533884.6396372 1.0
539404063.542173 1.0
539274304.9040409 1.0
539144608.6801765 1.0
539014974.8255583 1.0
538885403.2952082 1.0
538755894.0441915 1.0
538626447.0276167 1.0
538497062.2006351 1.0
538367739.5184416 1.0
538238478.9362733 1.0
538109280.4094115 1.0
537980143.8931793 1.0
537851069.3429431 1.0
537722056.7141123 1.0
537593105.9621389 1.0
537464217.0425175 1.0
537335389.9107858 1.0
537206624.5225235 1.0
537077920.8333533 1.0
536949278.7989403 1.0
536820698.37499213 1.0
536692179.5172589 1.0
536563722.18153274 1.0
536435326.32364833 1.0
536306991.8994828 1.0
536178718.86495507 1.0
536050507.1760267 1.0
535922356.7887009 1.0
535794267.6590233 1.0
535666239.7430812 1.0
535538272.99700433 1.0
535410367.3769638 1.0
535282522.8391731 1.0
535154739.33988714 1.0
535027016.8354025 1.0
534899355.2820581 1.0
534771754.63623387 1.0
534644214.85435176 1.0
534516735.8928751 1.0
534389317.7083086 1.0
534261960.2571986 1.0
534134663.4961329 1.0
534007427.3817407 1.0
533880251.8706924 1.0
533753136.91969967 1.0
533626082.4855153 1.0
533499088.5249335 1.0
533372154.9947894 1.0
533245281.85195935 1.0
533118469.0533605 1.0
532991716.5559513 1.0
532865024.31673074 1.0
532738392.2927391 1.0
532611820.44105697 1.0
532485308.7188063 1.0
532358857.0831494 1.0
532232465.4912891 1.0
532106133.9004695 1.0
531979862.2679746 1.0
531853650.5511295 1.0
531727498.7072994 1.0
531601406.6938899 1.0
531475374.46834743 1.0
531349401.9881583 1.0
531223489.2108493 1.0
531097636.09398764 1.0
530971842.5951805 1.0
530846108.67207515 1.0
530720434.2823593 1.0
530594819.3837604 1.0
530469263.9340461 1.0
530343767.8910238 1.0
530218331.21254116 1.0
530092953.8564855 1.0
529967635.7807838 1.0
529842376.9434032 1.0
529717177.3023502 1.0
529592036.8156713 1.0
529466955.4414522 1.0
529341933.1378188 1.0
529216969.862936 1.0
529092065.57500863 1.0
528967220.2322805 1.0
528842433.7930351 1.0
528717706.2155954 1.0
528593037.4583233 1.0
528468427.47962034 1.0
528343876.23792714 1.0
528219383.69172335 1.0
528094949.7995279 1.0
527970574.5198989 1.0
527846257.8114331 1.0
527721999.63276666 1.0
527597799.94257444 1.0
527473658.6995703 1.0
527349575.862507 1.0
527225551.3901758 1.0
527101585.2414072 1.0
526977677.37507 1.0
526853827.75007176 1.0
526730036.3253586 1.0
526606303.0599157 1.0
526482627.9127661 1.0
526359010.8429718 1.0
526235451.80963296 1.0
526111950.77188814 1.0
525988507.6889146 1.0
525865122.5199274 1.0
525741795.22418016 1.0
525618525.7609649 1.0
525495314.08961135 1.0
525372160.16948754 1.0
525249063.95999986 1.0
525126025.42059225 1.0
525003044.5107472 1.0
524880121.1899845 1.0
524757255.4178624 1.0
524634447.15397686 1.0
524511696.3579614 1.0
524389002.98948765 1.0
524266367.00826484 1.0
524143788.37403965 1.0
524021267.0465967 1.0
523898802.9857583 1.0
523776396.1513838 1.0
523654046.5033707 1.0
523531754.0016535 1.0
523409518.6062041 1.0
523287340.27703214 1.0
523165218.9741843 1.0
523043154.6577445 1.0
522921147.28783435 1.0
522799196.824612 1.0
522677303.2282734 1.0
522555466.4590511 1.0
522433686.477215 1.0
522311963.24307203 1.0
522190296.71696585 1.0
522068686.85927737 1.0
521947133.6304244 1.0
521825636.9908612 1.0
521704196.90107936 1.0
521582813.32160693 1.0
521461486.2130087 1.0
521340215.53588617 1.0
521219001.2508776 1.0
521097843.3186579 1.0
520976741.6999382 1.0
520855696.35546637 1.0
520734707.2460267 1.0
520613774.3324401 1.0
520492897.5755634 1.0
520372076.93629026 1.0
520251312.3755506 1.0
520130603.8543102 1.0
520009951.3335715 1.0
519889354.77437276 1.0
519768814.1377887 1.0
519648329.38492996 1.0
519527900.47694314 1.0
519407527.37501097 1.0
519287210.0403523 1.0
519166948.4342215 1.0
519046742.51790935 1.0
518926592.252742 1.0
518806497.6000815 1.0
518686458.52132595 1.0
518566474.9779087 1.0
518446546.9312994 1.0
518326674.34300274 1.0
518206857.17455935 1.0
518087095.3875451 1.0
517967388.94357187 1.0
517847737.8042865 1.0
517728141.93137145 1.0
517608601.28654486 1.0
517489115.83155966 1.0
517369685.5282046 1.0
517250310.3383033 1.0
517130990.223715 1.0
517011725.14633375 1.0
516892515.0680889 1.0
516773359.9509449 1.0
516654259.7569013 1.0
516535214.4479928 1.0
516416223.98628885 1.0
516297288.33389384 1.0
516178407.4529471 1.0
516059581.305623 1.0
515940809.85413045 1.0
515822093.0607135 1.0
515703430.8876507 1.0
515584823.2972553 1.0
515466270.25187516 1.0
515347771.71389294 1.0
515229327.6457258 1.0
515110938.0098254 1.0
514992602.768678 1.0
514874321.88480425 1.0
514756095.32075924 1.0
514637923.0391324 1.0
514519805.0025477 1.0
514401741.1736631 1.0
514283731.515171 1.0
514165775.98979807 1.0
514047874.5603052 1.0
513930027.18948734 1.0
513812233.8401735 1.0
513694494.4752268 1.0
513576809.0575444 1.0
513459177.55005753 1.0
513341599.9157312 1.0
513224076.1175646 1.0
513106606.11859065 1.0
512989189.8818759 1.0
512871827.37052107 1.0
512754518.5476603 1.0
512637263.37646186 1.0
512520061.8201272 1.0
512402913.8418919 1.0
512285819.4050247 1.0
512168778.4728283 1.0
512051791.0086387 1.0
511934856.9758254 1.0
511817976.33779156 1.0
511701149.0579734 1.0
511584375.0998407 1.0
511467654.4268967 1.0
511350987.0026779 1.0
511234372.7907539 1.0
511117811.75472766 1.0
511001303.85823506 1.0
510884849.0649457 1.0
510768447.33856153 1.0
510652098.6428184 1.0
510535802.94148463 1.0
510419560.1983615 1.0
510303370.3772838 1.0
510187233.4421185 1.0
510071149.35676616 1.0
509955118.0851596 1.0
509839139.59126484 1.0
509723213.83908063 1.0
509607340.79263824 1.0
509491520.41600186 1.0
509375752.67326826 1.0
509260037.5285668 1.0
509144374.9460593 1.0
509028764.88994044 1.0
508913207.32443726 1.0
508797702.21380943 1.0
508682249.52234864 1.0
508566849.2143794 1.0
508451501.2542584 1.0
508336205.6063746 1.0
508220962.2351495 1.0
508105771.10503674 1.0
507990632.180522 1.0
507875545.4261234 1.0
507760510.806391 1.0
507645528.2859071 1.0
507530597.8292861 1.0
507415719.4011743 1.0
507300892.96625006 1.0
507186118.4892239 1.0
507071395.93483794 1.0
506956725.26786643 1.0
506842106.45311534 1.0
506727539.4554226 1.0
506613024.23965764 1.0
506498560.770722 1.0
506384149.0135487 1.0
506269788.93310267 1.0
506155480.49438024 1.0
506041223.6624093 1.0
505927018.40224963 1.0
505812864.6789922 1.0
505698762.45775974 1.0
505584711.7037064 1.0
505470712.38201755 1.0
505356764.45791006 1.0
505242867.89663243 1.0
505129022.663464 1.0
505015228.72371584 1.0
504901486.0427299 1.0
504787794.5858796 1.0
504674154.31856966 1.0
504560565.2062354 1.0
504447027.2143439 1.0
504333540.3083929 1.0
504220104.45391124 1.0
504106719.61645883 1.0
503993385.7616266 1.0
503880102.8550364 1.0
503766870.8623409 1.0
503653689.7492238 1.0
503540559.4813993 1.0
503427480.0246128 1.0
503314451.3446401 1.0
503201473.40728796 1.0
503088546.17839396 1.0
502975669.62382597 1.0
502862843.7094828 1.0
502750068.4012935 1.0
502637343.66521823 1.0
502524669.4672471 1.0
502412045.773401 1.0
502299472.5497313 1.0
502186949.76231974 1.0
502074477.37727827 1.0
501962055.3607495 1.0
501849683.67890614 1.0
501737362.2979512 1.0
501625091.1841181 1.0
501512870.30367017 1.0
501400699.62290144 1.0
501288579.1081355 1.0
501176508.72572654 1.0
501064488.4420583 1.0
500952518.2235452 1.0
500840598.0366311 1.0
500728727.84779024 1.0
500616907.6235267 1.0
500505137.3303743 1.0
500393416.934897 1.0
500281746.40368843 1.0
500170125.7033722 1.0
500058554.8006014 1.0
499947033.6620591 1.0
499835562.2544582 1.0
499724140.544541 1.0
499612768.4990795 1.0
499501446.0848756 1.0
499390173.26876044 1.0
499278950.01759475 1.0
499167776.29826903 1.0
499056652.0777029 1.0
498945577.3228458 1.0
498834552.00067645 1.0
498723576.07820284 1.0
498612649.5224623 1.0
498501772.30052173 1.0
498390944.379477 1.0
498280165.72645354 1.0
498169436.30860585 1.0
498058756.0931175 1.0
497948125.04720145 1.0
497837543.1380996 1.0
497727010.3330832 1.0
497616526.5994522 1.0
497506091.9045358 1.0
497395706.2156921 1.0
497285369.50030833 1.0
497175081.72580045 1.0
497064842.8596136 1.0
496954652.8692214 1.0
496844511.7221264 1.0
496734419.3858604 1.0
496624375.8279832 1.0
496514381.0160842 1.0
496404434.9177809 1.0
496294537.5007195 1.0
496184688.7325752 1.0
496074888.58105147 1.0
495965137.0138806 1.0
495855433.9988232 1.0
495745779.5036688 1.0
495636173.4962348 1.0
495526615.9443676 1.0
495417106.8159417 1.0
495307646.0788603 1.0
495198233.70105463 1.0
495088869.6504843 1.0
494979553.8951375 1.0
494870286.4030304 1.0
494761067.1422076 1.0
494651896.08074176 1.0
494542773.1867337 1.0
494433698.4283124 1.0
494324671.7736352 1.0
494215693.19088703 1.0
494106762.64828146 1.0
493997880.11405957 1.0
493889045.55649066 1.0
493780258.94387203 1.0
493671520.2445287 1.0
493562829.4268139 1.0
493454186.4591084 1.0
493345591.30982095 1.0
493237043.9473881 1.0
493128544.3402743 1.0
493020092.4569714 1.0
492911688.26599944 1.0
492803331.7359057 1.0
492695022.8352652 1.0
492586761.53268087 1.0
492478547.79678285 1.0
492370381.59622926 1.0
492262262.89970535 1.0
492154191.675924 1.0
492046167.89362556 1.0
491938191.52157795 1.0
491830262.52857625 1.0
491722380.88344324 1.0
491614546.5550288 1.0
491506759.5122101 1.0
491399019.72389185 1.0
491291327.1590057 1.0
491183681.78651094 1.0
491076083.5753936 1.0
490968532.4946671 1.0
490861028.51337206 1.0
490753571.6005761 1.0
490646161.72537416 1.0
490538798.8568878 1.0
490431482.96426594 1.0
490324214.01668423 1.0
490216991.9833456 1.0
490109816.83347976 1.0
490002688.53634334 1.0
489895607.0612197 1.0
489788572.37741923 1.0
489681584.454279 1.0
489574643.26116294 1.0
489467748.7674619 1.0
489360900.94259304 1.0
489254099.7560007 1.0
489147345.17715544 1.0
489040637.1755549 1.0
488933975.72072285 1.0
488827360.7822102 1.0
488720792.32959384 1.0
488614270.3324775 1.0
488507794.76049143 1.0
488401365.58329225 1.0
488294982.7705631 1.0
488188646.29201347 1.0
488082356.1173792 1.0
487976112.2164224 1.0
487869914.5589317 1.0
487763763.11472195 1.0
487657657.85363436 1.0
487551598.7455361 1.0
487445585.76032084 1.0
487339618.8679081 1.0
487233698.038244 1.0
487127823.2413005 1.0
487021994.4470756 1.0
486916211.62559354 1.0
486810474.74690443 1.0
486704783.78108454 1.0
486599138.69823617 1.0
486493539.4684873 1.0
486387986.0619921 1.0
486282478.4489303 1.0
486177016.5995081 1.0
486071600.48395693 1.0
485966230.07253444 1.0
485860905.3355238 1.0
485755626.24323404 1.0
485650392.76599985 1.0
485545204.8741818 1.0
485440062.538166 1.0
485334965.7283643 1.0
485229914.41521394 1.0
485124908.569178 1.0
485019948.16074497 1.0
484915033.160429 1.0
484810163.53876966 1.0
484705339.266332 1.0
484600560.3137065 1.0
484495826.65150917 1.0
484391138.25038135 1.0
484286495.0809898 1.0
484181897.1140264 1.0
484077344.3202087 1.0
483972836.6702792 1.0
483868374.13500595 1.0
483763956.68518203 1.0
483659584.29162586 1.0
483555256.9251809 1.0
483450974.55671585 1.0
483346737.15712446 1.0
483242544.6973257 1.0
483138397.1482635 1.0
483034294.480907 1.0
482930236.6662502 1.0
482826223.675312 1.0
482722255.47913647 1.0
482618332.0487925 1.0
482514453.3553739 1.0
482410619.3699994 1.0
482306830.0638127 1.0
482203085.407982 1.0
482099385.3737005 1.0
481995729.9321863 1.0
481892119.05468214 1.0
481788552.71245533 1.0
481685030.8767979 1.0
481581553.5190269 1.0
481478120.6104837 1.0
481374732.12253433 1.0
481271388.0265695 1.0
481168088.2940043 1.0
481064832.89627856 1.0
480961621.8048565 1.0
480858454.99122685 1.0
480755332.42690295 1.0
480652254.08342236 1.0
480549219.932347 1.0
480446229.9452633 1.0
480343284.0937823 1.0
480240382.3495388 1.0
480137524.68419224 1.0
480034711.06942636 1.0
479931941.47694916 1.0
479829215.8784926 1.0
479726534.2458132 1.0
479623896.5506913 1.0
479521302.7649317 1.0
479418752.86036295 1.0
479316246.8088381 1.0
479213784.5822342 1.0
479111366.15245205 1.0
479008991.4914167 1.0
478906660.571077 1.0
478804373.3634061 1.0
478702129.84040076 1.0
478599929.9740818 1.0
478497773.73649406 1.0
478395661.099706 1.0
478293592.0358098 1.0
478191566.516922 1.0
478089584.51518244 1.0
477987646.00275487 1.0
477885750.9518267 1.0
477783899.3346092 1.0
477682091.1233374 1.0
477580326.2902696 1.0
477478604.80768824 1.0
477376926.6478989 1.0
477275291.783231 1.0
477173700.18603736 1.0
477072151.8286947 1.0
476970646.68360287 1.0
476869184.72318536 1.0
476767765.9198891 1.0
476666390.24618435 1.0
476565057.67456496 1.0
476463768.17754805 1.0
476362521.7276741 1.0
476261318.2975071 1.0
476160157.8596341 1.0
476059040.38666546 1.0
475957965.85123503 1.0
475856934.2259997 1.0
475755945.4836396 1.0
475654999.596858 1.0
475554096.5383816 1.0
475453236.2809598 1.0
475352418.79736555 1.0
475251644.0603946 1.0
475150912.0428659 1.0
475050222.71762127 1.0
474949576.05752563 1.0
474848972.03546715 1.0
474748410.6243567 1.0
474647891.7971281 1.0
474547415.5267381 1.0
474446981.7861663 1.0
474346590.5484153 1.0
474246241.78651065 1.0
474145935.4735003 1.0
474045671.5824554 1.0
473945450.0864697 1.0
473845270.95865977 1.0
473745134.1721647 1.0
473645039.7001466 1.0
473544987.51579016 1.0
473444977.5923024 1.0
473345009.9029134 1.0
473245084.42087567 1.0
473145201.1194644 1.0
473045359.9719771 1.0
472945560.951734 1.0
472845804.0320778 1.0
472746089.18637365 1.0
472646416.3880092 1.0
472546785.61039466 1.0
472447196.8269624 1.0
472347650.0111674 1.0
472248145.13648677 1.0
472148682.1764203 1.0
472049261.1044898 1.0
471949881.89423954 1.0
471850544.519236 1.0
471751248.95306796 1.0
471651995.1693464 1.0
471552783.1417044 1.0
471453612.84379745 1.0
471354484.24930304 1.0
471255397.3319207 1.0
471156352.0653723 1.0
471057348.4234016 1.0
470958386.3797747 1.0
470859465.9082794 1.0
470760586.98272574 1.0
470661749.57694554 1.0
470562953.66479295 1.0
470464199.22014356 1.0
470365486.2168956 1.0
470266814.6289685 1.0
470168184.4303039 1.0
470069595.59486514 1.0
469971048.0966377 1.0
469872541.9096286 1.0
469774077.00786674 1.0
469675653.36540276 1.0
469577270.95630896 1.0
469478929.75467956 1.0
469380629.73463035 1.0
469282370.8702988 1.0
469184153.13584405 1.0
469085976.5054468 1.0
468987840.9533094 1.0
468889746.4536559 1.0
468791692.98073184 1.0
468693680.50880414 1.0
468595709.0121615 1.0
468497778.46511376 1.0
468399888.8419926 1.0
468302040.1171511 1.0
468204232.2649635 1.0
468106465.2598257 1.0
468008739.07615477 1.0
467911053.6883895 1.0
467813409.07098943 1.0
467715805.1984361 1.0
467618242.0452317 1.0
467520719.5859003 1.0
467423237.7949866 1.0
467325796.64705706 1.0
467228396.1166991 1.0
467131036.1785213 1.0
467033716.8071534 1.0
466936437.97724634 1.0
466839199.6634721 1.0
466742001.84052396 1.0
466644844.4831161 1.0
466547727.56598365 1.0
466450651.06388295 1.0
466353614.95159125 1.0
466256619.20390683 1.0
466159663.79564893 1.0
466062748.7016578 1.0
465965873.89679444 1.0
465869039.3559408 1.0
465772245.05399984 1.0
465675490.9658952 1.0
465578777.0665714 1.0
465482103.3309939 1.0
465385469.7341488 1.0
465288876.25104296 1.0
465192322.85670406 1.0
465095809.5261806 1.0
464999336.23454154 1.0
464902902.9568767 1.0
464806509.6682964 1.0
464710156.3439318 1.0
464613842.9589345 1.0
464517569.48847693 1.0
464421335.90775186 1.0
464325142.1919727 1.0
464228988.3163733 1.0
464132874.2562081 1.0
464036799.98675215 1.0
463940765.48330086 1.0
463844770.72117 1.0
463748815.6756958 1.0
463652900.322235 1.0
463557024.6361647 1.0
463461188.5928824 1.0
463365392.16780555 1.0
463269635.33637255 1.0
463173918.0740416 1.0
463078240.3562915 1.0
462982602.1586211 1.0
462887003.4565495 1.0
462791444.2256162 1.0
462695924.4413806 1.0
462600444.0794225 1.0
462505003.1153419 1.0
462409601.52475876 1.0
462314239.2833132 1.0
462218916.3666654 1.0
462123632.7504958 1.0
462028388.4105046 1.0
461933183.3224122 1.0
461838017.46195906 1.0
461742890.80490553 1.0
461647803.32703185 1.0
461552755.00413835 1.0
461457745.81204534 1.0
461362775.72659284 1.0
461267844.72364086 1.0
461172952.7790692 1.0
461078099.86877775 1.0
460983285.9686858 1.0
460888511.054733 1.0
460793775.10287815 1.0
460699078.0891003 1.0
460604419.989398 1.0
460509800.7797895 1.0
460415220.4363131 1.0
460320678.9350264 1.0
460226176.2520068 1.0
460131712.3633512 1.0
460037287.2451765 1.0
459942900.87361866 1.0
459848553.2248337 1.0
459754244.27499706 1.0
459659974.0003035 1.0
459565742.3769675 1.0
459471549.3812231 1.0
459377394.98932374 1.0
459283279.17754227 1.0
459189201.92217094 1.0
459095163.1995216 1.0
459001162.98592544 1.0
458907201.25773287 1.0
458813277.99131393 1.0
458719393.1630578 1.0
458625546.749373 1.0
458531738.72668743 1.0
458437969.0714481 1.0
458344237.76012164 1.0
458250544.76919365 1.0
458156890.07516897 1.0
458063273.65457153 1.0
457969695.4839448 1.0
457876155.53985107 1.0
457782653.79887193 1.0
457689190.23760813 1.0
457595764.8326795 1.0
457502377.56072474 1.0
457409028.3984019 1.0
457315717.3223881 1.0
457222444.3093792 1.0
457129209.33609027 1.0
457036012.37925535 1.0
456942853.4156274 1.0
456849732.4219785 1.0
456756649.37509936 1.0
456663604.2517998 1.0
456570597.0289085 1.0
456477627.683273 1.0
456384696.1917597 1.0
456291802.53125393 1.0
456198946.6786597 1.0
456106128.6108998 1.0
456013348.3049158 1.0
455920605.7376682 1.0
455827900.8861362 1.0
455735233.72731745 1.0
455642604.2382286 1.0
455550012.39590484 1.0
455457458.1774002 1.0
455364941.5597869 1.0
455272462.52015644 1.0
455180021.0356185 1.0
455087617.0833012 1.0
454995250.64035165 1.0
454902921.68393534 1.0
454810630.1912363 1.0
454718376.139457 1.0
454626159.50581837 1.0
454533980.2675599 1.0
454441838.40193963 1.0
454349733.8862338 1.0
454257666.69773734 1.0
454165636.81376344 1.0
454073644.2116436 1.0
453981688.8687277 1.0
453889770.7623841 1.0
453797889.86999947 1.0
453706046.16897863 1.0
453614239.6367448 1.0
453522470.2507394 1.0
453430737.9884223 1.0
453339042.8272713 1.0
453247384.7447826 1.0
453155763.7184707 1.0
453064179.725868 1.0
452972632.74452513 1.0
452881122.75201106 1.0
452789649.7259128 1.0
452698213.6438354 1.0
452606814.48340195 1.0
452515452.2222536 1.0
452424126.83804977 1.0
452332838.3084677 1.0
452241586.6112028 1.0
452150371.72396827 1.0
452059193.6244954 1.0
451968052.2905334 1.0
451876947.6998496 1.0
451785879.8302291 1.0
451694848.6594748 1.0
451603854.1654076 1.0
451512896.32586634 1.0
451421975.11870766 1.0
451331090.521806 1.0
451240242.5130536 1.0
451149431.07036054 1.0
451058656.17165464 1.0
450967917.79488146 1.0
450877215.91800445 1.0
450786550.5190047 1.0
450695921.5758809 1.0
450605329.06664956 1.0
450514772.96934474 1.0
450424253.2620183 1.0
450333769.92273974 1.0
450243322.929596 1.0
450152912.2606918 1.0
450062537.8941493 1.0
449972199.80810845 1.0
449881897.98072636 1.0
449791632.39017814 1.0
449701403.01465607 1.0
449611209.83237 1.0
449521052.82154727 1.0
449430931.9604328 1.0
449340847.22728896 1.0
449250798.6003952 1.0
449160786.0580488 1.0
449070809.57856405 1.0
448980869.1402729 1.0
448890964.72152466 1.0
448801096.3006859 1.0
448711263.8561404 1.0
448621467.3662893 1.0
448531706.80955106 1.0
448441982.16436154 1.0
448352293.40917367 1.0
448262640.5224576 1.0
448173023.4827009 1.0
448083442.268408 1.0
447993896.85810095 1.0
447904387.2303186 1.0
447814913.3636171 1.0
447725475.2365698 1.0
447636072.8277669 1.0
447546706.115816 1.0
447457375.0793416 1.0
447368079.6969854 1.0
447278819.94740605 1.0
447189595.80927914 1.0
447100407.26129746 1.0
447011254.2821706 1.0
446922136.85062534 1.0
446833054.9454054 1.0
446744008.5452712 1.0
446654997.62900037 1.0
446566022.1753872 1.0
446477082.16324306 1.0
446388177.5713962 1.0
446299308.37869155 1.0
446210474.5639911 1.0
446121676.1061736 1.0
446032912.9841344 1.0
445944185.17678607 1.0
445855492.66305757 1.0
445766835.4218947 1.0
445678213.43226016 1.0
445589626.67313325 1.0
445501075.12351 1.0
445412558.7624032 1.0
445324077.5688422 1.0
445235631.52187306 1.0
445147220.6005584 1.0
445058844.7839777 1.0
444970504.05122685 1.0
444882198.38141847 1.0
444793927.7536816 1.0
444705692.14716184 1.0
444617491.5410216 1.0
444529325.9144395 1.0
444441195.2466108 1.0
444353099.51674736 1.0
444265038.70407736 1.0
444177012.7878454 1.0
444089021.7473127 1.0
444001065.561757 1.0
443913144.21047217 1.0
443825257.67276853 1.0
443737405.92797273 1.0
443649588.9554283 1.0
443561806.7344944 1.0
443474059.24454695 1.0
443386346.46497816 1.0
443298668.37519634 1.0
443211024.9546262 1.0
443123416.18270874 1.0
443035842.0389013 1.0
442948302.5026773 1.0
442860797.5535265 1.0
442773327.17095464 1.0
442685891.334484 1.0
442598490.0236526 1.0
442511123.21801513 1.0
442423790.8971419 1.0
442336493.0406198 1.0
442249229.6280514 1.0
442162000.6390557 1.0
442074806.05326784 1.0
441987645.8503386 1.0
441900520.0099351 1.0
441813428.51174027 1.0
441726371.33545345 1.0
441639348.4607898 1.0
441552359.8674803 1.0
441465405.53527194 1.0
441378485.44392776 1.0
441291599.5732267 1.0
441204747.9029636 1.0
441117930.41294926 1.0
441031147.0830104 1.0
440944397.8929894 1.0
440857682.8227446 1.0
440771001.8521504 1.0
440684354.96109676 1.0
440597742.12948954 1.0
440511163.3372503 1.0
440424618.5643165 1.0
440338107.7906415 1.0
440251630.996194 1.0
440165188.1609588 1.0
440078779.26493627 1.0
439992404.2881425 1.0
439906063.21060914 1.0
439819756.01238376 1.0
439733482.6735295 1.0
439647243.174125 1.0
439561037.4942647 1.0
439474865.6140585 1.0
439388727.513632 1.0
439302623.1731263 1.0
439216552.5726981 1.0
439130515.69251984 1.0
439044512.5127792 1.0
438958543.0136793 1.0
438872607.1754392 1.0
438786704.9782931 1.0
438700836.40249085 1.0
438615001.4282975 1.0
438529200.0359939 1.0
438443432.20587605 1.0
438357697.91825545 1.0
438271997.1534591 1.0
438186329.8918292 1.0
438100696.1137234 1.0
438015095.79951465 1.0
437929528.9295914 1.0
437843995.48435736 1.0
437758495.4442314 1.0
437673028.7896478 1.0
437587595.501056 1.0
437502195.55892104 1.0
437416828.9437227 1.0
437331495.6359564 1.0
437246195.6161327 1.0
437160928.8647772 1.0
437075695.36243075 1.0
436990495.08964944 1.0
436905328.0270046 1.0
436820194.15508246 1.0
436735093.4544845 1.0
436650025.9058274 1.0
436564991.4897429 1.0
436479990.18687767 1.0
436395021.97789365 1.0
436310086.8434677 1.0
436225184.7642918 1.0
436140315.72107285 1.0
436055479.6945329 1.0
435970676.665409 1.0
435885906.61445314 1.0
435801169.5224321 1.0
435716465.3701278 1.0
435631794.1383371 1.0
435547155.8078718 1.0
435462550.35955846 1.0
435377977.77423877 1.0
435293438.032769 1.0
435208931.1160207 1.0
435124457.00487965 1.0
435040015.6802472 1.0
434955607.12303895 1.0
434871231.3141855 1.0
434786888.2346324 1.0
434702577.86533976 1.0
434618300.1872826 1.0
434534055.1814506 1.0
434449842.82884824 1.0
434365663.11049455 1.0
434281516.0074235 1.0
434197401.50068367 1.0
434113319.57133836 1.0
434029270.20046544 1.0
433945253.3691575 1.0
433861269.0585216 1.0
433777317.24967974 1.0
433693397.92376834 1.0
433609511.06193835 1.0
433525656.64535546 1.0
433441834.65519977 1.0
433358045.07266605 1.0
433274287.8789636 1.0
433190563.05531615 1.0
433106870.5829621 1.0
433023210.44315416 1.0
432939582.6171596 1.0
432855987.0862602 1.0
432772423.83175224 1.0
432688892.8349463 1.0
432605394.07716745 1.0
432521927.53975517 1.0
432438493.20406336 1.0
432355091.05146015 1.0
432271721.06332844 1.0
432188383.22106504 1.0
432105077.5060814 1.0
432021803.89980304 1.0
431938562.38367003 1.0
431855352.93913674 1.0
431772175.5476716 1.0
431689030.1907575 1.0
431605916.8498916 1.0
431522835.5065852 1.0
431439786.1423639 1.0
431356768.73876756 1.0
431273783.2773501 1.0
431190829.73967975 1.0
431107908.10733885 1.0
431025018.36192405 1.0
430942160.4850461 1.0
430859334.4583297 1.0
430776540.26341385 1.0
430693777.8819515 1.0
430611047.2956101 1.0
430528348.4860706 1.0
430445681.43502855 1.0
430363046.12419325 1.0
430280442.53528804 1.0
430197870.6500505 1.0
430115330.45023197 1.0
430032821.917598 1.0
429950345.03392804 1.0
429867899.78101546 1.0
429785486.14066774 1.0
429703104.0947061 1.0
429620753.62496597 1.0
429538434.7132965 1.0
429456147.3415607 1.0
429373891.4916357 1.0
429291667.14541227 1.0
429209474.2847952 1.0
429127312.89170325 1.0
429045182.94806874 1.0
428963084.4358379 1.0
428881017.33697087 1.0
428798981.63344157 1.0
428716977.3072377 1.0
428635004.34036076 1.0
428553062.7148259 1.0
428471152.41266215 1.0
428389273.4159122 1.0
428307425.70663244 1.0
428225609.2668931 1.0
428143824.07877797 1.0
428062070.1243847 1.0
427980347.3858243 1.0
427898655.84522176 1.0
427816995.4847156 1.0
427735366.2864579 1.0
427653768.23261446 1.0
427572201.30536455 1.0
427490665.48690116 1.0
427409160.7594309 1.0
427327687.1051739 1.0
427246244.5063637 1.0
427164832.9452476 1.0
427083452.4040862 1.0
427002102.8651538 1.0
426920784.31073815 1.0
426839496.7231406 1.0
426758240.0846758 1.0
426677014.3776718 1.0
426595819.58447033 1.0
426514655.6874265 1.0
426433522.6689088 1.0
426352420.511299 1.0
426271349.1969926 1.0
426190308.7083981 1.0
426109299.0279377 1.0
426028320.1380469 1.0
425947372.0211744 1.0
425866454.6597822 1.0
425785568.03634584 1.0
425704712.13335407 1.0
425623886.933309 1.0
425543092.41872597 1.0
425462328.57213354 1.0
425381595.37607354 1.0
425300892.8131012 1.0
425220220.86578476 1.0
425139579.5167059 1.0
425058968.7484594 1.0
424978388.54365325 1.0
424897838.8849086 1.0
424817319.75485975 1.0
424736831.13615435 1.0
424656373.011453 1.0
424575945.3634294 1.0
424495548.1747706 1.0
424415181.4281766 1.0
424334845.1063604 1.0
424254539.19204843 1.0
424174263.66797984 1.0
424094018.51690704 1.0
424013803.72159535 1.0
423933619.2648232 1.0
423853465.1293822 1.0
423773341.29807675 1.0
423693247.7537243 1.0
423613184.47915524 1.0
423533151.45721316 1.0
423453148.6707543 1.0
423373176.10264814 1.0
423293233.73577696 1.0
423213321.5530359 1.0
423133439.53733313 1.0
423053587.6715896 1.0
422973765.9387394 1.0
422893974.32172924 1.0
422814212.8035187 1.0
422734481.3670804 1.0
422654779.9953997 1.0
422575108.6714747 1.0
422495467.3783165 1.0
422415856.09894896 1.0
422336274.8164086 1.0
422256723.51374465 0.0
422177202.17401946 0.0
422097710.78030795 0.0
422018249.3156977 0.0
421938817.7632892 0.0
421859416.1061954 0.0
421780044.3275421 0.0
421700702.41046804 0.0
421621390.3381243 0.0
421542108.09367466 0.0
421462855.6602958 0.0
421383633.02117676 0.0
421304440.1595195 0.0
421225277.0585384 0.0
421146143.7014605 0.0
421067040.07152545 0.0
420987966.1519855 0.0
420908921.92610556 0.0
420829907.37716305 0.0
420750922.4884478 0.0
420671967.24326235 0.0
420593041.6249217 0.0
420514145.61675346 0.0
420435279.2020975 0.0
420356442.3643066 0.0
420277635.08674574 0.0
420198857.3527924 0.0
420120109.1458364 0.0
420041390.44928026 0.0
419962701.24653894 0.0
419884041.5210396 0.0
419805411.25622195 0.0
419726810.43553805 0.0
419648239.04245245 0.0
419569697.0604419 0.0
419491184.4729958 0.0
419412701.2636156 0.0
419334247.41581523 0.0
419255822.91312104 0.0
419177427.73907155 0.0
419099061.8772177 0.0
419020725.31112266 0.0
418942418.0243619 0.0
418864140.0005232 0.0
418785891.2232066 0.0
418707671.67602414 0.0
418629481.3426007 0.0
418551320.20657283 0.0
418473188.25158954 0.0
418395085.46131194 0.0
418317011.81941336 0.0
418238967.30957955 0.0
418160951.915508 0.0
418082965.62090874 0.0
418005008.40950364 0.0
417927080.2650271 0.0
417849181.17122525 0.0
417771311.1118566 0.0
417693470.0706916 0.0
417615658.03151286 0.0
417537874.978115 0.0
417460120.894305 0.0
417382395.76390153 0.0
417304699.5707356 0.0
417227032.29864997 0.0
417149393.9314996 0.0
417071784.45315146 0.0
416994203.8474845 0.0
416916652.0983898 0.0
416839129.18977016 0.0
416761635.1055405 0.0
416684169.82962763 0.0
416606733.34597045 0.0
416529325.63851964 0.0
416451946.691238 0.0
416374596.4880999 0.0
416297275.013092 0.0
416219982.25021255 0.0
416142718.183472 0.0
416065482.79689234 0.0
415988276.07450765 0.0
415911098.00036365 0.0
415833948.5585181 0.0
415756827.7330405 0.0
415679735.50801224 0.0
415602671.8675264 0.0
415525636.7956879 0.0
415448630.27661335 0.0
415371652.2944313 0.0
415294702.8332821 0.0
415217781.87731755 0.0
415140889.4107015 0.0
415064025.4176094 0.0
414987189.8822284 0.0
414910382.7887573 0.0
414833604.12140685 0.0
414756853.8643992 0.0
414680132.0019682 0.0
414603438.5183596 0.0
414526773.3978306 0.0
414450136.6246501 0.0
414373528.1830987 0.0
414296948.05746835 0.0
414220396.23206294 0.0
414143872.6911978 0.0
414067377.4191999 0.0
413990910.40040773 0.0
413914471.61917144 0.0
413838061.0598526 0.0
413761678.70682436 0.0
413685324.54447144 0.0
413608998.5571903 0.0
413532700.7293884 0.0
413456431.04548526 0.0
413380189.48991144 0.0
413303976.04710937 0.0
413227790.70153254 0.0
413151633.4376463 0.0
413075504.23992723 0.0
412999403.0928633 0.0
412923329.98095405 0.0
412847284.88871044 0.0
412771267.80065477 0.0
412695278.7013207 0.0
412619317.5752534 0.0
412543384.40700924 0.0
412467479.18115616 0.0
412391601.88227326 0.0
412315752.49495125 0.0
412239931.00379187 0.0
412164137.39340836 0.0
412088371.6484252 0.0
412012633.7534782 0.0
411936923.69321465 0.0
411861241.4522927 0.0
411785587.0153822 0.0
411709960.3671639 0.0
411634361.4923301 0.0
411558790.37558424 0.0
411483247.001641 0.0
411407731.35522616 0.0
411332243.4210768 0.0
411256783.18394125 0.0
411181350.62857896 0.0
411105945.73976064 0.0
411030568.5022681 0.0
410955218.9008943 0.0
410879896.9204433 0.0
410804602.5457304 0.0
410729335.7615821 0.0
410654096.5528359 0.0
410578884.9043403 0.0
410503700.8009551 0.0
410428544.2275512 0.0
410353415.16901034 0.0
410278313.61022556 0.0
410203239.53610075 0.0
410128192.93155116 0.0
410053173.7815028 0.0
409978182.0708927 0.0
409903217.78466916 0.0
409828280.90779126 0.0
409753371.4252292 0.0
409678489.32196385 0.0
409603634.5829877 0.0
409528807.1933036 0.0
409454007.1379256 0.0
409379234.4018788 0.0
409304488.970199 0.0
409229770.82793295 0.0
409155079.96013856 0.0
409080416.3518845 0.0
409005779.98825026 0.0
408931170.85432637 0.0
408856588.93521404 0.0
408782034.2160256 0.0
408707506.681884 0.0
408633006.3179232 0.0
408558533.1092878 0.0
408484087.0411336 0.0
408409668.09862673 0.0
408335276.26694447 0.0
408260911.5312749 0.0
408186573.87681675 0.0
408112263.28877956 0.0
408037979.7523835 0.0
407963723.25285983 0.0
407889493.7754504 0.0
407815291.3054077 0.0
407741115.82799506 0.0
407666967.32848644 0.0
407592845.79216653 0.0
407518751.20433086 0.0
407444683.5502855 0.0
407370642.8153473 0.0
407296628.98484373 0.0
407222642.0441128 0.0
407148681.97850335 0.0
407074748.7733749 0.0
407000842.41409737 0.0
406926962.88605154 0.0
406853110.17462856 0.0
406779284.26523054 0.0
406705485.1432697 0.0
406631712.7941694 0.0
406557967.2033631 0.0
406484248.3562951 0.0
406410556.23842 0.0
406336890.8352033 0.0
406263252.1321208 0.0
406189640.1146589 0.0
406116054.7683144 0.0
406042496.07859474 0.0
405968964.0310179 0.0
405895458.6111121 0.0
405821979.80441636 0.0
405748527.59648 0.0
405675101.9728628 0.0
405601702.91913486 0.0
405528330.42087704 0.0
405454984.46368045 0.0
405381665.0331466 0.0
405308372.1148874 0.0
405235105.69452524 0.0
405161865.757693 0.0
405088652.2900336 0.0
405015465.27720064 0.0
404942304.70485806 0.0
404869170.55868006 0.0
404796062.8243511 0.0
404722981.48756623 0.0
404649926.5340308 0.0
404576897.9494602 0.0
404503895.7195804 0.0
404430919.8301275 0.0
404357970.266848 0.0
404285047.0154987 0.0
404212150.0618466 0.0
404139279.391669 0.0
404066434.9907534 0.0
403993616.8448976 0.0
403920824.9399097 0.0
403848059.2616079 0.0
403775319.79582065 0.0
403702606.5283866 0.0
403629919.4451546 0.0
403557258.53198385 0.0
403484623.7747436 0.0
403412015.15931314 0.0
403339432.67158216 0.0
403266876.2974503 0.0
403194346.0228274 0.0
403121841.8336336 0.0
403049363.71579903 0.0
402976911.6552639 0.0
402904485.6379786 0.0
402832085.64990354 0.0
402759711.6770092 0.0
402687363.7052765 0.0
402615041.72069585 0.0
402542745.70926815 0.0
402470475.6570041 0.0
402398231.5499248 0.0
402326013.3740609 0.0
402253821.1154535 0.0
402181654.7601535 0.0
402109514.2942217 0.0
402037399.7037292 0.0
401965310.9747569 0.0
401893248.0933958 0.0
401821211.04574674 0.0
401749199.8179205 0.0
401677214.396038 0.0
401605254.76622987 0.0
401533320.91463697 0.0
401461412.8274098 0.0
401389530.490709 0.0
401317673.890705 0.0
401245843.013578 0.0
401174037.8455184 0.0
401102258.3727263 0.0
401030504.5814117 0.0
400958776.45779455 0.0
400887073.9881044 0.0
400815397.15858096 0.0
400743745.95547354 0.0
400672120.36504155 0.0
400600520.37355393 0.0
400528945.9672895 0.0
400457397.13253707 0.0
400385873.8555951 0.0
400314376.12277186 0.0
400242903.92038536 0.0
400171457.23476344 0.0
400100036.05224365 0.0
400028640.35917336 0.0
399957270.1419095 0.0
399885925.38681906 0.0
399814606.0802785 0.0
399743312.20867413 0.0
399672043.75840175 0.0
399600800.7158671 0.0
399529583.0674856 0.0
399458390.7996821 0.0
399387223.8988915 0.0
399316082.3515581 0.0
399244966.14413583 0.0
399173875.2630885 0.0
399102809.6948894 0.0
399031769.4260215 0.0
398960754.4429772 0.0
398889764.73225886 0.0
398818800.2803781 0.0
398747861.07385653 0.0
398676947.099225 0.0
398606058.343024 0.0
398535194.7918037 0.0
398464356.43212384 0.0
398393543.25055355 0.0
398322755.2336718 0.0
398251992.3680667 0.0
398181254.6403362 0.0
398110542.0370877 0.0
398039854.544938 0.0
397969192.1505136 0.0
397898554.8404503 0.0
397827942.60139346 0.0
397757355.41999793 0.0
397686793.28292805 0.0
397616256.17685765 0.0
397545744.0884699 0.0
397475257.00445753 0.0
397404794.9115225 0.0
397334357.79637647 0.0
397263945.64574033 0.0
397193558.4463446 0.0
397123196.18492895 0.0
397052858.8482425 0.0
396982546.42304385 0.0
396912258.8961009 0.0
396841996.254191 0.0
396771758.4841008 0.0
396701545.57262635 0.0
396631357.5065729 0.0
396561194.27275527 0.0
396491055.85799736 0.0
396420942.24913263 0.0
396350853.43300366 0.0
396280789.39646244 0.0
396210750.1263702 0.0
396140735.60959744 0.0
396070745.83302414 0.0
396000780.7835393 0.0
395930840.4480412 0.0
395860924.81343746 0.0
395791033.866645 0.0
395721167.5945899 0.0
395651325.9842075 0.0
395581509.02244234 0.0
395511716.6962481 0.0
395441948.99258775 0.0
395372205.8984335 0.0
395302487.4007667 0.0
395232793.48657787 0.0
395163124.14286673 0.0
395093479.35664207 0.0
395023859.114922 0.0
394954263.40473366 0.0
394884692.2131133 0.0
394815145.52710646 0.0
394745623.33376765 0.0
394676125.62016064 0.0
394606652.3733581 0.0
394537203.580442 0.0
394467779.2285034 0.0
394398379.3046422 0.0
394329003.79596764 0.0
394259652.6895979 0.0
394190325.97266036 0.0
394121023.63229126 0.0
394051745.655636 0.0
393982492.029849 0.0
393913262.7420937 0.0
393844057.77954245 0.0
393774877.1293769 0.0
393705720.77878743 0.0
393636588.71497357 0.0
393567480.9251437 0.0
393498397.3965153 0.0
393429338.1163149 0.0
393360303.07177776 0.0
393291292.25014824 0.0
393222305.6386796 0.0
393153343.22463423 0.0
393084404.9952831 0.0
393015490.9379065 0.0
392946601.0397933 0.0
392877735.2882415 0.0
392808893.67055786 0.0
392740076.174058 0.0
392671282.78606683 0.0
392602513.49391764 0.0
392533768.2849529 0.0
392465047.14652365 0.0
392396350.0659901 0.0
392327677.0307211 0.0
392259028.0280946 0.0
392190403.045497 0.0
392121802.0703239 0.0
392053225.08997935 0.0
391984672.0918765 0.0
391916143.0634373 0.0
391847637.9920923 0.0
391779156.8652809 0.0
391710699.6704514 0.0
391642266.3950607 0.0
391573857.02657473 0.0
391505471.5524679 0.0
391437109.9602234 0.0
391368772.2373333 0.0
391300458.37129825 0.0
391232168.34962773 0.0
391163902.15984 0.0
391095659.7894619 0.0
391027441.2260291 0.0
390959246.45708567 0.0
390891075.4701847 0.0
390822928.2528879 0.0
390754804.7927655 0.0
390686705.0773966 0.0
390618629.0943687 0.0
390550576.83127815 0.0
390482548.2757299 0.0
390414543.41533756 0.0
390346562.2377233 0.0
390278604.73051786 0.0
390210670.88136077 0.0
390142760.6779 0.0
390074874.10779226 0.0
390007011.15870273 0.0
389939171.8183052 0.0
389871356.074282 0.0
389803563.9143242 0.0
389735795.32613117 0.0
389668050.2974111 0.0
389600328.8158805 0.0
389532630.86926454 0.0
389464956.4452969 0.0
389397305.53171974 0.0
389329678.11628383 0.0
389262074.1867483 0.0
389194493.73088104 0.0
389126936.736458 0.0
389059403.19126415 0.0
388991893.0830924 0.0
388924406.39974463 0.0
388856943.1290308 0.0
388789503.2587696 0.0
388722086.7767878 0.0
388654693.67092115 0.0
388587323.92901343 0.0
388519977.53891695 0.0
388452654.4884925 0.0
388385354.765609 0.0
388318078.35814434 0.0
388250825.2539842 0.0
388183595.4410232 0.0
388116388.9071638 0.0
388049205.6403173 0.0
387982045.628403 0.0
387914908.8593489 0.0
387847795.3210911 0.0
387780705.0015741 0.0
387713637.8887509 0.0
387646593.9705826 0.0
387579573.2350388 0.0
387512575.6700974 0.0
387445601.2637445 0.0
387378650.0039745 0.0
387311721.87879026 0.0
387244816.8762027 0.0
387177934.98423135 0.0
387111076.1909038 0.0
387044240.48425585 0.0
386977427.85233164 0.0
386910638.2831836 0.0
386843871.7648724 0.0
386777128.2854668 0.0
386710407.8330441 0.0
386643710.39568955 0.0
386577035.96149665 0.0
386510384.5185673 0.0
386443756.0550114 0.0
386377150.55894715 0.0
386310568.0185008 0.0
386244008.4218071 0.0
386177471.7570086 0.0
386110958.0122563 0.0
386044467.17570925 0.0
385977999.23553455 0.0
385911554.1799077 0.0
385845131.9970121 0.0
385778732.6750393 0.0
385712356.20218927 0.0
385646002.56666976 0.0
385579671.7566968 0.0
385513363.7604945 0.0
385447078.56629497 0.0
385380816.16233855 0.0
385314576.5368736 0.0
385248359.6781567 0.0
385182165.57445216 0.0
385115994.2140327 0.0
385049845.585179 0.0
384983719.6761795 0.0
384917616.4753313 0.0
384851535.970939 0.0
384785478.15131533 0.0
384719443.0047812 0.0
384653430.5196654 0.0
384587440.68430495 0.0
384521473.4870446 0.0
384455528.9162371 0.0
384389606.96024334 0.0
384323707.60743225 0.0
384257830.84618044 0.0
384191976.6648729 0.0
384126145.0519022 0.0
384060335.99566907 0.0
383994549.484582 0.0
383928785.5070577 0.0
383863044.05152076 0.0
383797325.10640335 0.0
383731628.66014606 0.0
383665954.70119697 0.0
383600303.21801233 0.0
383534674.19905627 0.0
383469067.6328007 0.0
383403483.5077254 0.0
383337921.81231815 0.0
383272382.5350745 0.0
383206865.664498 0.0
383141371.18909997 0.0
383075899.09739953 0.0
383010449.3779238 0.0
382945022.0192075 0.0
382879617.0097934 0.0
382814234.338232 0.0
382748873.99308175 0.0
382683535.96290874 0.0
382618220.2362869 0.0
382552926.801798 0.0
382487655.64803153 0.0
382422406.76358503 0.0
382357180.1370634 0.0
382291975.75707966 0.0
382226793.61225444 0.0
382161633.6912161 0.0
382096495.9826009 0.0
382031380.4750528 0.0
381966287.1572233 0.0
381901216.0177718 0.0
381836167.0453655 0.0
381771140.22867924 0.0
381706135.5563956 0.0
381641153.0172047 0.0
381576192.59980464 0.0
381511254.292901 0.0
381446338.08520705 0.0
381381443.9654439 0.0
381316571.9223403 0.0
381251721.9446325 0.0
381186894.0210645 0.0
381122088.14038813 0.0
381057304.2913625 0.0
380992542.46275485 0.0
380927802.6433395 0.0
380863084.8218988 0.0
380798388.9872227 0.0
380733715.12810844 0.0
380669063.2333613 0.0
380604433.2917939 0.0
380539825.2922265 0.0
380475239.22348684 0.0
380410675.07441056 0.0
380346132.8338406 0.0
380281612.49062765 0.0
380217114.0336297 0.0
380152637.4517126 0.0
380088182.73374957 0.0
380023749.86862135 0.0
379959338.8452164 0.0
379894949.6524306 0.0
379830582.27916735 0.0
379766236.7143375 0.0
379701912.94685954 0.0
379637610.9656595 0.0
379573330.75967073 0.0
379509072.31783414 0.0
379444835.6290983 0.0
379380620.68241894 0.0
379316427.4667596 0.0
379252255.9710911 0.0
379188106.18439174 0.0
379123978.0956473 0.0
379059871.6938508 0.0
378995786.9680032 0.0
378931723.9071126 0.0
378867682.5001944 0.0
378803662.7362715 0.0
378739664.6043744 0.0
378675688.0935409 0.0
378611733.1928161 0.0
378547799.8912526 0.0
378483888.17791045 0.0
378419998.041857 0.0
378356129.472167 0.0
378292282.4579226 0.0
378228456.98821324 0.0
378164653.0521358 0.0
378100870.63879454 0.0
378037109.73730093 0.0
377973370.33677405 0.0
377909652.4263399 0.0
377845955.9951323 0.0
377782281.032292 0.0
377718627.5269673 0.0
377654995.4683136 0.0
377591384.8454938 0.0
377527795.64767814 0.0
377464227.864044 0.0
377400681.4837761 0.0
377337156.49606633 0.0
377273652.8901141 0.0
377210170.6551259 0.0
377146709.7803155 0.0
377083270.25490415 0.0
377019852.06812 0.0
376956455.20919865 0.0
376893079.66738284 0.0
376829725.4319228 0.0
376766392.4920756 0.0
376703080.8371058 0.0
376639790.4562851 0.0
376576521.33889246 0.0
376513273.4742139 0.0
376450046.8515428 0.0
376386841.46017957 0.0
376323657.2894319 0.0
376260494.3286147 0.0
376197352.56705004 0.0
376134231.9940671 0.0
376071132.5990022 0.0
376008054.3711989 0.0
375944997.3000077 0.0
375881961.3747866 0.0
375818946.58490056 0.0
375755952.9197215 0.0
375692980.3686287 0.0
375630028.92100847 0.0
375567098.5662542 0.0
375504189.29376644 0.0
375441301.0929529 0.0
375378433.9532283 0.0
375315587.86401427 0.0
375252762.8147399 0.0
375189958.7948411 0.0
375127175.793761 0.0
375064413.80094963 0.0
375001672.8058642 0.0
374938952.7979689 0.0
374876253.766735 0.0
374813575.70164084 0.0
374750918.5921718 0.0
374688282.42782027 0.0
374625667.1980856 0.0
374563072.8924742 0.0
374500499.5004995 0.0
374437947.01168203 0.0
374375415.41554916 0.0
374312904.70163536 0.0
374250414.859482 0.0
374187945.87863755 0.0
374125497.74865735 0.0
374063070.4591038 0.0
374000663.99954623 0.0
373938278.35956085 0.0
373875913.5287309 0.0
373813569.49664664 0.0
373751246.25290513 0.0
373688943.7871105 0.0
373626662.0888737 0.0
373564401.1478126 0.0
373502160.953552 0.0
373439941.4957238 0.0
373377742.76396656 0.0
373315564.7479259 0.0
373253407.43725425 0.0
373191270.8216108 0.0
373129154.8906621 0.0
373067059.634081 0.0
373004985.04154754 0.0
372942931.10274863 0.0
372880897.807378 0.0
372818885.14513606 0.0
372756893.1057303 0.0
372694921.6788751 0.0
372632970.85429144 0.0
372571040.62170726 0.0
372509130.97085726 0.0
372447241.89148325 0.0
372385373.37333345 0.0
372323525.40616316 0.0
372261697.9797343 0.0
372199891.0838157 0.0
372138104.70818293 0.0
372076338.8426185 0.0
372014593.47691166 0.0
371952868.60085815 0.0
371891164.2042608 0.0
371829480.2769291 0.0
371767816.8086793 0.0
371706173.7893344 0.0
371644551.20872414 0.0
371582949.0566851 0.0
371521367.32306045 0.0
371459805.99770004 0.0
371398265.0704608 0.0
371336744.531206 0.0
371275244.3698058 0.0
371213764.576137 0.0
371152305.1400832 0.0
371090866.05153465 0.0
371029447.3003883 0.0
370968048.8765477 0.0
370906670.76992315 0.0
370845312.97043175 0.0
370783975.4679969 0.0
370722658.2525492 0.0
370661361.3140255 0.0
370600084.64236945 0.0
370538828.2275313 0.0
370477592.05946803 0.0
370416376.1281432 0.0
370355180.42352694 0.0
370294004.9355961 0.0
370232849.6543341 0.0
370171714.5697311 0.0
370110599.6717836 0.0
370049504.95049506 0.0
