450301204.81927705 0.0
450210770.905381 0.0
450120373.30784637 0.0
450030012.00480187 0.0
449939686.97439355 0.0
449849398.194785 0.0
449759145.6441575 0.0
449668929.3007096 0.0
449578749.1426577 0.0
449488605.1482353 0.0
449398497.2956935 0.0
449308425.5633009 0.0
449218389.9293435 0.0
449128390.3721245 0.0
449038426.8699647 0.0
448948499.4012023 0.0
448858607.94419277 0.0
448768752.4773088 0.0
448678932.97894055 0.0
448589149.4274954 0.0
448499401.80139804 0.0
448409690.0790904 0.0
448320014.2390317 0.0
448230374.2596984 0.0
448140770.11958396 0.0
448051201.7971994 0.0
447961669.2710726 0.0
447872172.51974887 0.0
447782711.5217904 0.0
447693286.2557764 0.0
447603896.70030385 0.0
447514542.8339861 0.0
447425224.6354538 0.0
447335942.08335495 0.0
447246695.1563541 0.0
447157483.83313316 0.0
447068308.092391 0.0
446979167.9128433 0.0
446890063.27322304 0.0
446800994.15227985 0.0
446711960.5287804 0.0
446622962.3815083 0.0
446533999.68926406 0.0
446445072.43086505 0.0
446356180.58514553 0.0
446267324.13095665 0.0
446178503.04716635 0.0
446089717.31265944 0.0
446000966.9063374 0.0
445912251.80711865 0.0
445823571.9939384 0.0
445734927.4457483 0.0
445646318.1415172 0.0
445557744.06023043 0.0
445469205.18088996 0.0
445380701.48251456 0.0
445292232.9441396 0.0
445203799.5448172 0.0
445115401.263616 0.0
445027038.0796213 0.0
444938709.97193515 0.0
444850416.91967595 0.0
444762158.9019788 0.0
444673935.89799535 0.0
444585747.8868938 0.0
444497594.8478587 0.0
444409476.7600915 0.0
444321393.6028096 0.0
444233345.3552475 0.0
444145331.99665564 0.0
444057353.50630105 0.0
443969409.8634673 0.0
443881501.04745424 0.0
443793627.0375781 0.0
443705787.8131717 0.0
443617983.3535839 0.0
443530213.6381802 0.0
443442478.6463423 0.0
443354778.357468 0.0
443267112.75097185 0.0
443179481.8062843 0.0
443091885.5028521 0.0
443004323.8201385 0.0
442916796.7376228 0.0
442829304.23480046 0.0
442741846.2911833 0.0
442654422.8862991 0.0
442567033.999692 0.0
442479679.6109222 0.0
442392359.6995662 0.0
442305074.2452163 0.0
442217823.22748125 0.0
442130606.62598556 0.0
442043424.42037016 0.0
441956276.5902917 0.0
441869163.11542296 0.0
441782083.9754529 0.0
441695039.1500864 0.0
441608028.61904436 0.0
441521052.3620636 0.0
441434110.35889673 0.0
441347202.5893128 0.0
441260329.03309625 0.0
441173489.6700476 0.0
441086684.47998357 0.0
440999913.44273645 0.0
440913176.53815436 0.0
440826473.7461015 0.0
440739805.0464577 0.0
440653170.4191188 0.0
440566569.8439962 0.0
440480003.30101734 0.0
440393470.7701253 0.0
440306972.23127896 0.0
440220507.66445285 0.0
440134077.0496374 0.0
440047680.36683846 0.0
439961317.596078 0.0
439874988.7173932 0.0
439788693.71083736 0.0
439702432.5564791 0.0
439616205.2344029 0.0
439530011.7247085 0.0
439443852.00751173 0.0
439357726.0629437 0.0
439271633.871151 0.0
439185575.4122962 0.0
439099550.6665569 0.0
439013559.6141267 0.0
438927602.2352144 0.0
438841678.51004434 0.0
438755788.41885644 0.0
438669931.941906 0.0
438584109.0594638 0.0
438498319.75181615 0.0
438412563.9992646 0.0
438326841.7821263 0.0
438241153.0807336 0.0
438155497.87543434 0.0
438069876.1465918 0.0
437984287.8745843 0.0
437898733.0398058 0.0
437813211.62266564 0.0
437727723.6035881 0.0
437642268.96301293 0.0
437556847.68139535 0.0
437471459.7392054 0.0
437386105.11692876 0.0
437300783.79506624 0.0
437215495.75413364 0.0
437130240.9746623 0.0
437045019.4371985 0.0
436959831.1223037 0.0
436874676.01055473 0.0
436789554.0825432 0.0
436704465.31887615 0.0
436619409.70017564 0.0
436534387.2070787 0.0
436449397.8202377 0.0
436364441.5203198 0.0
436279518.2880074 0.0
436194628.10399777 0.0
436109770.94900334 0.0
436024946.80375147 0.0
435940155.6489847 0.0
435855397.4654602 0.0
435770672.23395026 0.0
435685979.93524235 0.0
435601320.55013853 0.0
435516694.0594559 0.0
435432100.4440266 0.0
435347539.6846974 0.0
435263011.76233023 0.0
435178516.6578016 0.0
435094054.35200316 0.0
435009624.8258411 0.0
434925228.0602366 0.0
434840864.0361256 0.0
434756532.7344589 0.0
434672234.1362019 0.0
434587968.22233504 0.0
434503734.97385323 0.0
434419534.37176615 0.0
434335366.3970984 0.0
434251231.03088903 0.0
434167128.254192 0.0
434083058.0480758 0.0
433999020.3936236 0.0
433915015.2719333 0.0
433831042.66411734 0.0
433747102.55130273 0.0
433663194.9146312 0.0
433579319.7352592 0.0
433495476.9943573 0.0
433411666.6731112 0.0
433327888.7527206 0.0
433244143.21440023 0.0
433160430.03937906 0.0
433076749.20890045 0.0
432993100.70422256 0.0
432909484.5066179 0.0
432825900.59737337 0.0
432742348.9577904 0.0
432658829.5691848 0.0
432575342.4128868 0.0
432491887.4702412 0.0
432408464.72260684 0.0
432325074.1513574 0.0
432241715.73788065 0.0
432158389.4635786 0.0
432075095.30986786 0.0
431991833.25817925 0.0
431908603.2899579 0.0
431825405.38666314 0.0
431742239.5297688 0.0
431659105.70076287 0.0
431576003.8811475 0.0
431492934.0524393 0.0
431409896.19616884 0.0
431326890.2938811 0.0
431243916.32713515 0.0
431160974.2775044 0.0
431078064.1265763 0.0
430995185.85595244 0.0
430912339.4472487 0.0
430829524.882095 0.0
430746742.1421352 0.0
430663991.20902765 0.0
430581272.0644444 0.0
430498584.69007206 0.0
430415929.06761074 0.0
430333305.178775 0.0
430250713.0052933 0.0
430168152.52890813 0.0
430085623.7313759 0.0
430003126.5944672 0.0
429920661.0999665 0.0
429838227.22967243 0.0
429755824.9653972 0.0
429673454.28896713 0.0
429591115.18222266 0.0
429508807.627018 0.0
429426531.6052211 0.0
429344287.09871405 0.0
429262074.0893928 0.0
429179892.5591671 0.0
429097742.48996043 0.0
429015623.8637102 0.0
428933536.6623679 0.0
428851480.8678984 0.0
428769456.4622805 0.0
428687463.42750704 0.0
428605501.74558437 0.0
428523571.3985326 0.0
428441672.36838585 0.0
428359804.6371915 0.0
428277968.1870111 0.0
428196162.9999198 0.0
428114389.0580061 0.0
428032646.3433727 0.0
427950934.8381357 0.0
427869254.5244248 0.0
427787605.38438344 0.0
427705987.40016866 0.0
427624400.5539511 0.0
427542844.82791495 0.0
427461320.2042582 0.0
427379826.6651923 0.0
427298364.1929421 0.0
427216932.7697461 0.0
427135532.3778566 0.0
427054162.999539 0.0
426972824.6170724 0.0
426891517.2127495 0.0
426810240.7688763 0.0
426728995.26777244 0.0
426647780.691771 0.0
426566597.0232182 0.0
426485444.2444743 0.0
426404322.3379123 0.0
426323231.2859191 0.0
426242171.0708948 0.0
426161141.6752529 0.0
426080143.0814203 0.0
425999175.27183723 0.0
425918238.2289573 0.0
425837331.9352473 0.0
425756456.3731876 0.0
425675611.5252718 0.0
425594797.37400657 0.0
425514013.90191215 0.0
425433261.09152186 0.0
425352538.92538244 0.0
425271847.3860537 0.0
425191186.4561086 0.0
425110556.11813384 0.0
425029956.3547287 0.0
424949387.14850605 0.0
424868848.4820917 0.0
424788340.3381249 0.0
424707862.69925773 0.0
424627415.54815567 0.0
424546998.8674971 0.0
424466612.6399739 0.0
424386256.8482906 0.0
424305931.4751653 0.0
424225636.5033287 0.0
424145371.9155248 0.0
424065137.69451076 0.0
423984933.8230565 0.0
423904760.2839454 0.0
423824617.0599734 0.0
423744504.1339498 0.0
423664421.4886966 0.0
423584369.10704905 0.0
423504346.97185516 0.0
423424355.0659761 0.0
423344393.3722858 0.0
423264461.8736712 0.0
423184560.5530322 0.0
423104689.39328164 0.0
423024848.3773451 0.0
422945037.48816115 0.0
422865256.7086812 0.0
422785506.02186954 0.0
422705785.4107034 0.0
422626094.85817266 0.0
422546434.34728026 0.0
422466803.86104167 0.0
422387203.38248533 0.0
422307632.89465255 0.0
422228092.3805972 0.0
422148581.823386 0.0
422069101.2060986 0.0
421989650.5118272 0.0
421910229.7236766 0.0
421830838.82476467 0.0
421751477.7982217 0.0
421672146.6271909 0.0
421592845.2948278 0.0
421513573.78430104 0.0
421434332.0787917 0.0
421355120.1614934 0.0
421275938.0156126 0.0
421196785.62436825 0.0
421117662.9709919 0.0
421038570.03872776 0.0
420959506.8108327 0.0
420880473.270576 0.0
420801469.40123963 0.0
420722495.186118 0.0
420643550.60851806 0.0
420564635.65175956 0.0
420485750.2991743 0.0
420406894.5341069 0.0
420328068.33991456 0.0
420249271.69996655 0.0
420170504.5976451 0.0
420091767.01634455 0.0
420013058.93947166 0.0
419934380.350446 0.0
419855731.23269916 0.0
419777111.56967527 0.0
419698521.34483105 0.0
419619960.5416353 0.0
419541429.14356935 0.0
419462927.13412696 0.0
419384454.496814 0.0
419306011.215149 0.0
419227597.27266264 0.0
419149212.65289783 0.0
419070857.33941007 0.0
418992531.3157669 0.0
418914234.56554806 0.0
418835967.0723459 0.0
418757728.81976485 0.0
418679519.7914215 0.0
418601339.9709449 0.0
418523189.341976 0.0
418445067.88816833 0.0
418366975.59318745 0.0
418288912.44071096 0.0
418210878.41442895 0.0
418132873.49804336 0.0
418054897.6752686 0.0
417976950.929831 0.0
417899033.2454691 0.0
417821144.6059336 0.0
417743284.99498725 0.0
417665454.3964049 0.0
417587652.7939735 0.0
417509880.17149216 0.0
417432136.51277196 0.0
417354421.80163604 0.0
417276736.02191967 0.0
417199079.15747 0.0
417121451.19214636 0.0
417043852.10982 0.0
416966281.8943742 0.0
416888740.5297043 0.0
416811227.99971735 0.0
416733744.28833276 0.0
416656289.3794816 0.0
416578863.25710696 0.0
416501465.90516394 0.0
416424097.3076194 0.0
416346757.4484523 0.0
416269446.31165344 0.0
416192163.8812254 0.0
416114910.14118284 0.0
416037685.07555205 0.0
415960488.66837126 0.0
415883320.90369064 0.0
415806181.76557213 0.0
415729071.23808956 0.0
415651989.30532837 0.0
415574935.9513861 0.0
415497911.1603717 0.0
415420914.91640633 0.0
415343947.2036225 0.0
415267008.0061648 0.0
415190097.3081895 0.0
415113215.0938644 0.0
415036361.3473693 0.0
414959536.05289555 0.0
414882739.19464624 0.0
414805970.7568362 0.0
414729230.7236917 0.0
414652519.0794511 0.0
414575835.80836415 0.0
414499180.89469224 0.0
414422554.3227085 0.0
414345956.0766976 0.0
414269386.1409558 0.0
414192844.49979115 0.0
414116331.1375232 0.0
414039846.03848296 0.0
413963389.18701315 0.0
413886960.56746805 0.0
413810560.1642134 0.0
413734187.96162665 0.0
413657843.9440965 0.0
413581528.09602344 0.0
413505240.40181947 0.0
413428980.8459078 0.0
413352749.4127235 0.0
413276546.0867128 0.0
413200370.85233366 0.0
413124223.6940553 0.0
413048104.59635836 0.0
412972013.54373527 0.0
412895950.5206894 0.0
412819915.51173586 0.0
412743908.5014011 0.0
412667929.4742229 0.0
412591978.4147504 0.0
412516055.30754423 0.0
412440160.1371763 0.0
412364292.8882299 0.0
412288453.5452997 0.0
412212642.0929916 0.0
412136858.51592284 0.0
412061102.79872215 0.0
411985374.9260292 0.0
411909674.88249534 0.0
411834002.65278304 0.0
411758358.22156584 0.0
411682741.5735289 0.0
411607152.6933684 0.0
411531591.5657917 0.0
411456058.1755177 0.0
411380552.5072761 0.0
411305074.54580814 0.0
411229624.27586603 0.0
411154201.6822135 0.0
411078806.74962497 0.0
411003439.46288645 0.0
410928099.8067948 0.0
410852787.7661583 0.0
410777503.325796 0.0
410702246.4705386 0.0
410627017.1852275 0.0
410551815.45471525 0.0
410476641.26386565 0.0
410401494.5975534 0.0
410326375.44066447 0.0
410251283.7780958 0.0
410176219.59475523 0.0
410101182.875562 0.0
410026173.60544616 0.0
409951191.7693486 0.0
409876237.35222167 0.0
409801310.3390283 0.0
409726410.7147426 0.0
409651538.46434975 0.0
409576693.57284576 0.0
409501876.0252377 0.0
409427085.8065435 0.0
409352322.90179205 0.0
409277587.29602325 0.0
409202878.97428787 0.0
409128197.9216474 0.0
409053544.1231748 0.0
408978917.56395334 0.0
408904318.22907734 0.0
408829746.1036521 0.0
408755201.17279375 0.0
408680683.42162925 0.0
408606192.83529633 0.0
408531729.39894366 0.0
408457293.0977308 0.0
408382883.91682786 0.0
408308501.841416 0.0
408234146.85668707 0.0
408159818.94784373 0.0
408085518.1000994 0.0
408011244.2986782 0.0
407936997.52881527 0.0
407862777.7757562 0.0
407788585.02475744 0.0
407714419.26108605 0.0
407640280.47002006 0.0
407566168.6368479 0.0
407492083.7468689 0.0
407418025.78539306 0.0
407343994.73774105 0.0
407269990.58924407 0.0
407196013.3252442 0.0
407122062.93109393 0.0
407048139.39215666 0.0
406974242.6938061 0.0
406900372.8214268 0.0
406826529.760414 0.0
406752713.49617326 0.0
406678924.014121 0.0
406605161.29968405 0.0
406531425.3382998 0.0
406457716.1154163 0.0
406384033.61649203 0.0
406310377.82699627 0.0
406236748.73240864 0.0
406163146.3182192 0.0
406089570.56992865 0.0
406016021.4730482 0.0
405942499.0130995 0.0
405869003.1756147 0.0
405795533.94613653 0.0
405722091.310218 0.0
405648675.2534227 0.0
405575285.7613246 0.0
405501922.8195082 0.0
405428586.4135683 0.0
405355276.5291103 0.0
405281993.1517498 0.0
405208736.267113 0.0
405135505.86083627 0.0
405062301.9185666 0.0
404989124.4259612 0.0
404915973.36868757 0.0
404842848.73242384 0.0
404769750.5028582 0.0
404696678.66568935 0.0
404623633.2066263 0.0
404550614.1113882 0.0
404477621.3657047 0.0
404404654.95531577 0.0
404331714.8659714 0.0
404258801.08343214 0.0
404185913.59346884 0.0
404113052.3818622 0.0
404040217.4344038 0.0
403967408.73689485 0.0
403894626.2751471 0.0
403821870.03498256 0.0
403749140.00223327 0.0
403676436.16274166 0.0
403603758.5023603 0.0
403531107.0069518 0.0
403458481.6623892 0.0
403385882.4545556 0.0
403313309.36934406 0.0
403240762.3926581 0.0
403168241.5104112 0.0
403095746.708527 0.0
403023277.97293943 0.0
402950835.2895922 0.0
402878418.6444394 0.0
402806028.0234451 0.0
402733663.4125835 0.0
402661324.79783875 0.0
402589012.1652054 0.0
402516725.50068766 0.0
402444464.7903 0.0
402372230.0200669 0.0
402300021.17602295 0.0
402227838.2442126 0.0
402155681.2106904 0.0
402083550.0615209 0.0
402011444.7827786 0.0
401939365.36054814 0.0
401867311.780924 0.0
401795284.0300107 0.0
401723282.09392256 0.0
401651305.9587841 0.0
401579355.61072946 0.0
401507431.0359032 0.0
401435532.22045934 0.0
401363659.1505619 0.0
401291811.8123852 0.0
401219990.19211286 0.0
401148194.2759388 0.0
401076424.0500667 0.0
401004679.5007101 0.0
400932960.61409247 0.0
400861267.376447 0.0
400789599.7740169 0.0
400717957.7930551 0.0
400646341.41982436 0.0
400574750.6405972 0.0
400503185.4416562 0.0
400431645.80929345 0.0
400360131.72981095 0.0
400288643.1895206 0.0
400217180.1747439 0.0
400145742.6718121 0.0
400074330.66706645 0.0
400002944.14685756 0.0
399931583.0975462 0.0
399860247.5055027 0.0
399788937.35710686 0.0
399717652.6387487 0.0
399646393.3368275 0.0
399575159.4377524 0.0
399503950.9279423 0.0
399432767.79382575 0.0
399361610.0218408 0.0
399290477.5984354 0.0
399219370.51006705 0.0
399148288.74320287 0.0
399077232.28431964 0.0
399006201.11990374 0.0
398935195.2364512 0.0
398864214.6204678 0.0
398793259.25846857 0.0
398722329.1369785 0.0
398651424.242532 0.0
398580544.561673 0.0
398509690.0809551 0.0
398438860.78694135 0.0
398368056.6662046 0.0
398297277.705327 0.0
398226523.89090014 0.0
398155795.2095255 0.0
398085091.6478138 0.0
398014413.1923854 0.0
397943759.82987 0.0
397873131.546907 0.0
397802528.33014506 0.0
397731950.1662426 0.0
397661397.0418672 0.0
397590868.9436962 0.0
397520365.8584161 0.0
397449887.7727229 0.0
397379434.67332226 0.0
397309006.54692906 0.0
397238603.3802677 0.0
397168225.16007185 0.0
397097871.87308466 0.0
397027543.50605875 0.0
396957240.04575604 0.0
396886961.47894776 0.0
396816707.79241467 0.0
396746478.97294676 0.0
396676275.00734335 0.0
396606095.88241327 0.0
396535941.5849745 0.0
396465812.1018545 0.0
396395707.41988987 0.0
396325627.5259266 0.0
396255572.4068201 0.0
396185542.04943496 0.0
396115536.440645 0.0
396045555.5673334 0.0
395975599.4163926 0.0
395905667.97472423 0.0
395835761.2292392 0.0
395765879.16685784 0.0
395696021.77450955 0.0
395626189.03913283 0.0
395556380.9476756 0.0
395486597.487095 0.0
395416838.6443572 0.0
395347104.4064377 0.0
395277394.76032114 0.0
395207709.69300145 0.0
395138049.19148153 0.0
395068413.2427736 0.0
394998801.8338989 0.0
394929214.951888 0.0
394859652.58378047 0.0
394790114.71662486 0.0
394720601.3374793 0.0
394651112.43341064 0.0
394581647.99149495 0.0
394512207.9988174 0.0
394442792.4424722 0.0
394373401.30956274 0.0
394304034.5872014 0.0
394234692.26250976 0.0
394165374.32261825 0.0
394096080.75466657 0.0
394026811.5458032 0.0
393957566.6831859 0.0
393888346.15398127 0.0
393819149.9453652 0.0
393749978.04452217 0.0
393680830.4386461 0.0
393611707.1149396 0.0
393542608.06061435 0.0
393473533.26289105 0.0
393404482.70899945 0.0
393335456.3861781 0.0
393266454.2816744 0.0
393197476.3827451 0.0
393128522.6766555 0.0
393059593.15068007 0.0
392990687.79210216 0.0
392921806.5882138 0.0
392852949.52631634 0.0
392784116.59371966 0.0
392715307.7777427 0.0
392646523.06571335 0.0
392577762.4449682 0.0
392509025.9028529 0.0
392440313.4267218 0.0
392371625.00393814 0.0
392302960.6218741 0.0
392234320.26791054 0.0
392165703.92943734 0.0
392097111.59385306 0.0
392028543.24856514 0.0
391959998.88098973 0.0
391891478.478552 0.0
391822982.0286856 0.0
391754509.51883316 0.0
391686060.9364462 0.0
391617636.2689847 0.0
391549235.50391763 0.0
391480858.6287227 0.0
391412505.6308862 0.0
391344176.4979034 1.0
391275871.21727806 1.0
391207589.7765228 1.0
391139332.163159 1.0
391071098.36471665 1.0
391002888.3687344 1.0
390934702.1627598 1.0
390866539.7343488 1.0
390798401.0710662 1.0
390730286.1604855 1.0
390662194.9901887 1.0
390594127.5477668 1.0
390526083.8208189 1.0
390458063.7969533 1.0
390390067.46378654 1.0
390322094.8089439 1.0
390254145.82005936 1.0
390186220.4847755 1.0
390118318.7907433 1.0
390050440.7256226 1.0
389982586.2770817 1.0
389914755.4327975 1.0
389846948.1804554 1.0
389779164.5077495 1.0
389711404.40238225 1.0
389643667.852065 1.0
389575954.84451735 1.0
389508265.3674674 1.0
389440599.408652 1.0
389372956.9558164 1.0
389305337.99671435 1.0
389237742.51910806 1.0
389170170.5107684 1.0
389102621.9594747 1.0
389035096.8530145 1.0
388967595.17918426 1.0
388900116.9257886 1.0
388832662.08064055 1.0
388765230.63156176 1.0
388697822.5663824 1.0
388630437.87294084 1.0
388563076.5390842 1.0
388495738.5526676 1.0
388428423.9015549 1.0
388361132.57361835 1.0
388293864.5567384 1.0
388226619.83880407 1.0
388159398.40771276 1.0
388092200.2513702 1.0
388025025.3576905 1.0
387957873.7145962 1.0
387890745.31001806 1.0
387823640.13189536 1.0
387756558.1681755 1.0
387689499.4068145 1.0
387622463.8357765 1.0
387555451.44303405 1.0
387488462.21656805 1.0
387421496.1443676 1.0
387354553.2144301 1.0
387287633.41476136 1.0
387220736.73337543 1.0
387153863.1582946 1.0
387087012.67754954 1.0
387020185.27917904 1.0
386953380.95123017 1.0
386886599.6817584 1.0
386819841.45882726 1.0
386753106.2705086 1.0
386686394.10488254 1.0
386619704.95003736 1.0
386553038.79406965 1.0
386486395.625084 1.0
386419775.4311935 1.0
386353178.2005191 1.0
386286603.9211902 1.0
386220052.58134425 1.0
386153524.16912705 1.0
386087018.67269224 1.0
386020536.0802019 1.0
385954076.37982625 1.0
385887639.5597434 1.0
385821225.60813993 1.0
385754834.5132103 1.0
385688466.2631573 1.0
385622120.84619164 1.0
385555798.2505323 1.0
385489498.4644062 1.0
385423221.4760485 1.0
385356967.2737024 1.0
385290735.84561914 1.0
385224527.1800582 1.0
385158341.26528686 1.0
385092178.0895807 1.0
385026037.64122325 1.0
384959919.9085061 1.0
384893824.87972885 1.0
384827752.5431992 1.0
384761702.8872328 1.0
384695675.9001534 1.0
384629671.5702927 1.0
384563689.8859905 1.0
384497730.8355945 1.0
384431794.40746033 1.0
384365880.5899519 1.0
384299989.37144065 1.0
384234120.7403065 1.0
384168274.68493694 1.0
384102451.19372755 1.0
384036650.2550819 1.0
383970871.8574115 1.0
383905115.98913574 1.0
383839382.63868195 1.0
383773671.7944855 1.0
383707983.44498944 1.0
383642317.57864505 1.0
383576674.1839112 1.0
383511053.24925494 1.0
383445454.763151 1.0
383379878.7140819 1.0
383314325.0905385 1.0
383248793.881019 1.0
383183285.07402986 1.0
383117798.65808517 1.0
383052334.6217069 1.0
382986892.9534249 1.0
382921473.64177686 1.0
382856076.6753083 1.0
382790702.0425726 1.0
382725349.73213094 1.0
382660019.7325522 1.0
382594712.0324132 1.0
382529426.62029845 1.0
382464163.4848004 1.0
382398922.61451906 1.0
382333703.99806255 1.0
382268507.6240463 1.0
382203333.481094 1.0
382138181.5578367 1.0
382073051.84291345 1.0
382007944.32497096 1.0
381942858.9926635 1.0
381877795.8346535 1.0
381812754.83961064 1.0
381747735.9962127 1.0
381682739.29314494 1.0
381617764.71910036 1.0
381552812.26277965 1.0
381487881.9128914 1.0
381422973.65815145 1.0
381358087.48728377 1.0
381293223.38901985 1.0
381228381.35209864 1.0
381163561.3652671 1.0
381098763.4172795 1.0
381033987.496898 1.0
380969233.5928923 1.0
380904501.69403976 1.0
380839791.7891253 1.0
380775103.8669416 1.0
380710437.9162888 1.0
380645793.9259747 1.0
380581171.8848148 1.0
380516571.781632 1.0
380451993.605257 1.0
380387437.34452784 1.0
380322902.9882904 1.0
380258390.525398 1.0
380193899.94471145 1.0
380129431.2350992 1.0
380064984.38543725 1.0
380000559.38460904 1.0
379936156.2215058 1.0
379871774.8850261 1.0
379807415.3640759 1.0
379743077.647569 1.0
379678761.7244264 1.0
379614467.5835769 1.0
379550195.2139565 1.0
379485944.60450894 1.0
379421715.7441853 1.0
379357508.6219442 1.0
379293323.22675174 1.0
379229159.54758143 1.0
379165017.57341427 1.0
379100897.2932387 1.0
379036798.6960506 1.0
378972721.77085334 1.0
378908666.5066578 1.0
378844632.8924821 1.0
378780620.9173518 1.0
378716630.57030004 1.0
378652661.84036726 1.0
378588714.71660125 1.0
378524789.1880574 1.0
378460885.24379826 1.0
378397002.8728938 1.0
378333142.0644216 1.0
378269302.8074663 1.0
378205485.0911201 1.0
378141688.9044825 1.0
378077914.23666036 1.0
378014161.0767679 1.0
377950429.41392666 1.0
377886719.2372655 1.0
377823030.53592074 1.0
377759363.2990358 1.0
377695717.5157615 1.0
377632093.17525613 1.0
377568490.266685 1.0
377504908.7792211 1.0
377441348.7020443 1.0
377377810.024342 1.0
377314292.7353089 1.0
377250796.8241467 1.0
377187322.2800647 1.0
377123869.0922794 1.0
377060437.2500143 1.0
376997026.7425004 1.0
376933637.55897593 1.0
376870269.68868625 1.0
376806923.120884 1.0
376743597.844829 1.0
376680293.8497884 1.0
376617011.12503654 1.0
376553749.65985477 1.0
376490509.44353193 1.0
376427290.46536386 1.0
376364092.7146536 1.0
376300916.1807115 1.0
376237760.85285497 1.0
376174626.72040856 1.0
376111513.77270424 1.0
376048421.9990807 1.0
375985351.3888842 1.0
375922301.93146795 1.0
375859273.6161922 1.0
375796266.4324246 1.0
375733280.36953974 1.0
375670315.4169194 1.0
375607371.56395245 1.0
375544448.8000348 1.0
375481547.11456966 1.0
375418666.4969672 1.0
375355806.93664455 1.0
375292968.42302626 1.0
375230150.94554377 1.0
375167354.4936355 1.0
375104579.0567471 1.0
375041824.62433124 1.0
374979091.1858476 1.0
374916378.7307629 1.0
374853687.248551 1.0
374791016.7286928 1.0
374728367.16067624 1.0
374665738.53399605 1.0
374603130.83815426 1.0
374540544.06265974 1.0
374477978.1970285 1.0
374415433.2307836 1.0
374352909.15345484 1.0
374290405.95457923 1.0
374227923.6237008 1.0
374165462.1503703 1.0
374103021.5241458 1.0
374040601.7345921 1.0
373978202.7712809 1.0
373915824.6237911 1.0
373853467.2817085 1.0
373791130.73462564 1.0
373728814.9721423 1.0
373666519.9838649 1.0
373604245.759407 1.0
373541992.2883889 1.0
373479759.56043804 1.0
373417547.56518865 1.0
373355356.2922819 1.0
373293185.73136574 1.0
373231035.87209517 1.0
373168906.7041319 1.0
373106798.2171448 1.0
373044710.40080935 1.0
372982643.2448081 1.0
372920596.73883027 1.0
372858570.872572 1.0
372796565.6357365 1.0
372734581.01803356 1.0
372672617.0091799 1.0
372610673.598899 1.0
372548750.7769214 1.0
372486848.53298414 1.0
372424966.85683143 1.0
372363105.7382141 1.0
372301265.1668898 1.0
372239445.1326229 1.0
372177645.62518466 1.0
372115866.6343532 1.0
372054108.1499135 1.0
371992370.161657 1.0
371930652.6593821 1.0
371868955.632894 1.0
371807279.0720045 1.0
371745622.9665325 1.0
371683987.3063034 1.0
371622372.0811493 1.0
371560777.28090906 1.0
371499202.8954284 1.0
371437648.9145599 1.0
371376115.32816243 1.0
371314602.1261019 1.0
371253109.29825085 1.0
371191636.8344886 1.0
371130184.72470087 1.0
371068752.95878065 1.0
371007341.52662706 1.0
370945950.41814625 1.0
370884579.6232508 1.0
370823229.1318602 1.0
370761898.9339005 1.0
370700589.01930434 1.0
370639299.37801117 1.0
370578029.9999669 1.0
370516780.8751244 1.0
370455551.9934427 1.0
370394343.3448881 1.0
370333154.9194329 1.0
370271986.7070564 1.0
370210838.69774437 1.0
370149710.8814894 1.0
370088603.2482905 1.0
370027515.7881532 1.0
369966448.4910898 1.0
369905401.34711915 1.0
369844374.34626657 1.0
369783367.4785643 1.0
369722380.7340508 1.0
369661414.1027713 1.0
369600467.57477736 1.0
369539541.14012724 1.0
369478634.788886 1.0
369417748.5111249 1.0
369356882.29692185 1.0
369296036.13636136 1.0
369235210.0195344 1.0
369174403.9365384 1.0
369113617.8774776 1.0
369052851.83246243 1.0
368992105.79161 1.0
368931379.7450439 1.0
368870673.6828941 1.0
368809987.59529734 1.0
368749321.4723967 1.0
368688675.3043415 1.0
368628049.08128804 1.0
368567442.7933986 1.0
368506856.4308422 1.0
368446289.9837944 1.0
368385743.44243705 1.0
368325216.79695845 1.0
368264710.03755337 1.0
368204223.154423 1.0
368143756.1377752 1.0
368083308.9778239 1.0
368022881.6647897 1.0
367962474.1888995 1.0
367902086.54038674 1.0
367841718.7094911 1.0
367781370.6864588 1.0
367721042.4615425 1.0
367660734.0250011 1.0
367600445.3670999 1.0
367540176.4781107 1.0
367479927.34831166 1.0
367419697.96798736 1.0
367359488.32742846 1.0
367299298.4169324 1.0
367239128.2268026 1.0
367178977.74734896 1.0
367118846.96888804 1.0
367058735.88174224 1.0
366998644.4762407 1.0
366938572.7427185 1.0
366878520.67151743 1.0
366818488.2529854 1.0
366758475.4774767 1.0
366698482.3353518 1.0
366638508.8169778 1.0
366578554.91272765 1.0
366518620.6129809 1.0
366458705.90812343 1.0
366398810.7885472 1.0
366338935.2446506 1.0
366279079.26683813 1.0
366219242.8455207 1.0
366159425.9711156 1.0
366099628.6340461 1.0
366039850.8247419 1.0
365980092.53363895 1.0
365920353.7511794 1.0
365860634.46781147 1.0
365800934.67398995 1.0
365741254.3601758 1.0
365681593.5168359 1.0
365621952.1344437 1.0
365562330.2034786 1.0
365502727.7144264 1.0
365443144.657779 1.0
365383581.0240345 1.0
365324036.8036973 1.0
365264511.98727787 1.0
365205006.56529284 1.0
365145520.52826524 1.0
365086053.866724 1.0
365026606.57120436 1.0
364967178.6322476 1.0
364907770.0404014 1.0
364848380.7862195 1.0
364789010.86026156 1.0
364729660.2530937 1.0
364670328.955288 1.0
364611016.9574227 1.0
364551724.2500821 1.0
364492450.82385683 1.0
364433196.6693436 1.0
364373961.77714497 1.0
364314746.13786983 1.0
364255549.74213314 1.0
364196372.58055604 1.0
364137214.6437656 1.0
364078075.92239505 1.0
364018956.40708375 1.0
363959856.088477 1.0
363900774.95722634 1.0
363841713.0039894 1.0
363782670.2194296 1.0
363723646.59421676 1.0
363664642.1190265 1.0
363605656.7845406 1.0
363546690.58144695 1.0
363487743.5004394 1.0
363428815.53221774 1.0
363369906.667488 1.0
363311016.896962 1.0
363252146.21135765 1.0
363193294.6013991 1.0
363134462.0578163 1.0
363075648.57134527 1.0
363016854.13272786 1.0
362958078.7327122 1.0
362899322.36205226 1.0
362840585.0115079 1.0
362781866.6718452 1.0
362723167.333836 1.0
362664486.9882581 1.0
362605825.6258957 1.0
362547183.2375383 1.0
362488559.8139818 1.0
362429955.3460279 1.0
362371369.8244842 1.0
362312803.2401645 1.0
362254255.58388835 1.0
362195726.8464812 1.0
362137217.0187744 1.0
362078726.09160537 1.0
362020254.0558173 1.0
361961800.9022595 1.0
361903366.62178695 1.0
361844951.2052607 1.0
361786554.64354765 1.0
361728176.92752045 1.0
361669818.048058 1.0
361611477.9960447 1.0
361553156.7623711 1.0
361494854.3379334 1.0
361436570.7136339 1.0
361378305.8803805 1.0
361320059.8290873 1.0
361261832.5506741 1.0
361203624.03606635 1.0
361145434.27619565 1.0
361087263.26199913 1.0
361029110.9844202 1.0
360970977.4344077 1.0
360912862.6029166 1.0
360854766.4809074 1.0
360796689.05934656 1.0
360738630.3292063 1.0
360680590.2814649 1.0
360622568.9071061 1.0
360564566.19711965 1.0
360506582.14250106 1.0
360448616.7342515 1.0
360390669.9633782 1.0
360332741.8208939 1.0
360274832.29781723 1.0
360216941.3851726 1.0
360159069.07399017 1.0
360101215.35530585 1.0
360043380.2201614 1.0
359985563.65960425 1.0
359927765.6646876 1.0
359869986.22647023 1.0
359812225.33601695 1.0
359754482.9843982 1.0
359696759.16269004 1.0
359639053.8619745 1.0
359581367.073339 1.0
359523698.78787684 1.0
359466048.9966871 1.0
359408417.69087464 1.0
359350804.8615497 1.0
359293210.4998285 1.0
359235634.5968329 1.0
359178077.1436902 1.0
359120538.131534 1.0
359063017.5515029 1.0
359005515.3947415 1.0
358948031.6524 1.0
358890566.3156344 1.0
358833119.3756062 1.0
358775690.8234827 1.0
358718280.6504367 1.0
358660888.8476467 1.0
358603515.4062969 1.0
358546160.31757706 1.0
358488823.5726827 1.0
358431505.1628149 1.0
358374205.07918036 1.0
358316923.3129913 1.0
358259659.85546577 1.0
358202414.69782716 1.0
358145187.8313049 1.0
358087979.2471335 1.0
358030788.9365535 1.0
357973616.8908108 1.0
357916463.10115683 1.0
357859327.5588489 1.0
357802210.2551497 1.0
357745111.1813275 1.0
357688030.32865614 1.0
357630967.6884151 1.0
357573923.2518893 1.0
357516897.0103694 1.0
357459888.9551515 1.0
357402899.07753724 1.0
357345927.3688338 1.0
357288973.820354 1.0
357232038.4234161 1.0
357175121.1693439 1.0
357118222.0494668 1.0
357061341.0551197 1.0
357004478.1776429 1.0
356947633.4083823 1.0
356890806.7386895 1.0
356833998.1599213 1.0
356777207.6634401 1.0
356720435.2406139 1.0
356663680.88281614 1.0
356606944.5814257 1.0
356550226.32782704 1.0
356493526.11340994 1.0
356436843.9295697 1.0
356380179.76770735 1.0
356323533.6192289 1.0
356266905.4755464 1.0
356210295.32807696 1.0
356153703.1682432 1.0
356097128.98747325 1.0
356040572.7772007 1.0
355984034.5288645 1.0
355927514.23390925 1.0
355871011.88378465 1.0
355814527.4699461 1.0
355758060.9838542 1.0
355701612.41697526 1.0
355645181.7607808 1.0
355588769.0067477 1.0
355532374.1463585 1.0
355475997.17110074 1.0
355419638.0724679 1.0
355363296.8419584 1.0
355306973.4710762 1.0
355250667.95133066 1.0
355194380.2742365 1.0
355138110.4313138 1.0
355081858.4140882 1.0
355025624.21409047 1.0
354969407.8228567 1.0
354913209.23192865 1.0
354857028.43285304 1.0
354800865.4171823 1.0
354744720.1764741 1.0
354688592.7022913 1.0
354632482.9862023 1.0
354576391.01978064 1.0
354520316.7946053 1.0
354464260.30226076 1.0
354408221.5343365 1.0
354352200.4824274 1.0
354296197.1381339 1.0
354240211.4930613 1.0
354184243.53882074 1.0
354128293.2670283 1.0
354072360.6693054 1.0
354016445.7372788 1.0
353960548.46258056 1.0
353904668.83684796 1.0
353848806.8517238 1.0
353792962.49885577 1.0
353737135.76989716 1.0
353681326.6565063 1.0
353625535.1503468 1.0
353569761.2430879 1.0
353514004.9264035 1.0
353458266.19197327 1.0
353402545.03148186 1.0
353346841.4366191 1.0
353291155.3990802 1.0
353235486.91056573 1.0
353179835.96278125 1.0
353124202.54743755 1.0
353068586.6562509 1.0
353012988.2809424 1.0
352957407.41323876 1.0
352901844.0448716 1.0
352846298.167578 1.0
352790769.77309996 1.0
352735258.8531849 1.0
352679765.39958525 1.0
352624289.4040589 1.0
352568830.8583687 1.0
352513389.75428265 1.0
352457966.0835742 1.0
352402559.8380215 1.0
352347171.0094085 1.0
352291799.5895237 1.0
352236445.5701612 1.0
352181108.94312006 1.0
352125789.70020455 1.0
352070487.8332239 1.0
352015203.33399284 1.0
351959936.194331 1.0
351904686.4060631 1.0
351849453.9610192 1.0
351794238.8510343 1.0
351739041.06794864 1.0
351683860.6036076 1.0
351628697.4498615 1.0
351573551.598566 1.0
351518423.0415816 1.0
351463311.7707741 1.0
351408217.7780146 1.0
351353141.0551789 1.0
351298081.5941479 1.0
351243039.386808 1.0
351188014.4250502 1.0
351133006.7007709 1.0
351078016.2058715 1.0
351023042.93225855 1.0
350968086.87184334 1.0
350913148.0165427 1.0
350858226.358278 1.0
350803321.88897616 1.0
350748434.6005689 1.0
350693564.484993 1.0
350638711.5341902 1.0
350583875.7401076 1.0
350529057.09469706 1.0
350474255.58991545 1.0
350419471.21772486 1.0
350364703.97009224 1.0
350309953.8389897 1.0
350255220.8163941 1.0
350200504.8942877 1.0
350145806.06465757 1.0
350091124.31949574 1.0
350036459.6507993 1.0
349981812.05057025 1.0
349927181.51081586 1.0
349872568.02354795 1.0
349817971.5807838 1.0
349763392.1745453 1.0
349708829.79685944 1.0
349654284.43975824 1.0
349599756.0952788 1.0
349545244.7554628 1.0
349490750.4123573 1.0
349436273.058014 1.0
349381812.68448985 1.0
349327369.28384656 1.0
349272942.84815073 1.0
349218533.3694741 1.0
349164140.8398932 1.0
349109765.2514895 1.0
349055406.59634954 1.0
349001064.8665647 1.0
348946740.0542312 1.0
348892432.15145034 1.0
348838141.1503281 1.0
348783867.0429758 1.0
348729609.8215091 1.0
348675369.47804904 1.0
348621146.00472134 1.0
348566939.3936567 1.0
348512749.63699055 1.0
348458576.72686344 1.0
348404420.6554207 1.0
348350281.41481256 1.0
348296158.99719405 1.0
348242053.3947251 1.0
348187964.59957063 1.0
348133892.6039004 1.0
348079837.39988875 1.0
348025798.9797154 1.0
347971777.3355644 1.0
347917772.45962495 1.0
347863784.34409106 1.0
347809812.9811616 1.0
347755858.3630401 1.0
347701920.48193514 1.0
347647999.33006006 1.0
347594094.89963305 1.0
347540207.1828772 1.0
347486336.17202 1.0
347432481.8592945 1.0
347378644.23693776 1.0
347324823.2971923 1.0
347271019.032305 1.0
347217231.4345279 1.0
347163460.4961176 1.0
347109706.2093355 1.0
347055968.5664479 1.0
347002247.5597259 1.0
346948543.18144536 1.0
346894855.4238867 1.0
346841184.27933544 1.0
346787529.7400818 1.0
346733891.7984204 1.0
346680270.4466514 1.0
346626665.67707896 1.0
346573077.4820124 1.0
346519505.8537656 1.0
346465950.7846573 1.0
346412412.2670111 1.0
346358890.29315513 1.0
346305384.8554224 1.0
346251895.9461505 1.0
346198423.557682 1.0
346144967.68236375 1.0
346091528.312548 1.0
346038105.4405913 1.0
345984699.05885476 1.0
345931309.1597045 1.0
345877935.7355114 1.0
345824578.77865094 1.0
345771238.281503 1.0
345717914.2364527 1.0
345664606.6358896 1.0
345611315.4722077 1.0
345558040.7378062 1.0
345504782.42508864 1.0
345451540.5264634 1.0
345398315.03434336 1.0
345345105.9411462 1.0
345291913.23929423 1.0
345238736.9212146 1.0
345185576.97933894 1.0
345132433.40610343 1.0
345079306.1939492 1.0
345026195.33532184 1.0
344973100.82267165 1.0
344920022.64845353 1.0
344866960.8051271 1.0
344813915.2851566 1.0
344760886.08101076 1.0
344707873.1851633 1.0
344654876.5900921 1.0
344601896.2882801 1.0
344548932.2722145 1.0
344495984.5343873 1.0
344443053.06729525 1.0
344390137.86343926 1.0
344337238.91532546 1.0
344284356.21546406 1.0
344231489.75637025 1.0
344178639.53056335 1.0
344125805.5305679 1.0
344072987.7489125 1.0
344020186.1781306 1.0
343967400.81076026 1.0
343914631.63934374 1.0
343861878.65642846 1.0
343809141.8545658 1.0
343756421.2263124 1.0
343703716.76422876 1.0
343651028.46088046 1.0
343598356.30883735 1.0
343545700.3006739 1.0
343493060.4289694 1.0
343440436.68630713 1.0
343387829.06527543 1.0
343335237.55846685 1.0
343282662.15847874 1.0
343230102.8579127 1.0
343177559.6493752 1.0
343125032.52547705 1.0
343072521.4788334 1.0
343020026.50206417 1.0
342967547.58779377 1.0
342915084.72865105 1.0
342862637.9172695 1.0
342810207.1462869 1.0
342757792.40834576 1.0
342705393.69609284 1.0
342653011.0021796 1.0
342600644.319262 1.0
342548293.64000034 1.0
342495958.95705956 1.0
342443640.2631088 1.0
342391337.55082214 1.0
342339050.8128777 1.0
342286780.04195845 1.0
342234525.2307514 1.0
342182286.3719483 1.0
342130063.4582455 1.0
342077856.4823433 1.0
342025665.4369471 1.0
341973490.3147663 1.0
341921331.10851485 1.0
341869187.81091106 1.0
341817060.4146781 1.0
341764948.912543 1.0
341712853.2972376 1.0
341660773.5614981 1.0
341608709.69806504 1.0
341556661.6996834 1.0
341504629.55910265 1.0
341452613.2690767 1.0
341400612.82236373 1.0
341348628.2117265 1.0
341296659.42993206 1.0
341244706.46975183 1.0
341192769.3239619 1.0
341140847.9853424 1.0
341088942.4466781 1.0
341037052.7007579 1.0
340985178.7403754 1.0
340933320.5583285 1.0
340881478.14741933 1.0
340829651.5004546 1.0
340777840.6102451 1.0
340726045.46960634 1.0
340674266.07135797 1.0
340622502.40832406 1.0
340570754.4733332 1.0
340519022.2592179 1.0
340467305.75881565 1.0
340415604.9649676 1.0
340363919.8705199 1.0
340312250.4683226 1.0
340260596.7512302 1.0
340208958.71210164 1.0
340157336.34380007 1.0
340105729.63919324 1.0
340054138.5911527 1.0
340002563.19255495 1.0
339951003.4362802 1.0
339899459.31521344 1.0
339847930.8222438 1.0
339796417.95026475 1.0
339744920.6921741 1.0
339693439.04087377 1.0
339641972.9892702 1.0
339590522.5302741 1.0
339539087.65680045 1.0
339487668.3617684 1.0
339436264.6381016 1.0
339384876.4787278 1.0
339333503.87657917 1.0
339282146.82459205 1.0
339230805.3157071 1.0
339179479.34286934 1.0
339128168.8990279 1.0
339076873.9771362 1.0
339025594.57015216 1.0
338974330.67103755 1.0
338923082.2727589 1.0
338871849.36828643 1.0
338820631.9505951 1.0
338769430.0126637 1.0
338718243.5474756 1.0
338667072.5480184 1.0
338615917.00728357 1.0
338564776.9182673 1.0
338513652.27396953 1.0
338462543.067395 1.0
338411449.291552 1.0
338360370.9394536 1.0
338309308.0041169 1.0
338258260.478563 1.0
338207228.3558176 1.0
338156211.62891024 1.0
338105210.29087496 1.0
338054224.3347498 1.0
338003253.7535771 1.0
337952298.5404034 1.0
337901358.6882794 1.0
337850434.19026 1.0
337799525.0394042 1.0
337748631.2287754 1.0
337697752.7514409 1.0
337646889.60047233 1.0
337596041.7689455 1.0
337545209.24994045 1.0
337494392.03654134 1.0
337443590.1218363 1.0
337392803.4989178 1.0
337342032.1608826 1.0
337291276.10083145 1.0
337240535.3118691 1.0
337189809.7871047 1.0
337139099.5196516 1.0
337088404.50262696 1.0
337037724.7291523 1.0
336987060.1923533 1.0
336936410.8853599 1.0
336885776.8013056 1.0
336835157.9333286 1.0
336784554.2745713 1.0
336733965.8181796 1.0
336683392.5573041 1.0
336632834.48509914 1.0
336582291.59472346 1.0
336531763.87933964 1.0
336481251.33211446 1.0
336430753.94621915 1.0
336380271.71482843 1.0
336329804.63112164 1.0
336279352.68828166 1.0
336228915.87949616 1.0
336178494.19795626 1.0
336128087.63685757 1.0
336077696.18939966 1.0
336027319.848786 1.0
335976958.60822445 1.0
335926612.4609266 1.0
335876281.40010846 1.0
335825965.4189899 1.0
335775664.5107948 1.0
335725378.6687513 1.0
335675107.8860914 1.0
335624852.15605134 1.0
335574611.47187114 1.0
335524385.8267953 1.0
335474175.21407175 1.0
335423979.626953 1.0
335373799.0586954 1.0
335323633.5025593 1.0
335273482.9518092 1.0
335223347.39971346 1.0
335173226.8395446 1.0
335123121.2645791 1.0
335073030.6680976 1.0
335022955.04338443 1.0
334972894.38372827 1.0
334922848.6824217 1.0
334872817.9327611 1.0
334822802.1280473 1.0
334772801.26158464 1.0
334722815.326682 1.0
334672844.3166516 1.0
334622888.2248101 1.0
334572947.0444783 1.0
334523020.7689805 1.0
334473109.3916453 1.0
334423212.9058052 1.0
334373331.30479664 1.0
334323464.58196 1.0
334273612.7306399 1.0
334223775.74418473 1.0
334173953.6159467 1.0
334124146.3392822 1.0
334074353.9075516 1.0
334024576.3141191 1.0
333974813.5523528 1.0
333925065.61562496 1.0
333875332.4973117 1.0
333825614.19079304 1.0
333775910.6894529 1.0
333726221.9866792 1.0
333676548.075864 1.0
333626888.95040286 1.0
333577244.60369563 1.0
333527615.02914596 1.0
333478000.2201614 1.0
333428400.1701535 1.0
333378814.8725377 1.0
333329244.32073325 1.0
333279688.50816345 1.0
333230147.42825544 1.0
333180621.0744403 1.0
333131109.44015306 1.0
333081612.5188326 1.0
333032130.3039216 1.0
332982662.7888669 1.0
332933209.9671188 1.0
332883771.83213204 1.0
332834348.37736475 1.0
332784939.59627926 1.0
332735545.4823417 1.0
332686166.0290219 1.0
332636801.229794 1.0
332587451.0781355 1.0
332538115.5675281 1.0
332488794.6914572 1.0
332439488.44341224 1.0
332390196.8168864 1.0
332340919.8053767 1.0
332291657.4023841 1.0
332242409.6014133 1.0
332193176.39597297 1.0
332143957.77957547 1.0
332094753.7457372 1.0
332045564.2879784 1.0
331996389.39982283 1.0
331947229.0747985 1.0
331898083.306437 1.0
331848952.0882739 1.0
331799835.4138483 1.0
331750733.27670354 1.0
331701645.67038655 1.0
331652572.588448 1.0
331603514.02444255 1.0
331554469.9719286 1.0
331505440.42446846 1.0
331456425.375628 1.0
331407424.8189771 1.0
331358438.7480895 1.0
331309467.1565425 1.0
331260510.03791744 1.0
331211567.38579917 1.0
331162639.19377667 1.0
331113725.4554424 1.0
331064826.1643929 1.0
331015941.3142282 1.0
330967070.89855224 1.0
330918214.9109729 1.0
330869373.3451014 1.0
330820546.1945534 1.0
330771733.45294756 1.0
330722935.113907 1.0
330674151.17105794 1.0
330625381.61803097 1.0
330576626.4484601 1.0
330527885.655983 1.0
330479159.23424155 1.0
330430447.17688084 1.0
330381749.47755015 1.0
330333066.12990206 1.0
330284397.12759334 1.0
330235742.4642843 1.0
330187102.13363886 1.0
330138476.1293249 1.0
330089864.4450138 1.0
330041267.0743809 1.0
329992684.01110494 1.0
329944115.2488689 1.0
329895560.781359 1.0
329847020.6022653 1.0
329798494.70528173 1.0
329749983.0841058 1.0
329701485.73243874 1.0
329653002.64398545 1.0
329604533.8124546 1.0
329556079.23155856 1.0
329507638.89501333 1.0
329459212.79653865 1.0
329410800.92985797 1.0
329362403.2886985 1.0
329314019.86679083 1.0
329265650.6578696 1.0
329217295.6556729 1.0
329168954.85394263 1.0
329120628.2464244 1.0
329072315.8268671 1.0
329024017.58902395 1.0
328975733.5266511 1.0
328927463.6335091 1.0
328879207.9033616 1.0
328830966.3299762 1.0
328782738.90712404 1.0
328734525.62857985 1.0
328686326.4881223 1.0
328638141.4795333 1.0
328589970.59659886 1.0
328541813.8331081 1.0
328493671.1828543 1.0
328445542.639634 1.0
328397428.1972477 1.0
328349327.8494992 1.0
328301241.59019613 1.0
328253169.4131497 1.0
328205111.31217474 1.0
328157067.2810897 1.0
328109037.3137168 1.0
328061021.40388155 1.0
328013019.5454133 1.0
327965031.732145 1.0
327917057.95791316 1.0
327869098.21655786 1.0
327821152.5019229 1.0
327773220.8078557 1.0
327725303.12820697 1.0
327677399.4568315 1.0
327629509.7875872 1.0
327581634.114336 1.0
327533772.43094295 1.0
327485924.731277 1.0
327438091.00921077 1.0
327390271.2586201 1.0
327342465.4733848 1.0
327294673.6473879 1.0
327246895.77451634 1.0
327199131.8486602 1.0
327151381.8637137 1.0
327103645.8135741 1.0
327055923.6921424 1.0
327008215.49332345 1.0
326960521.2110251 1.0
326912840.83915925 1.0
326865174.3716409 1.0
326817521.80238914 1.0
326769883.12532616 1.0
326722258.3343778 1.0
326674647.4234736 1.0
326627050.38654643 1.0
326579467.21753293 1.0
326531897.910373 1.0
326484342.4590102 1.0
326436800.85739166 1.0
326389273.099468 1.0
326341759.1791933 1.0
326294259.0905253 1.0
326246772.82742524 1.0
326199300.3838576 1.0
326151841.75379074 1.0
326104396.9311963 1.0
326056965.9100495 1.0
326009548.68432915 1.0
325962145.2480174 1.0
325914755.5951 1.0
325867379.7195661 1.0
325820017.61540854 1.0
325772669.2766234 1.0
325725334.6972105 1.0
325678013.871173 1.0
325630706.7925174 1.0
325583413.4552542 1.0
325536133.85339665 1.0
325488867.98096216 1.0
325441615.8319711 1.0
325394377.4004476 1.0
325347152.68041927 1.0
325299941.66591686 1.0
325252744.35097516 1.0
325205560.7296318 1.0
325158390.7959283 1.0
325111234.5439093 1.0
325064091.9676234 1.0
325016963.0611221 1.0
324969847.81846064 1.0
324922746.2336977 1.0
324875658.30089533 1.0
324828584.014119 1.0
324781523.36743766 1.0
324734476.35492384 1.0
324687442.97065324 1.0
324640423.2087051 1.0
324593417.0631622 1.0
324546424.5281106 1.0
324499445.59764 1.0
324452480.26584303 1.0
324405528.52681637 1.0
324358590.37465966 1.0
324311665.8034761 1.0
324264754.8073724 1.0
324217857.38045853 1.0
324170973.5168481 1.0
324124103.21065766 1.0
324077246.45600766 1.0
324030403.2470217 1.0
323983573.57782674 1.0
323936757.4425534 1.0
323889954.8353353 1.0
323843165.7503099 1.0
323796390.18161756 1.0
323749628.12340236 1.0
323702879.5698117 1.0
323656144.5149964 1.0
323609422.95311046 1.0
323562714.87831134 1.0
323516020.2847601 1.0
323469339.1666209 1.0
323422671.51806146 1.0
323376017.33325255 1.0
323329376.6063687 1.0
323282749.3315874 1.0
323236135.5030899 1.0
323189535.1150607 1.0
323142948.1616873 1.0
323096374.6371611 1.0
323049814.53567624 1.0
323003267.8514309 1.0
322956734.57862604 1.0
322910214.71146613 1.0
322863708.24415916 1.0
322817215.17091614 1.0
322770735.4859517 1.0
322724269.18348366 1.0
322677816.25773317 1.0
322631376.7029247 1.0
322584950.51328605 1.0
322538537.68304855 1.0
322492138.20644647 1.0
322445752.0777177 1.0
322399379.29110324 1.0
322353019.8408476 1.0
322306673.7211984 1.0
322260340.9264066 1.0
322214021.45072687 1.0
322167715.28841645 1.0
322121422.43373656 1.0
322075142.88095117 1.0
322028876.6243281 1.0
321982623.6581379 1.0
321936383.9766549 1.0
321890157.57415634 1.0
321843944.444923 1.0
321797744.58323884 1.0
321751557.98339105 1.0
321705384.63967025 1.0
321659224.5463702 1.0
321613077.69778806 1.0
321566944.088224 1.0
321520823.71198183 1.0
321474716.56336844 1.0
321428622.6366939 1.0
321382541.92627174 1.0
321336474.4264184 1.0
321290420.13145417 1.0
321244379.0357019 1.0
321198351.13348824 1.0
321152336.4191429 1.0
321106334.8869988 1.0
321060346.53139204 1.0
321014371.34666216 1.0
320968409.3271519 1.0
320922460.467207 1.0
320876524.76117676 1.0
320830602.2034136 1.0
320784692.78827304 1.0
320738796.51011395 1.0
320692913.3632985 1.0
320647043.34219193 1.0
320601186.44116277 1.0
320555342.6545828 1.0
320509511.97682697 1.0
320463694.4022735 1.0
320417889.9253038 1.0
320372098.54030246 1.0
320326320.2416573 1.0
320280555.0237594 1.0
320234802.8810029 1.0
320189063.80778533 1.0
320143337.79850733 1.0
320097624.84757274 1.0
320051924.94938844 1.0
320006238.09836495 1.0
319960564.28891546 1.0
319914903.5154567 1.0
319869255.7724083 1.0
319823621.0541934 1.0
319777999.35523814 1.0
319732390.66997176 1.0
319686794.99282694 1.0
319641212.3182392 1.0
319595642.64064765 1.0
319550085.95449394 1.0
319504542.25422364 1.0
319459011.53428507 1.0
319413493.7891296 1.0
319367989.0132121 1.0
319322497.20099026 1.0
319277018.34692526 1.0
319231552.4454811 1.0
319186099.4911253 1.0
319140659.4783282 1.0
319095232.40156347 1.0
319049818.25530785 1.0
319004417.0340413 1.0
318959028.7322469 1.0
318913653.3444107 1.0
318868290.8650221 1.0
318822941.28857374 1.0
318777604.60956097 1.0
318732280.82248265 1.0
318686969.92184055 1.0
318641671.9021398 1.0
318596386.7578883 1.0
318551114.48359746 1.0
318505855.07378155 1.0
318460608.5229581 1.0
318415374.82564765 1.0
318370153.9763738 1.0
318324945.9696635 1.0
318279750.80004656 1.0
318234568.46205604 1.0
318189398.9502281 1.0
318144242.25910187 1.0
318099098.3832198 1.0
318053967.3171271 1.0
318008849.05537254 1.0
317963743.59250754 1.0
317918650.923087 1.0
317873571.0416685 1.0
317828503.9428129 1.0
317783449.6210843 1.0
317738408.0710497 1.0
317693379.28727925 1.0
317648363.26434606 1.0
317603359.99682647 1.0
317558369.4792997 1.0
317513391.70634836 1.0
317468426.6725579 1.0
317423474.37251675 1.0
317378534.80081666 1.0
317333607.9520521 1.0
317288693.82082105 1.0
317243792.4017242 1.0
317198903.6893654 1.0
317154027.67835164 1.0
317109164.3632927 1.0
317064313.7388018 1.0
317019475.7994948 1.0
316974650.539991 1.0
316929837.95491236 1.0
316885038.03888416 1.0
316840250.78653467 1.0
316795476.1924949 1.0
316750714.2513995 1.0
316705964.95788556 1.0
316661228.3065936 1.0
316616504.2921667 1.0
316571792.90925163 1.0
316527094.1524976 1.0
316482408.0165571 1.0
316437734.49608576 1.0
316393073.5857418 1.0
316348425.280187 1.0
316303789.5740856 1.0
316259166.4621054 1.0
316214555.93891674 1.0
316169957.99919325 1.0
316125372.63761145 1.0
316080799.84885097 1.0
316036239.62759435 1.0
315991691.968527 1.0
315947156.86633766 1.0
315902634.3157177 1.0
315858124.31136173 1.0
315813626.84796727 1.0
315769141.9202348 1.0
315724669.5228679 1.0
315680209.65057296 1.0
315635762.29805946 1.0
315591327.4600399 1.0
315546905.1312296 1.0
315502495.3063471 1.0
315458097.9801135 1.0
315413713.14725345 1.0
315369340.802494 1.0
315324980.9405655 1.0
315280633.5562012 1.0
315236298.6441374 1.0
315191976.19911313 1.0
315147666.2158704 1.0
315103368.68915457 1.0
315059083.61371344 1.0
315014810.9842981 1.0
314970550.7956624 1.0
314926303.04256326 1.0
314882067.71976054 1.0
314837844.8220169 1.0
314793634.34409815 1.0
314749436.28077286 1.0
314705250.62681276 1.0
314661077.37699205 1.0
314616916.5260886 1.0
314572768.06888247 1.0
314528632.0001571 1.0
314484508.3146988 1.0
314440397.0072966 1.0
314396298.0727427 1.0
314352211.50583196 1.0
314308137.3013625 1.0
314264075.45413506 1.0
314220025.95895344 1.0
314175988.81062424 1.0
314131964.00395715 1.0
314087951.53376466 1.0
314043951.3948621 1.0
313999963.58206785 1.0
313955988.090203 1.0
313912024.91409177 1.0
313868074.0485611 1.0
313824135.48844093 1.0
313780209.22856414 1.0
313736295.2637663 1.0
313692393.588886 1.0
313648504.1987648 1.0
313604627.088247 1.0
313560762.2521799 1.0
313516909.68541354 1.0
313473069.382801 1.0
313429241.3391981 1.0
313385425.5494636 1.0
313341622.0084592 1.0
313297830.7110493 1.0
313254051.6521015 1.0
313210284.82648575 1.0
313166530.22907543 1.0
313122787.85474634 1.0
313079057.6983775 1.0
313035339.7548503 1.0
312991634.01904964 1.0
312947940.4858628 1.0
312904259.15017986 1.0
312860590.0068943 1.0
312816933.05090183 1.0
312773288.27710146 1.0
312729655.6803946 1.0
312686035.25568604 1.0
312642426.9978829 1.0
312598830.9018956 1.0
312555246.962637 1.0
312511675.1750231 1.0
312468115.53397244 1.0
312424568.0344067 1.0
312381032.6712503 1.0
312337509.4394302 1.0
312293998.3338766 1.0
312250499.34952235 1.0
312207012.4813031 1.0
312163537.72415733 1.0
312120075.0730263 1.0
312076624.5228543 1.0
312033186.0685881 1.0
311989759.7051774 1.0
311946345.42757505 1.0
311902943.23073626 1.0
311859553.1096192 1.0
311816175.0591848 1.0
311772809.074397 1.0
311729455.1502223 1.0
311686113.28163016 1.0
311642783.4635927 1.0
311599465.6910849 1.0
311556159.9590847 1.0
311512866.2625723 1.0
311469584.5965315 1.0
311426314.9559482 1.0
311383057.3358113 1.0
311339811.73111266 1.0
311296578.1368467 1.0
311253356.54801077 1.0
311210146.9596048 1.0
311166949.3666318 1.0
311123763.7640972 1.0
311080590.14700943 1.0
311037428.5103797 1.0
310994278.8492218 1.0
310951141.15855265 1.0
310908015.43339145 1.0
310864901.66876054 1.0
310821799.8596849 1.0
310778710.0011922 1.0
310735632.088313 1.0
310692566.11608046 1.0
310649512.07953066 1.0
310606469.97370225 1.0
310563439.79363674 1.0
310520421.53437847 1.0
310477415.1909744 1.0
310434420.7584742 1.0
310391438.2319303 1.0
310348467.6063981 1.0
310305508.8769354 1.0
310262562.038603 1.0
310219627.0864642 1.0
310176704.0155853 1.0
310133792.821035 0.0
310090893.4978849 0.0
310048006.0412097 0.0
310005130.44608605 0.0
309962266.707594 0.0
309919414.8208158 0.0
309876574.78083694 0.0
309833746.5827452 0.0
309790930.22163135 0.0
309748125.69258875 0.0
309705332.99071336 0.0
309662552.1111041 0.0
309619783.0488623 0.0
309577025.7990924 0.0
309534280.3569012 0.0
309491546.7173983 0.0
309448824.875696 0.0
309406114.82690936 0.0
309363416.56615615 0.0
309320730.0885566 0.0
309278055.38923395 0.0
309235392.4633139 0.0
309192741.30592495 0.0
309150101.91219825 0.0
309107474.2772677 0.0
309064858.39626986 0.0
309022254.2643438 0.0
308979661.87663156 0.0
308937081.22827756 0.0
308894512.3144293 0.0
308851955.1302364 0.0
308809409.6708516 0.0
308766875.9314302 0.0
308724353.9071301 0.0
308681843.5931119 0.0
308639344.9845388 0.0
308596858.0765768 0.0
308554382.8643945 0.0
308511919.3431631 0.0
308469467.5080566 0.0
308427027.3542514 0.0
308384598.87692696 0.0
308342182.07126486 0.0
308299776.9324499 0.0
308257383.45566905 0.0
308215001.6361121 0.0
308172631.4689717 0.0
308130272.94944286 0.0
308087926.0727234 0.0
308045590.83401346 0.0
308003267.2285164 0.0
307960955.2514376 0.0
307918654.8979855 0.0
307876366.163371 0.0
307834089.04280764 0.0
307791823.53151166 0.0
307749569.62470174 0.0
307707327.3175995 0.0
307665096.60542876 0.0
307622877.48341644 0.0
307580669.9467917 0.0
307538473.9907865 0.0
307496289.61063546 0.0
307454116.80157554 0.0
307411955.5588467 0.0
307369805.87769115 0.0
307327667.75335395 0.0
307285541.1810827 0.0
307243426.1561276 0.0
307201322.6737414 0.0
307159230.7291795 0.0
307117150.3176999 0.0
307075081.4345633 0.0
307033024.07503283 0.0
306990978.23437417 0.0
306948943.9078558 0.0
306906921.0907488 0.0
306864909.7783265 0.0
306822909.96586525 0.0
306780921.6486437 0.0
306738944.82194316 0.0
306696979.4810475 0.0
306655025.6212433 0.0
306613083.2378196 0.0
306571152.326068 0.0
306529232.8812827 0.0
306487324.8987605 0.0
306445428.3738009 0.0
306403543.3017055 0.0
306361669.677779 0.0
306319807.49732864 0.0
306277956.75566375 0.0
306236117.44809663 0.0
306194289.56994206 0.0
306152473.11651736 0.0
306110668.0831424 0.0
306068874.4651395 0.0
306027092.2578338 0.0
305985321.4565526 0.0
305943562.05662626 0.0
305901814.0533872 0.0
305860077.4421708 0.0
305818352.2183146 0.0
305776638.3771589 0.0
305734935.9140465 0.0
305693244.8243228 0.0
305651565.1033358 0.0
305609896.7464357 0.0
305568239.7489757 0.0
305526594.106311 0.0
305484959.81379986 0.0
305443336.8668027 0.0
305401725.2606827 0.0
305360124.9908055 0.0
305318536.05253905 0.0
305276958.44125426 0.0
305235392.1523241 0.0
305193837.1811244 0.0
305152293.52303326 0.0
305110761.17343146 0.0
305069240.12770236 0.0
305027730.3812315 0.0
304986231.92940736 0.0
304944744.76762056 0.0
304903268.89126456 0.0
304861804.29573494 0.0
304820350.9764302 0.0
304778908.92875105 0.0
304737478.1481008 0.0
304696058.62988526 0.0
304654650.3695127 0.0
304613253.362394 0.0
304571867.60394216 0.0
304530493.0895733 0.0
304489129.81470567 0.0
304447777.7747598 0.0
304406436.9651591 0.0
304365107.38132924 0.0
304323789.0186986 0.0
304282481.8726976 0.0
304241185.9387596 0.0
304199901.21232027 0.0
304158627.6888176 0.0
304117365.36369234 0.0
304076114.23238754 0.0
304034874.29034877 0.0
303993645.53302395 0.0
303952427.9558637 0.0
303911221.55432093 0.0
303870026.3238511 0.0
303828842.25991213 0.0
303787669.3579643 0.0
303746507.61347044 0.0
303705357.02189577 0.0
303664217.5787081 0.0
303623089.27937764 0.0
303581972.1193769 0.0
303540866.0941812 0.0
303499771.1992678 0.0
303458687.4301169 0.0
303417614.7822109 0.0
303376553.2510346 0.0
303335502.83207536 0.0
303294463.520823 0.0
303253435.3127697 0.0
303212418.20341 0.0
303171412.1882413 0.0
303130417.2627627 0.0
303089433.42247653 0.0
303048460.66288686 0.0
303007498.97950083 0.0
302966548.3678274 0.0
302925608.8233784 0.0
302884680.3416679 0.0
302843762.91821235 0.0
302802856.5485308 0.0
302761961.2281445 0.0
302721076.9525775 0.0
302680203.71735567 0.0
302639341.5180078 0.0
302598490.3500649 0.0
302557650.20906043 0.0
302516821.0905303 0.0
302476002.9900126 0.0
302435195.9030482 0.0
302394399.82518005 0.0
302353614.7519536 0.0
302312840.67891693 0.0
302272077.6016202 0.0
302231325.5156161 0.0
302190584.41645974 0.0
302149854.2997086 0.0
302109135.1609225 0.0
302068426.9956638 0.0
302027729.7994972 0.0
301987043.5679896 0.0
301946368.2967106 0.0
301905703.9812318 0.0
301865050.6171277 0.0
301824408.19997466 0.0
301783776.7253518 0.0
301743156.18884045 0.0
301702546.5860243 0.0
301661947.91248953 0.0
301621360.16382456 0.0
301580783.33562034 0.0
301540217.42347 0.0
301499662.4229692 0.0
301459118.32971597 0.0
301418585.13931054 0.0
301378062.8473557 0.0
301337551.4494565 0.0
301297050.9412204 0.0
301256561.31825715 0.0
301216082.576179 0.0
301175614.7106003 0.0
301135157.7171381 0.0
301094711.59141153 0.0
301054276.3290422 0.0
301013851.925654 0.0
300973438.3768732 0.0
300933035.6783286 0.0
300892643.82565093 0.0
300852262.81447357 0.0
300811892.64043236 0.0
300771533.2991652 0.0
300731184.7863124 0.0
300690847.09751666 0.0
300650520.2284231 0.0
300610204.1746789 0.0
300569898.9319339 0.0
300529604.49584013 0.0
300489320.86205184 0.0
300449048.02622586 0.0
300408785.98402107 0.0
300368534.73109895 0.0
300328294.26312304 0.0
300288064.5757594 0.0
300247845.6646764 0.0
300207637.5255446 0.0
300167440.15403694 0.0
300127253.54582864 0.0
300087077.69659746 0.0
300046912.6020232 0.0
300006758.25778806 0.0
299966614.65957654 0.0
299926481.80307555 0.0
299886359.6839742 0.0
299846248.297964 0.0
299806147.64073855 0.0
299766057.70799404 0.0
299725978.49542874 0.0
299685909.99874336 0.0
299645852.2136408 0.0
299605805.1358265 0.0
299565768.7610078 0.0
299525743.0848946 0.0
299485728.103199 0.0
299445723.8116356 0.0
299405730.20592093 0.0
299365747.28177404 0.0
299325775.03491634 0.0
299285813.4610712 0.0
299245862.5559646 0.0
299205922.3153247 0.0
299165992.73488194 0.0
299126073.8103689 0.0
299086165.5375206 0.0
299046267.9120744 0.0
299006380.9297697 0.0
298966504.5863485 0.0
298926638.87755454 0.0
298886783.7991345 0.0
298846939.34683675 0.0
298807105.51641214 0.0
298767282.30361414 0.0
298727469.7041978 0.0
298687667.71392107 0.0
298647876.32854354 0.0
298608095.5438278 0.0
298568325.35553795 0.0
298528565.7594409 0.0
298488816.7513055 0.0
298449078.32690305 0.0
298409350.48200697 0.0
298369633.21239287 0.0
298329926.5138389 0.0
298290230.3821251 0.0
298250544.813034 0.0
298210869.8023503 0.0
298171205.3458609 0.0
298131551.4393551 0.0
298091908.07862407 0.0
298052275.25946176 0.0
298012652.9776639 0.0
297973041.2290286 0.0
297933440.00935626 0.0
297893849.31444955 0.0
297854269.1401133 0.0
297814699.48215437 0.0
297775140.3363822 0.0
297735591.69860834 0.0
297696053.5646465 0.0
297656525.9303125 0.0
297617008.7914247 0.0
297577502.1438034 0.0
297538005.98327124 0.0
297498520.3056531 0.0
297459045.10677594 0.0
297419580.3824692 0.0
297380126.12856406 0.0
297340682.3408945 0.0
297301249.0152964 0.0
297261826.1476077 0.0
297222413.73366886 0.0
297183011.76932234 0.0
297143620.25041294 0.0
297104239.1727874 0.0
297064868.5322951 0.0
297025508.32478726 0.0
296986158.5461174 0.0
296946819.1921413 0.0
296907490.25871676 0.0
296868171.7417041 0.0
296828863.63696545 0.0
296789565.94036543 0.0
296750278.6477707 0.0
296711001.75505006 0.0
296671735.25807464 0.0
296632479.1527177 0.0
296593233.43485475 0.0
296553998.10036325 0.0
296514773.14512306 0.0
296475558.5650162 0.0
296436354.3559268 0.0
296397160.51374125 0.0
296357977.034348 0.0
296318803.91363776 0.0
296279641.1475033 0.0
296240488.7318397 0.0
296201346.6625442 0.0
296162214.9355161 0.0
296123093.5466571 0.0
296083982.4918706 0.0
296044881.7670627 0.0
296005791.36814135 0.0
295966711.2910168 0.0
295927641.53160125 0.0
295888582.08580923 0.0
295849532.94955754 0.0
295810494.11876476 0.0
295771465.58935213 0.0
295732447.3572425 0.0
295693439.4183614 0.0
295654441.76863605 0.0
295615454.40399605 0.0
295576477.3203733 0.0
295537510.5137014 0.0
295498553.9799166 0.0
295459607.71495676 0.0
295420671.71476245 0.0
295381745.9752758 0.0
295342830.49244165 0.0
295303925.2622067 0.0
295265030.28051955 0.0
295226145.5433314 0.0
295187271.0465952 0.0
295148406.7862663 0.0
295109552.75830203 0.0
295070708.9586618 0.0
295031875.3833074 0.0
294993052.0282025 0.0
294954238.88931286 0.0
294915435.96260655 0.0
294876643.24405384 0.0
294837860.7296267 0.0
294799088.41529965 0.0
294760326.29704916 0.0
294721574.3708537 0.0
294682832.63269424 0.0
294644101.07855326 0.0
294605379.7044159 0.0
294566668.5062691 0.0
294527967.48010206 0.0
294489276.621906 0.0
294450595.9276743 0.0
294411925.39340246 0.0
294373265.0150879 0.0
294334614.78873056 0.0
294295974.7103319 0.0
294257344.7758961 0.0
294218724.98142886 0.0
294180115.3229383 0.0
294141515.79643476 0.0
294102926.39793026 0.0
294064347.1234393 0.0
294025777.9689783 0.0
293987218.9305658 0.0
293948670.00422215 0.0
293910131.1859704 0.0
293871602.47183526 0.0
293833083.8578435 0.0
293794575.3400242 0.0
293756076.9144082 0.0
293717588.5770289 0.0
293679110.3239211 0.0
293640642.1511224 0.0
293602184.0546721 0.0
293563736.0306115 0.0
293525298.0749842 0.0
293486870.18383574 0.0
293448452.3532138 0.0
293410044.57916796 0.0
293371646.85775006 0.0
293333259.185014 0.0
293294881.5570156 0.0
293256513.9698129 0.0
293218156.41946596 0.0
293179808.9020368 0.0
293141471.41358954 0.0
293103143.9501905 0.0
293064826.50790787 0.0
293026519.08281195 0.0
292988221.67097527 0.0
292949934.26847214 0.0
292911656.8713791 0.0
292873389.47577447 0.0
292835132.0777392 0.0
292796884.67335564 0.0
292758647.2587086 0.0
292720419.82988477 0.0
292682202.3829729 0.0
292643994.9140639 0.0
292605797.41925037 0.0
292567609.8946275 0.0
292529432.336292 0.0
292491264.7403429 0.0
292453107.10288125 0.0
292414959.42001003 0.0
292376821.6878344 0.0
292338693.9024613 0.0
292300576.05999994 0.0
292262468.1565615 0.0
292224370.1882591 0.0
292186282.1512081 0.0
292148204.0415256 0.0
292110135.8553309 0.0
292072077.58874524 0.0
292034029.23789203 0.0
291995990.7988965 0.0
291957962.267886 0.0
291919943.64098996 0.0
291881934.91433966 0.0
291843936.08406866 0.0
291805947.1463122 0.0
291767968.0972077 0.0
291729998.9328947 0.0
291692039.6495145 0.0
291654090.24321073 0.0
291616150.71012855 0.0
291578221.04641575 0.0
291540301.2482215 0.0
291502391.31169754 0.0
291464491.23299706 0.0
291426601.00827575 0.0
291388720.63369095 0.0
291350850.1054021 0.0
291312989.4195708 0.0
291275138.57236034 0.0
291237297.55993634 0.0
291199466.37846595 0.0
291161645.02411896 0.0
291123833.49306655 0.0
291086031.78148216 0.0
291048239.88554126 0.0
291010457.80142117 0.0
290972685.52530134 0.0
290934923.05336297 0.0
290897170.38178957 0.0
290859427.50676626 0.0
290821694.4244805 0.0
290783971.13112146 0.0
290746257.6228804 0.0
290708553.8959507 0.0
290670859.94652724 0.0
290633175.77080745 0.0
290595501.36499035 0.0
290557836.7252771 0.0
290520181.8478709 0.0
290482536.72897655 0.0
290444901.3648013 0.0
290407275.7515539 0.0
290369659.8854455 0.0
290332053.7626888 0.0
290294457.37949896 0.0
290256870.7320926 0.0
290219293.8166885 0.0
290181726.62950754 0.0
290144169.1667723 0.0
290106621.4247076 0.0
290069083.3995399 0.0
290031555.0874978 0.0
289994036.48481184 0.0
289956527.5877144 0.0
289919028.3924401 0.0
289881538.89522505 0.0
289844059.0923078 0.0
289806588.97992843 0.0
289769128.5543293 0.0
289731677.8117544 0.0
289694236.7484499 0.0
289656805.36066383 0.0
289619383.6446461 0.0
289581971.5966487 0.0
289544569.21292526 0.0
289507176.48973185 0.0
289469793.42332596 0.0
289432420.00996727 0.0
289395056.2459174 0.0
289357702.12743986 0.0
289320357.65080005 0.0
289283022.8122653 0.0
289245697.60810494 0.0
289208382.0345902 0.0
289171076.0879941 0.0
289133779.76459175 0.0
289096493.0606602 0.0
289059215.97247833 0.0
289021948.49632686 0.0
288984690.6284886 0.0
288947442.3652482 0.0
288910203.70289224 0.0
288872974.6377092 0.0
288835755.16598934 0.0
288798545.2840252 0.0
288761344.9881107 0.0
288724154.27454233 0.0
288686973.1396178 0.0
288649801.5796372 0.0
288612639.59090245 0.0
288575487.169717 0.0
288538344.3123869 0.0
288501211.0152194 0.0
288464087.2745241 0.0
288426973.0866123 0.0
288389868.44779724 0.0
288352773.354394 0.0
288315687.80271983 0.0
288278611.78909355 0.0
288241545.309836 0.0
288204488.36126983 0.0
288167440.9397198 0.0
288130403.0415123 0.0
288093374.6629758 0.0
288056355.80044043 0.0
288019346.4502386 0.0
287982346.60870415 0.0
287945356.27217305 0.0
287908375.4369832 0.0
287871404.0994743 0.0
287834442.2559878 0.0
287797489.9028672 0.0
287760547.03645796 0.0
287723613.6531071 0.0
287686689.7491639 0.0
287649775.3209792 0.0
287612870.36490583 0.0
287575974.8772985 0.0
287539088.8545137 0.0
287502212.29291016 0.0
287465345.18884784 0.0
287428487.5386892 0.0
287391639.338798 0.0
287354800.5855404 0.0
287317971.27528405 0.0
287281151.4043986 0.0
287244340.96925557 0.0
287207539.96622825 0.0
287170748.3916919 0.0
287133966.24202347 0.0
287097193.51360214 0.0
287060430.20280844 0.0
287023676.30602515 0.0
286986931.8196365 0.0
286950196.74002916 0.0
286913471.06359124 0.0
286876754.7867126 0.0
286840047.9057853 0.0
286803350.41720295 0.0
286766662.3173612 0.0
286729983.6026573 0.0
286693314.2694907 0.0
286656654.31426257 0.0
286620003.7333756 0.0
286583362.5232347 0.0
286546730.68024653 0.0
286510108.2008195 0.0
286473495.08136386 0.0
286436891.3182918 0.0
286400296.9080173 0.0
286363711.8469561 0.0
286327136.13152575 0.0
286290569.75814587 0.0
286254012.7232377 0.0
286217465.02322423 0.0
286180926.6545305 0.0
286144397.61358327 0.0
286107877.89681107 0.0
286071367.50064445 0.0
286034866.42151546 0.0
285998374.6558583 0.0
285961892.2001087 0.0
285925419.0507044 0.0
285888955.204085 0.0
285852500.65669173 0.0
285816055.4049678 0.0
285779619.445358 0.0
285743192.77430934 0.0
285706775.3882702 0.0
285670367.28369105 0.0
285633968.45702404 0.0
285597578.90472317 0.0
285561198.62324435 0.0
285524827.609045 0.0
285488465.8585848 0.0
285452113.3683248 0.0
285415770.1347281 0.0
285379436.1542594 0.0
285343111.4233854 0.0
285306795.9385746 0.0
285270489.69629717 0.0
285234192.6930251 0.0
285197904.92523223 0.0
285161626.3893942 0.0
285125357.0819883 0.0
285089096.99949384 0.0
285052846.1383918 0.0
285016604.4951649 0.0
284980372.06629765 0.0
284944148.8482765 0.0
284907934.8375896 0.0
284871730.03072685 0.0
284835534.42417985 0.0
284799348.01444227 0.0
284763170.7980092 0.0
284727002.77137786 0.0
284690843.9310469 0.0
284654694.2735171 0.0
284618553.7952907 0.0
284582422.49287194 0.0
284546300.36276674 0.0
284510187.4014828 0.0
284474083.6055297 0.0
284437988.97141856 0.0
284401903.4956625 0.0
284365827.17477614 0.0
284329760.00527626 0.0
284293701.9836811 0.0
284257653.10651076 0.0
284221613.37028706 0.0
284185582.7715336 0.0
284149561.306776 0.0
284113548.9725411 0.0
284077545.765358 0.0
284041551.6817573 0.0
284005566.7182714 0.0
283969590.87143445 0.0
283933624.1377825 0.0
283897666.51385325 0.0
283861717.9961861 0.0
283825778.58132213 0.0
283789848.26580447 0.0
283753927.04617774 0.0
283718014.9189884 0.0
283682111.8807847 0.0
283646217.9281165 0.0
283610333.05753547 0.0
283574457.26559514 0.0
283538590.54885066 0.0
283502732.9038589 0.0
283466884.32717866 0.0
283431044.81537014 0.0
283395214.36499566 0.0
283359392.972619 0.0
283323580.6348059 0.0
283287777.34812355 0.0
283251983.1091411 0.0
283216197.9144295 0.0
283180421.76056105 0.0
283144654.64411026 0.0
283108896.5616531 0.0
283073147.50976723 0.0
283037407.48503214 0.0
283001676.48402923 0.0
282965954.5033412 0.0
282930241.53955275 0.0
282894537.5892503 0.0
282858842.649022 0.0
282823156.7154576 0.0
282787479.78514856 0.0
282751811.8546884 0.0
282716152.9206718 0.0
282680502.9796957 0.0
282644862.02835834 0.0
282609230.06325996 0.0
282573607.0810025 0.0
282537993.0781892 0.0
282502388.0514257 0.0
282466791.9973187 0.0
282431204.91247696 0.0
282395626.793511 0.0
282360057.63703275 0.0
282324497.43965626 0.0
282288946.1979968 0.0
282253403.90867174 0.0
282217870.56829995 0.0
282182346.1735021 0.0
282146830.72090054 0.0
282111324.2071192 0.0
282075826.628784 0.0
282040337.98252213 0.0
282004858.26496285 0.0
281969387.472737 0.0
281933925.602477 0.0
281898472.6508173 0.0
281863028.6143934 0.0
281827593.48984325 0.0
281792167.273806 0.0
281756749.96292263 0.0
281721341.5538358 0.0
281685942.0431899 0.0
281650551.42763096 0.0
281615169.7038066 0.0
281579796.86836636 0.0
281544432.9179613 0.0
281509077.8492442 0.0
281473731.6588694 0.0
281438394.34349316 0.0
281403065.8997733 0.0
281367746.3243692 0.0
281332435.6139422 0.0
281297133.76515496 0.0
281261840.77467215 0.0
281226556.63915974 0.0
281191281.35528594 0.0
281156014.91972 0.0
281120757.32913315 0.0
281085508.5801984 0.0
281050268.6695903 0.0
281015037.59398496 0.0
