-2.4796 0.0
-2.48191722848942 0.0
-2.4842387920090867 0.0
-2.486564702735237 0.0
-2.4888949728897516 0.0
-2.491229614740368 0.0
-2.493568640600899 0.0
-2.4959120628314424 0.0
-2.4982598938386076 0.0
-2.500612146075728 0.0
-2.502968832043083 0.0
-2.5053299642881206 0.0
-2.5076955554056783 0.0
-2.51006561803821 0.0
-2.5124401648760055 0.0
-2.514819208657423 0.0
-2.5172027621691155 0.0
-2.519590838246256 0.0
-2.5219834497727733 0.0
-2.5243806096815806 0.0
-2.526782330954808 0.0
-2.5291886266240393 0.0
-2.5315995097705453 0.0
-2.534014993525523 0.0
-2.5364350910703326 0.0
-2.538859815636736 0.0
-2.541289180507142 0.0
-2.5437231990148454 0.0
-2.5461618845442717 0.0
-2.548605250531222 0.0
-2.551053310463122 0.0
-2.5535060778792666 0.0
-2.5559635663710734 0.0
-2.5584257895823295 0.0
-2.56089276120945 0.0
-2.5633644950017236 0.0
-2.565841004761576 0.0
-2.5683223043448233 0.0
-2.570808407660928 0.0
-2.5732993286732646 0.0
-2.575795081399376 0.0
-2.578295679911241 0.0
-2.5808011383355316 0.0
-2.583311470853887 0.0
-2.5858266917031782 0.0
-2.5883468151757745 0.0
-2.5908718556198176 0.0
-2.593401827439492 0.0
-2.5959367450953015 0.0
-2.59847662310434 0.0
-2.601021476040574 0.0
-2.6035713185351166 0.0
-2.6061261652765126 0.0
-2.608686031011015 0.0
-2.6112509305428753 0.0
-2.6138208787346224 0.0
-2.6163958905073534 0.0
-2.618975980841023 0.0
-2.6215611647747297 0.0
-2.6241514574070153 0.0
-2.62674687389615 0.0
-2.629347429460434 0.0
-2.631953139378495 0.0
-2.634564018989584 0.0
-2.637180083693879 0.0
-2.639801348952787 0.0
-2.642427830289247 0.0
-2.6450595432880415 0.0
-2.647696503596098 0.0
-2.650338726922803 0.0
-2.652986229040314 0.0
-2.6556390257838722 0.0
-2.6582971330521197 0.0
-2.6609605668074146 0.0
-2.6636293430761513 0.0
-2.6663034779490857 0.0
-2.6689829875816526 0.0
-2.671667888194295 0.0
-2.6743581960727902 0.0
-2.677053927568579 0.0
-2.6797550990990993 0.0
-2.6824617271481133 0.0
-2.6851738282660502 0.0
-2.6878914190703393 0.0
-2.6906145162457484 0.0
-2.6933431365447302 0.0
-2.69607729678776 0.0
-2.6988170138636858 0.0
-2.7015623047300736 0.0
-2.704313186413557 0.0
-2.7070696760101933 0.0
-2.7098317906858105 0.0
-2.7125995476763696 0.0
-2.7153729642883224 0.0
-2.718152057898969 0.0
-2.720936845956824 0.0
-2.7237273459819793 0.0
-2.726523575566474 0.0
-2.729325552374661 0.0
-2.732133294143581 0.0
-2.734946818683339 0.0
-2.7377661438774763 0.0
-2.7405912876833494 0.0
-2.743422268132517 0.0
-2.7462591033311177 0.0
-2.749101811460259 0.0
-2.7519504107764043 0.0
-2.754804919611765 0.0
-2.7576653563746945 0.0
-2.7605317395500784 0.0
-2.76340408769974 0.0
-2.7662824194628373 0.0
-2.769166753556267 0.0
-2.7720571087750687 0.0
-2.7749535039928355 0.0
-2.777855958162122 0.0
-2.7807644903148607 0.0
-2.783679119562776 0.0
-2.7865998650978043 0.0
-2.789526746192513 0.0
-2.7924597822005257 0.0
-2.7953989925569505 0.0
-2.7983443967788064 0.0
-2.801296014465456 0.0
-2.8042538652990423 0.0
-2.807217969044922 0.0
-2.810188345552113 0.0
-2.8131650147537264 0.0
-2.8161479966674237 0.0
-2.8191373113958607 0.0
-2.822132979127135 0.0
-2.825135020135248 0.0
-2.828143454780559 0.0
-2.8311583035102412 0.0
-2.8341795868587547 0.0
-2.837207325448302 0.0
-2.840241539989306 0.0
-2.843282251280875 0.0
-2.8463294802112835 0.0
-2.849383247758449 0.0
-2.8524435749904105 0.0
-2.855510483065817 0.0
-2.8585839932344124 0.0
-2.861664126837528 0.0
-2.8647509053085756 0.0
-2.867844350173544 0.0
-2.870944483051502 0.0
-2.874051325655098 0.0
-2.87716489979107 0.0
-2.8802852273607558 0.0
-2.8834123303606054 0.0
-2.8865462308826952 0.0
-2.889686951115256 0.0
-2.8928345133431876 0.0
-2.895988939948594 0.0
-2.8991502534113063 0.0
-2.9023184763094214 0.0
-2.905493631319841 0.0
-2.908675741218806 0.0
-2.9118648288824494 0.0
-2.915060917287339 0.0
-2.9182640295110276 0.0
-2.9214741887326157 0.0
-2.9246914182333046 0.0
-2.9279157413969608 0.0
-2.9311471817106822 0.0
-2.9343857627653693 0.0
-2.9376315082563007 0.0
-2.940884441983707 0.0
-2.944144587853353 0.0
-2.9474119698771304 0.0
-2.9506866121736373 0.0
-2.9539685389687773 0.0
-2.9572577745963575 0.0
-2.9605543434986865 0.0
-2.9638582702271825 0.0
-2.9671695794429813 0.0
-2.970488295917552 0.0
-2.9738144445333123 0.0
-2.9771480502842502 0.0
-2.9804891382765533 0.0
-2.9838377337292354 0.0
-2.9871938619747733 0.0
-2.9905575484597446 0.0
-2.9939288187454705 0.0
-2.997307698508666 0.0
-3.0006942135420873 0.0
-3.004088389755191 0.0
-3.0074902531747956 0.0
-3.010899829945745 0.0
-3.0143171463315768 0.0
-3.017742228715202 0.0
-3.021175103599577 0.0
-3.024615797608395 0.0
-3.028064337486766 0.0
-3.0315207501019157 0.0
-3.0349850624438823 0.0
-3.0384573016262157 0.0
-3.041937494886689 0.0
-3.0454256695880093 0.0
-3.0489218532185323 0.0
-3.052426073392989 0.0
-3.0559383578532096 0.0
-3.0594587344688557 0.0
-3.062987231238158 0.0
-3.0665238762886595 0.0
-3.070068697877962 0.0
-3.0736217243944783 0.0
-3.0771829843581893 0.0
-3.08075250642141 0.0
-3.084330319369556 0.0
-3.087916452121917 0.0
-3.0915109337324354 0.0
-3.095113793390494 0.0
-3.098725060421702 0.0
-3.1023447642886945 0.0
-3.105972934591931 0.0
-3.109609601070503 0.0
-3.1132547936029473 0.0
-3.1169085422080642 0.0
-3.1205708770457408 0.0
-3.12424182841778 0.0
-3.1279214267687387 0.0
-3.131609702686768 0.0
-3.1353066869044612 0.0
-3.1390124102997046 0.0
-3.142726903896543 0.0
-3.1464501988660403 0.0
-3.1501823265271542 0.0
-3.1539233183476125 0.0
-3.157673205944798 0.0
-3.1614320210866427 0.0
-3.165199795692517 0.0
-3.168976561834143 0.0
-3.1727623517364965 0.0
-3.1765571977787275 0.0
-3.1803611324950816 0.0
-3.1841741885758323 0.0
-3.1879963988682163 0.0
-3.1918277963773716 0.0
-3.195668414267297 0.0
-3.199518285861802 0.0
-3.2033774446454726 0.0
-3.2072459242646425 0.0
-3.21112375852837 0.0
-3.2150109814094248 0.0
-3.2189076270452777 0.0
-3.2228137297391 0.0
-3.2267293239607744 0.0
-3.230654444347902 0.0
-3.234589125706829 0.0
-3.2385334030136743 0.0
-3.242487311415366 0.0
-3.246450886230682 0.0
-3.250424162951307 0.0
-3.2544071772428884 0.0
-3.258399964946105 0.0
-3.2624025620777397 0.0
-3.2664150048317664 0.0
-3.270437329580438 0.0
-3.274469572875385 0.0
-3.2785117714487257 0.0
-3.2825639622141787 0.0
-3.2866261822681873 0.0
-3.290698468891052 0.0
-3.2947808595480725 0.0
-3.298873391890693 0.0
-3.302976103757662 0.0
-3.307089033176198 0.0
-3.311212218363167 0.0
-3.31534569772626 0.0
-3.319489509865191 0.0
-3.323643693572897 0.0
-3.327808287836749 0.0
-3.331983331839771 0.0
-3.3361688649618664 0.0
-3.3403649267810622 0.0
-3.3445715570747505 0.0
-3.348788795820949 0.0
-3.353016683199567 0.0
-3.3572552595936793 0.0
-3.3615045655908147 0.0
-3.365764641984249 0.0
-3.370035529774314 0.0
-3.3743172701697075 0.0
-3.3786099045888234 0.0
-3.3829134746610863 0.0
-3.3872280222282956 0.0
-3.3915535893459823 0.0
-3.3958902182847748 0.0
-3.400237951531779 0.0
-3.404596831791961 0.0
-3.4089669019895483 0.0
-3.4133482052694393 0.0
-3.4177407849986214 0.0
-3.4221446847676025 0.0
-3.426559948391853 0.0
-3.4309866199132606 0.0
-3.4354247436015894 0.0
-3.439874363955963 0.0
-3.4443355257063453 0.0
-3.4488082738150454 0.0
-3.4532926534782207 0.0
-3.4577887101274065 0.0
-3.4622964894310457 0.0
-3.4668160372960375 0.0
-3.4713473998692934 0.0
-3.47589062353931 0.0
-3.4804457549377514 0.0
-3.485012840941044 0.0
-3.4895919286719854 0.0
-3.494183065501363 0.0
-3.4987862990495913 0.0
-3.503401677188354 0.0
-3.5080292480422677 0.0
-3.512669059990553 0.0
-3.5173211616687166 0.0
-3.5219856019702567 0.0
-3.526662430048373 0.0
-3.5313516953176944 0.0
-3.5360534474560157 0.0
-3.5407677364060564 0.0
-3.545494612377229 0.0
-3.5502341258474175 0.0
-3.554986327564777 0.0
-3.559751268549545 0.0
-3.5645290000958685 0.0
-3.5693195737736394 0.0
-3.5741230414303566 0.0
-3.5789394551929927 0.0
-3.58376886746988 0.0
-3.588611330952611 0.0
-3.5934668986179563 0.0
-3.5983356237297985 0.0
-3.6032175598410703 0.0
-3.60811276079573 0.0
-3.613021280730736 0.0
-3.6179431740780386 0.0
-3.6228784955665985 0.0
-3.627827300224412 0.0
-3.6327896433805567 0.0
-3.6377655806672538 0.0
-3.642755168021946 0.0
-3.6477584616893948 0.0
-3.6527755182237946 0.0
-3.6578063944909003 0.0
-3.66285114767018 0.0
-3.6679098352569794 0.0
-3.6729825150647044 0.0
-3.678069245227025 0.0
-3.683170084200099 0.0
-3.6882850907648055 0.0
-3.693414324029006 0.0
-3.6985578434298216 0.0
-3.70371570873593 0.0
-3.7088879800498753 0.0
-3.7140747178104085 0.0
-3.7192759827948385 0.0
-3.7244918361214068 0.0
-3.7297223392516803 0.0
-3.7349675539929685 0.0
-3.7402275425007545 0.0
-3.7455023672811527 0.0
-3.7507920911933823 0.0
-3.7560967774522678 0.0
-3.7614164896307543 0.0
-3.766751291662446 0.0
-3.7721012478441716 0.0
-3.7774664228385655 0.0
-3.782846881676672 0.0
-3.7882426897605708 0.0
-3.7936539128660343 0.0
-3.7990806171451927 0.0
-3.8045228691292334 0.0
-3.80998073573112 0.0
-3.8154542842483328 0.0
-3.820943582365636 0.0
-3.8264486981578676 0.0
-3.8319697000927553 0.0
-3.8375066570337504 0.0
-3.8430596382428943 0.0
-3.8486287133837074 0.0
-3.8542139525241006 0.0
-3.8598154261393134 0.0
-3.865433205114877 0.0
-3.8710673607496098 0.0
-3.8767179647586283 0.0
-3.882385089276392 0.0
-3.888068806859772 0.0
-3.893769190491151 0.0
-3.899486313581542 0.0
-3.905220249973742 0.0
-3.910971073945514 0.0
-3.916738860212789 0.0
-3.9225236839329045 0.0
-3.928325620707871 0.0
-3.934144746587663 0.0
-3.939981138073541 0.0
-3.945834872121405 0.0
-3.9517060261451804 0.0
-3.957594678020224 0.0
-3.9635009060867716 0.0
-3.9694247891534107 0.0
-3.975366406500588 0.0
-3.981325837884142 0.0
-3.9873031635388743 0.0
-3.9932984641821507 0.0
-3.999311821017533 0.0
-4.005343315738447 0.0
-4.01139303053188 0.0
-4.017461048082118 0.0
-4.0235474515745056 0.0
-4.029652324699252 0.0
-4.03577575165527 0.0
-4.041917817154039 0.0
-4.048078606423517 0.0
-4.054258205212082 0.0
-4.060456699792509 0.0
-4.066674176965985 0.0
-4.072910724066163 0.0
-4.079166428963247 0.0
-4.085441380068125 0.0
-4.0917356663365245 0.0
-4.098049377273228 0.0
-4.104382602936306 0.0
-4.110735433941405 0.0
-4.117107961466061 0.0
-4.123500277254075 0.0
-4.129912473619905 0.0
-4.13634464345311 0.0
-4.142796880222841 0.0
-4.149269277982368 0.0
-4.155761931373645 0.0
-4.162274935631927 0.0
-4.168808386590426 0.0
-4.175362380685009 0.0
-4.181937014958947 0.0
-4.188532387067704 0.0
-4.195148595283764 0.0
-4.201785738501526 0.0
-4.208443916242218 0.0
-4.215123228658882 0.0
-4.221823776541388 0.0
-4.228545661321506 0.0
-4.235288985078027 0.0
-4.242053850541928 0.0
-4.248840361101588 0.0
-4.255648620808058 0.0
-4.262478734380374 0.0
-4.269330807210931 0.0
-4.276204945370903 0.0
-4.283101255615713 0.0
-4.290019845390562 0.0
-4.29696082283601 0.0
-4.30392429679361 0.0
-4.310910376811595 0.0
-4.317919173150622 0.0
-4.324950796789579 0.0
-4.3320053594314345 0.0
-4.339082973509161 0.0
-4.346183752191701 0.0
-4.353307809390001 0.0
-4.360455259763106 0.0
-4.367626218724304 0.0
-4.374820802447347 0.0
-4.382039127872717 0.0
-4.389281312713965 0.0
-4.3965474754641125 0.0
-4.403837735402108 0.0
-4.41115221259936 0.0
-4.418491027926322 0.0
-4.42585430305916 0.0
-4.433242160486467 0.0
-4.440654723516064 0.0
-4.448092116281852 0.0
-4.455554463750749 0.0
-4.463041891729684 0.0
-4.470554526872671 0.0
-4.478092496687945 0.0
-4.485655929545181 0.0
-4.49324495468278 0.0
-4.500859702215228 0.0
-4.508500303140536 0.0
-4.516166889347748 0.0
-4.523859593624529 0.0
-4.531578549664839 0.0
-4.539323892076669 0.0
-4.547095756389875 0.0
-4.55489427906407 0.0
-4.562719597496626 0.0
-4.570571850030731 0.0
-4.578451175963552 0.0
-4.58635771555446 0.0
-4.594291610033363 0.0
-4.60225300160911 0.0
-4.610242033477991 0.0
-4.61825884983232 0.0
-4.626303595869105 0.0
-4.634376417798829 0.0
-4.6424774628542895 0.0
-4.650606879299563 0.0
-4.658764816439043 0.0
-4.666951424626585 0.0
-4.675166855274739 0.0
-4.683411260864088 0.0
-4.691684794952682 0.0
-4.6999876121855655 0.0
-4.70831986830442 0.0
-4.716681720157301 0.0
-4.725073325708477 0.0
-4.733494844048377 0.0
-4.741946435403648 0.0
-4.750428261147311 0.0
-4.758940483809036 0.0
-4.767483267085525 0.0
-4.776056775850996 0.0
-4.784661176167804 0.0
-4.7932966352971516 0.0
-4.801963321709932 0.0
-4.810661405097685 0.0
-4.819391056383669 0.0
-4.828152447734061 0.0
-4.836945752569273 0.0
-4.8457711455753945 0.0
-4.85462880271576 0.0
-4.863518901242642 0.0
-4.872441619709082 0.0
-4.881397137980833 0.0
-4.890385637248455 0.0
-4.899407300039532 0.0
-4.908462310231023 0.0
-4.917550853061765 0.0
-4.926673115145091 0.0
-4.935829284481615 0.0
-4.945019550472138 0.0
-4.954244103930713 0.0
-4.963503137097851 0.0
-4.972796843653873 0.0
-4.982125418732414 0.0
-4.991489058934085 0.0
-5.000887962340283 0.0
-5.010322328527153 0.0
-5.019792358579722 0.0
-5.029298255106182 0.0
-5.038840222252338 0.0
-5.048418465716225 0.0
-5.05803319276289 0.0
-5.0676846122393355 0.0
-5.077372934589649 0.0
-5.087098371870297 0.0
-5.096861137765594 0.0
-5.106661447603352 0.0
-5.116499518370718 0.0
-5.126375568730181 0.0
-5.136289819035778 0.0
-5.146242491349481 0.0
-5.156233809457773 0.0
-5.166263998888427 0.0
-5.176333286927467 0.0
-5.186441902636352 0.0
-5.196590076869323 0.0
-5.206778042290996 0.0
-5.217006033394135 0.0
-5.227274286517644 0.0
-5.237583039864771 0.0
-5.247932533521525 0.0
-5.258323009475323 0.0
-5.2687547116338385 0.0
-5.279227885844102 0.0
-5.289742779911794 0.0
-5.300299643620813 0.0
-5.310898728753036 0.0
-5.321540289108344 0.0
-5.3322245805248825 0.0
-5.3429518608995545 0.0
-5.353722390208784 0.0
-5.364536430529505 0.0
-5.375394246060432 0.0
-5.386296103143562 0.0
-5.397242270285964 0.0
-5.408233018181819 0.0
-5.419268619734733 0.0
-5.430349350080328 0.0
-5.441475486609103 0.0
-5.452647308989588 0.0
-5.4638650991917705 0.0
-5.475129141510824 0.0
-5.486439722591118 0.0
-5.49779713145054 0.0
-5.509201659505113 0.0
-5.520653600593912 0.0
-5.532153251004316 0.0
-5.54370090949754 0.0
-5.555296877334529 0.0
-5.566941458302142 0.0
-5.578634958739686 0.0
-5.5903776875657805 0.0
-5.60216995630556 0.0
-5.614012079118225 0.0
-5.625904372824936 0.0
-5.637847156937075 0.0
-5.649840753684852 0.0
-5.661885488046292 0.0
-5.673981687776592 0.0
-5.686129683437835 0.0
-5.698329808429119 0.0
-5.710582399017048 0.0
-5.722887794366631 0.0
-5.735246336572575 0.0
-5.7476583706909885 0.0
-5.760124244771496 0.0
-5.772644309889769 0.0
-5.785218920180489 0.0
-5.797848432870732 0.0
-5.8105332083138 0.0
-5.823273610023493 0.0
-5.836070004708837 0.0
-5.848922762309266 0.0
-5.8618322560302705 0.0
-5.8747988623795235 0.0
-5.887822961203484 0.0
-5.900904935724489 0.0
-5.914045172578337 0.0
-5.9272440618523845 0.0
-5.940501997124143 0.0
-5.953819375500401 0.0
-5.967196597656877 0.0
-5.980634067878398 0.0
-5.99413219409963 0.0
-6.007691387946356 0.0
-6.021312064777328 0.0
-6.034994643726669 0.0
-6.0487395477468695 0.0
-6.0625472036523735 0.0
-6.076418042163752 0.0
-6.090352497952499 0.0
-6.104351009686423 0.0
-6.118414020075696 0.0
-6.132541975919513 0.0
-6.146735328153414 0.0
-6.160994531897267 0.0
-6.175320046503903 0.0
-6.189712335608458 0.0
-6.204171867178375 0.0
-6.218699113564142 0.0
-6.233294551550713 0.0
-6.24795866240968 0.0
-6.2626919319521654 0.0
-6.2774948505824755 0.0
-6.292367913352514 0.0
-6.307311620016963 0.0
-6.322326475089271 0.0
-6.337412987898416 0.0
-6.352571672646507 0.0
-6.367803048467205 0.0
-6.3831076394849795 0.0
-6.398485974875237 0.0
-6.413938588925306 0.0
-6.429466021096317 0.0
-6.445068816085978 0.0
-6.460747523892269 0.0
-6.476502699878071 0.0
-6.492334904836739 0.0
-6.508244705058639 0.0
-6.524232672398667 0.0
-6.540299384344768 0.0
-6.556445424087464 0.0
-6.572671380590419 0.0
-6.5889778486620605 0.0
-6.6053654290282475 0.0
-6.621834728406056 0.0
-6.638386359578647 0.0
-6.655020941471274 0.0
-6.671739099228425 0.0
-6.68854146429214 0.0
-6.705428674481516 0.0
-6.722401374073405 0.0
-6.7394602138843585 0.0
-6.756605851353807 0.0
-6.773838950628531 0.0
-6.791160182648402 0.0
-6.808570225233474 0.0
-6.826069763172391 0.0
-6.843659488312167 0.0
-6.861340099649383 0.0
-6.879112303422757 0.0
-6.896976813207198 0.0
-6.9149343500092995 0.0
-6.932985642364349 0.0
-6.951131426434849 0.0
-6.969372446110591 0.0
-6.987709453110319 0.0
-7.006143207084983 0.0
-7.024674475722653 0.0
-7.043304034855087 0.0
-7.062032668566003 0.0
-7.080861169301087 0.0
-7.09979033797976 0.0
-7.118820984108751 0.0
-7.137953925897485 0.0
-7.157189990375362 0.0
-7.176530013510906 0.0
-7.195974840332883 0.0
-7.2155253250533695 0.0
-7.235182331192839 0.0
-7.254946731707319 0.0
-7.27481940911759 0.0
-7.294801255640575 0.0
-7.314893173322841 0.0
-7.335096074176367 0.0
-7.35541088031652 0.0
-7.375838524102361 0.0
-7.396379948279294 0.0
-7.417036106124078 0.0
-7.437807961592321 0.0
-7.458696489468405 0.0
-7.4797026755180065 0.0
-7.500827516643133 0.0
-7.522072021039855 0.0
-7.543437208358696 0.0
-7.564924109867753 0.0
-7.586533768618652 0.0
-7.608267239615306 0.0
-7.630125589985637 0.0
-7.652109899156205 0.0
-7.674221259029929 0.0
-7.696460774166841 0.0
-7.718829561968031 0.0
-7.741328752862796 0.0
-7.763959490499061 0.0
-7.786722931937175 0.0
-7.809620247847091 0.0
-7.832652622709081 0.0
-7.855821255017961 0.0
-7.8791273574909955 0.0
-7.902572157279492 0.0
-7.926156896184183 0.0
-7.949882830874494 0.0
-7.973751233111731 0.0
-7.997763389976341 0.0
-8.021920604099247 0.0
-8.046224193897427 0.0
-8.070675493813765 0.0
-8.095275854561288 0.0
-8.120026643371917 0.0
-8.144929244249726 0.0
-8.169985058228962 0.0
-8.195195503636766 0.0
-8.220562016360825 0.0
-8.24608605012198 0.0
-8.271769076751948 0.0
-8.297612586476236 0.0
-8.323618088202373 0.0
-8.34978710981361 0.0
-8.376121198468125 0.0
-8.402621920903956 0.0
-8.429290863749719 0.0
-8.456129633841257 0.0
-8.483139858544378 0.0
-8.510323186083774 0.0
-8.537681285878303 0.0
-8.565215848882747 0.0
-8.592928587936216 0.0
-8.620821238117323 0.0
-8.648895557106306 0.0
-8.677153325554261 0.0
-8.705596347459613 0.0
-8.734226450552034 0.0
-8.763045486683952 0.0
-8.792055332229843 0.0
-8.821257888493477 0.0
-8.850655082123305 0.0
-8.880248865536185 0.0
-8.91004121734963 0.0
-8.940034142822796 0.0
-8.970229674306394 0.0
-9.000629871701769 0.0
-9.031236822929321 0.0
-9.062052644406533 0.0
-9.09307948153583 0.0
-9.124319509202456 0.0
-9.155774932282691 0.0
-9.18744798616259 0.0
-9.219340937267544 0.0
-9.251456083602891 0.0
-9.283795755305869 0.0
-9.316362315209222 0.0
-9.349158159416646 0.0
-9.382185717890488 0.0
-9.415447455051913 0.0
-9.448945870393903 0.0
-9.482683499107374 0.0
-9.51666291272076 0.0
-9.550886719753407 0.0
-9.58535756638309 0.0
-9.620078137128074 0.0
-9.655051155544015 0.0
-9.690279384936149 0.0
-9.725765629087109 0.0
-9.761512733000789 0.0
-9.797523583662718 0.0
-9.833801110817245 0.0
-9.870348287762148 0.0
-9.907168132160939 0.0
-9.944263706873498 0.0
-9.981638120805373 0.0
-10.019294529776342 0.0
-10.057236137408713 0.0
-10.095466196035842 0.0
-10.133988007631512 0.0
-10.172804924760603 0.0
-10.211920351551775 0.0
-10.251337744692588 0.0
-10.29106061444783 0.0
-10.331092525701589 0.0
-10.37143709902371 0.0
-10.412098011761415 0.0
-10.453078999156594 0.0
-10.494383855489701 0.0
-10.53601643525078 0.0
-10.577980654338553 0.0
-10.620280491288208 0.0
-10.662919988528822 0.0
-10.705903253671181 0.0
-10.749234460826829 0.0
-10.792917851959364 0.0
-10.836957738268726 0.0
-10.881358501609602 0.0
-10.92612459594476 0.0
-10.971260548834469 0.0
-11.016770962962967 0.0
-11.062660517703065 0.0
-11.108933970720052 0.0
-11.155596159615962 0.0
-11.202652003615551 0.0
-11.250106505295012 0.0
-11.297964752354911 0.0
-11.346231919438516 0.0
-11.394913269996936 0.0
-11.444014158202528 0.0
-11.493540030911902 0.0
-11.543496429680227 0.0
-11.593888992828193 0.0
-11.644723457563423 0.0
-11.696005662157916 0.0
-11.747741548183258 0.0
-11.799937162805463 0.0
-11.852598661141219 0.0
-11.905732308677557 0.0
-11.95934448375684 0.0
-12.013441680129244 0.0
-12.068030509574818 0.0
-12.123117704597329 0.0
-12.178710121192275 0.0
-12.234814741691347 0.0
-12.291438677685955 0.0
-12.348589173032222 0.0
-12.406273606940283 0.0
-12.464499497150527 0.0
-12.523274503199733 0.0
-12.582606429780032 0.0
-12.64250323019382 0.0
-12.70297300990776 0.0
-12.764024030209407 0.0
-12.825664711969655 0.0
-12.887903639514738 0.0
-12.950749564611638 0.0
-13.014211410570528 0.0
-13.078298276468526 0.0
-13.143019441498767 0.0
-13.20838436944938 0.0
-13.274402713316682 0.0
-13.341084320057417 0.0
-13.408439235485037 0.0
-13.476477709314969 0.0
-13.54521020036431 0.0
-13.614647381911395 0.0
-13.684800147221203 0.0
-13.755679615242334 0.0
-13.82729713648197 0.0
-13.899664299065424 0.0
-13.972792934986847 0.0
-14.046695126558378 0.0
-14.121383213064952 0.0
-14.196869797632687 0.0
-14.273167754318617 0.0
-14.350290235430343 0.0
-14.42825067908421 0.0
-14.507062817011315 0.0
-14.586740682620647 0.0
-14.667298619329395 0.0
-14.748751289170967 0.0
-14.831113681691264 0.0
-14.914401123144817 0.0
-14.998629286002425 0.0
-15.083814198782962 0.0
-15.169972256221962 0.0
-15.257120229790734 0.0
-15.345275278580276 0.0
-15.434454960564548 0.0
-15.524677244258884 0.0
-15.61596052078959 0.0
-15.70832361639206 0.0
-15.801785805354879 0.0
-15.896366823428824 0.0
-15.992086881720432 0.0
-16.088966681090437 0.0
-16.18702742707881 0.0
-16.286290845378893 0.0
-16.386779197884533 0.0
-16.48851529933483 0.0
-16.591522534582786 0.0
-16.695824876515495 0.0
-16.801446904654313 0.0
-16.90841382446568 0.0
-17.016751487414194 0.0
-17.126486411791802 0.0
-17.23764580435792 0.0
-17.350257582827822 0.0
-17.46435039924848 0.0
-17.5799536643026 0.0
-17.697097572584497 0.0
-17.815813128893154 0.0
-17.93613217559093 0.0
-18.058087421078213 0.0
-18.181712469437667 0.0
-18.30704185130478 0.0
-18.4341110560238 0.0
-18.562956565152287 0.0
-18.693615887380602 0.0
-18.82612759493671 0.0
-18.96053136155025 0.0
-19.096868002054457 0.0
-19.235179513709266 0.0
-19.375509119332985 0.0
-19.51790131233598 0.0
-19.66240190375464 0.0
-19.80905807139052 0.0
-19.957918411164812 0.0
-20.109032990805854 0.0
-20.262453405994556 0.0
-20.418232839099396 0.0
-20.57642612064197 0.0
-20.737089793641953 0.0
-20.900282181000566 0.0
-21.06606345609068 0.0
-21.23449571673331 0.0
-21.405643062751878 0.0
-21.579571677307023 0.0
-21.756349912229396 0.0
-21.936048377581134 0.0
-22.118740035693044 0.0
-22.304500299940045 0.0
-22.493407138536018 0.0
-22.685541183648578 0.0
-22.880985846153845 0.0
-23.07982743637495 0.0
-23.282155291170962 0.0
-23.488061907770064 0.0
-23.697643084767403 0.0
-23.910998070739574 0.0
-24.12822972096043 0.0
-24.349444662737394 0.0
-24.57475346992733 0.0
-24.804270847231507 0.0
-25.038115824915835 0.0
-25.276411964649938 0.0
-25.51928757721348 0.0
-25.766875952875967 0.0
-26.019315605318408 0.0
-26.276750530035372 0.0
-26.53933047822986 0.0
-26.807211247296333 0.0
-27.080554989075065 0.0
-27.359530537159706 0.0
-27.64431375464686 0.0
-27.935087903831707 0.0
-28.23204403948372 0.0
-28.535381427475087 0.0
-28.84530799069047 0.0
-29.16204078431372 0.0
-29.485806502775617 0.0
-29.816842020850064 0.0
-30.15539497161395 0.0
-30.50172436423303 0.0
-30.856101244813313 0.0
-31.218809403862316 0.0
-31.59014613423959 0.0
-31.970423043852154 0.0
-32.3599669277633 0.0
-32.75912070484582 0.0
-33.16824442462094 0.0
-33.587716350496876 0.0
-34.01793412625803 0.0
-34.459316033364225 0.0
-34.9123023474179 0.0
-35.37735680304475 0.0
-35.85496817743491 0.0
-36.345652003910146 0.0
-36.849952428146736 0.0
-37.36844422110555 0.0
-37.90173496432212 0.0
-38.45046742502593 0.0
-39.015322140608646 0.0
-39.59702023429181 0.0
-40.19632648648658 0.0
-40.81405268935242 0.0
-41.45106131549613 0.0
-42.108269535673834 0.0
-42.78665362485624 0.0
-43.48725380116964 0.0
-44.21117954815697 0.0
-44.959615477630116 0.0
-45.733827798278064 0.0
-46.53517146433045 0.0
-47.36509808917197 0.0
-48.225164721141496 0.0
-49.11704359313085 0.0
-50.04253297442802 0.0
-51.00356927297684 0.0
-52.00224055944067 0.0
-53.04080171184028 0.0
-54.121691411935956 0.0
-55.24755126300164 0.0
-56.421247344461406 0.0
-57.645894573643446 0.0
-58.924884310618275 0.0
-60.261915721231915 0.0
-61.661031509121145 0.0
-63.12665874363328 0.0
-64.66365565217413 0.0
-66.27736541889496 0.0
-67.97367824497263 0.0
-69.75910318949373 0.0
-71.64085163776515 0.0
-73.62693465346547 0.0
-75.72627698574338 0.0
-77.94885115304017 0.0
-80.30583585313195 0.0
-82.80980400890877 0.0
-85.47494712643724 0.0
-88.3173444180526 0.0
-91.35528746928767 0.0
-94.60967430025447 0.0
-98.10449076517202 0.0
-101.86740273972637 0.0
-105.93049002849018 0.0
-110.33116320474856 0.0
-115.1133188854495 0.0
-120.32880906148901 0.0
-126.03932881355938 0.0
-132.3188683274031 0.0
-139.2569363295887 0.0
-146.96285375494102 0.0
-155.57155648535723 0.0
-165.25156444444568 0.0
-176.2161232227496 0.0
-188.7390964467007 0.0
-203.17815300546678 0.0
-220.00947928994256 0.0
-239.88130322580733 0.0
-263.6993049645436 0.0
-292.7685196850433 0.0
-329.0407256637196 0.0
-375.5717373737382 0.0
-437.4306117647168 0.0
-523.6845352112776 0.0
-652.3088070175507 0.0
-864.6884186047017 0.0
-1282.1242068966294 0.0
-2478.773466666832 0.0
-37181.60200000908 0.0
2860.1232307687574 0.0
1377.0963703702992 0.0
906.8683414634005 0.0
676.0291272727287 0.0
538.8637971014352 0.0
447.97110843372934 0.0
383.3154845360814 0.0
334.9693873873808 0.0
297.4528159999966 0.0
267.49353956834403 0.0
243.01700653594784 0.0
222.64432335329099 0.0
205.42321546961205 0.0
190.6748820512817 0.0
177.9024019138737 0.0
166.73364125560428 0.0
156.88439662447212 0.0
148.13387250996018 0.0
140.30793207547072 0.0
133.26739068100304 0.0
126.89966552901008 0.0
121.11271009771897 0.0
115.83053582554463 0.0
110.98985671641766 0.0
106.53754154727794 0.0
102.42865564738237 0.0
98.62493899204215 0.0
95.09361125319684 0.0
91.8064246913575 0.0
88.73890692124073 0.0
85.86975057736704 0.0
83.18031767337806 0.0
80.65423427331854 0.0
78.27705684210507 0.0
76.03599591002039 0.0
73.9196858846915 0.0
71.91799226305587 0.0
70.02184934086618 0.0
68.22312293577981 0.0
66.51449373881908 0.0
64.88935776614296 0.0
63.341741056218005 0.0
61.86622628951722 0.0
60.45788943089415 0.0
59.11224483306828 0.0
57.825197511664065 0.0
56.59300152206984 0.0
55.41222354694475 0.0
54.27971094890507 0.0
53.19256366237464 0.0
52.14810939691433 0.0
51.14388170563955 0.0
50.17760053981105 0.0
49.24715496688728 0.0
48.35058777633282 0.0
47.48608173690929 0.0
46.651947302383796 0.0
45.84661159062876 0.0
45.06860848484844 0.0
44.31656972586412 0.0
43.58921688159426 0.0
42.885354094578936 0.0
42.203861520998835 0.0
41.54368938547474 0.0
40.90385258525845 0.0
40.28342578548208 0.0
39.681538954108845 0.0
39.097373291272255 0.0
38.530157512953316 0.0
37.97916445352398 0.0
37.44370795568974 0.0
36.92314001986091 0.0
36.41684818805089 0.0
35.92425314009661 0.0
35.444806482364086 0.0
34.97798871119469 0.0
34.523307335190324 0.0
34.080295142071414 0.0
33.64850859728501 0.0
33.227526362823916 0.0
32.81694792586054 0.0
32.41639232781162 0.0
32.02549698535741 0.0
31.64391659574466 0.0
31.271322119428024 0.0
30.907399833748915 0.0
30.55185045193095 0.0
30.20438830219333 0.0
29.864740562248944 0.0
29.53264654487685 0.0
29.207857030636276 0.0
28.890133644133588 0.0
28.579248270561067 0.0
28.27498250950568 0.0
27.977127163280656 0.0
27.68548175725982 0.0
27.399854089904167 0.0
27.12005981035739 0.0
26.845922021660652 0.0
26.57727090779124 0.0
26.313943382873298 0.0
26.055782761037136 0.0
25.8026384455239 0.0
25.554365635738804 0.0
25.310825051055126 0.0
25.07188267026298 0.0
24.83740948563791 0.0
24.60728127068165 0.0
24.38137836065573 0.0
24.15958544509418 0.0
23.941791371538933 0.0
23.727888959795777 0.0
23.517774826059455 0.0
23.31134921630091 0.0
23.108515848352994 0.0
22.909181762168814 0.0
22.71325717776417 0.0
22.52065536038762 0.0
22.331292492492484 0.0
22.145087552114354 0.0
21.961962197282904 0.0
21.781840656121833 0.0
21.604649622312603 0.0
21.430318155619563 0.0
21.25877758719266 0.0
21.089961429381727 0.0
20.923805289814293 0.0
20.760246789503046 0.0
20.599225484764528 0.0
20.44068279274326 0.0
20.284561920349127 0.0
20.13080779642662 0.0
19.97936700698548 0.0
19.83018773333333 0.0
19.683219692959216 0.0
19.538414083026787 0.0
19.39572352634324 0.0
19.255102019678898 0.0
19.116504884318747 0.0
18.97988871873404 0.0
18.845211353269132 0.0
18.712431806743815 0.0
18.58151024487755 0.0
18.452407940446644 0.0
18.325087235091157 0.0
18.199511502692104 0.0
18.075645114244036 0.0
17.95345340415258 0.0
17.832902637889667 0.0
17.713959980943294 0.0
17.596593469001412 0.0
17.480771979313566 0.0
17.366465203176073 0.0
17.25364361948955 0.0
17.14227846934071 0.0
17.032341731562052 0.0
16.923806099226205 0.0
16.81664495703301 0.0
16.71083235955054 0.0
16.60634301027243 0.0
16.50315224145583 0.0
16.40123599470666 0.0
16.300570802279687 0.0
16.20113376906317 0.0
16.102902555218705 0.0
16.00585535944897 0.0
15.90997090286691 0.0
15.81522841344108 0.0
15.721607610993656 0.0
15.629088692728022 0.0
15.537652319264511 0.0
15.447279601163268 0.0
15.357952085914894 0.0
15.269651745379864 0.0
15.182360963658628 0.0
15.096062525375554 0.0
15.0107396043601 0.0
14.926375752709747 0.0
14.842954890219557 0.0
14.760461294164335 0.0
14.67887958941965 0.0
14.598194738908512 0.0
14.518392034361575 0.0
14.439457087378626 0.0
14.361375820780214 0.0
14.284134460238182 0.0
14.20771952617501 0.0
14.132117825921693 0.0
14.057316446124757 0.0
13.983302745393003 0.0
13.910064347175446 0.0
13.837589132861918 0.0
13.765865235098106 0.0
13.694881031307549 0.0
13.624625137412963 0.0
13.555086401749904 0.0
13.486253899165758 0.0
13.418116925297715 0.0
13.350664991023331 0.0
13.283887817077524 0.0
13.21777532883043 0.0
13.152317651220365 0.0
13.087505103836673 0.0
13.023328196147109 0.0
12.959777622865099 0.0
12.896844259451953 0.0
12.834519157749392 0.0
12.772793541738233 0.0
12.711658803418795 0.0
12.651106498809112 0.0
12.591128344056889 0.0
12.531716211661601 0.0
12.47286212680308 0.0
12.414558263772951 0.0
12.356796942505815 0.0
12.299570625206739 0.0
12.242871913072104 0.0
12.18669354310062 0.0
12.131028384991833 0.0
12.075869438129255 0.0
12.021209828645326 0.0
11.967042806565818 0.0
11.913361743031071 0.0
11.8601601275917 0.0
11.80743156557637 0.0
11.755169775529552 0.0
11.703368586717021 0.0
11.652021936696958 0.0
11.601123868954756 0.0
11.550668530599557 0.0
11.500650170120625 0.0
11.451063135201723 0.0
11.401901870591836 0.0
11.353160916030529 0.0
11.304834904226206 0.0
11.25691855888586 0.0
11.209406692794687 0.0
11.162294205944155 0.0
11.115576083707023 0.0
11.069247395058044 0.0
11.02330329083901 0.0
10.977739002066723 0.0
10.932549838282856 0.0
10.887731185944357 0.0
10.843278506853304 0.0
10.799187336625035 0.0
10.75545328319351 0.0
10.712072025352919 0.0
10.669039311334286 0.0
10.626350957416404 0.0
10.584002846569877 0.0
10.541990927133536 0.0
10.500311211522167 0.0
10.45895977496483 0.0
10.4179327542729 0.0
10.377226346636892 0.0
10.336836808451487 0.0
10.296760454167813 0.0
10.25699365517241 0.0
10.217532838691946 0.0
10.178374486723234 0.0
10.139515134987723 0.0
10.100951371909803 0.0
10.062679837618402 0.0
10.024697222971144 0.0
9.987000268600587 0.0
9.949585763981801 0.0
9.91245054652092 0.0
9.875591500664006 0.0
9.839005557025665 0.0
9.802689691537042 0.0
9.766640924612549 0.0
9.730856320334986 0.0
9.695332985658407 0.0
9.660068069628467 0.0
9.62505876261972 0.0
9.59030229558937 0.0
9.555795939347211 0.0
9.521537003841223 0.0
9.487522837458531 0.0
9.453750826341214 0.0
9.420218393716747 0.0
9.38692299924261 0.0
9.353862138364777 0.0
9.321033341689644 0.0
9.288434174369216 0.0
9.256062235499126 0.0
9.223915157529147 0.0
9.191990605686032 0.0
9.160286277408224 0.0
9.128799901792288 0.0
9.097529239050646 0.0
9.066472079980487 0.0
9.035626245443495 0.0
9.004989585856137 0.0
8.974559980690321 0.0
8.944335337984118 0.0
8.91431359386238 0.0
8.884492712066903 0.0
8.854870683496065 0.0
8.825445525753615 0.0
8.79621528270641 0.0
8.76717802405093 0.0
8.738331844888362 0.0
8.709674865308033 0.0
8.681205229978985 0.0
8.652921107749588 0.0
8.624820691254925 0.0
8.59690219653179 0.0
8.56916386264116 0.0
8.541603951297951 0.0
8.514220746507897 0.0
8.487012554211367 0.0
8.459977701934012 0.0
8.433114538444087 0.0
8.40642143341623 0.0
8.379896777101644 0.0
8.353538980004489 0.0
8.327346472564386 0.0
8.30131770484483 0.0
8.27545114622746 0.0
8.249745285112045 0.0
8.224198628621984 0.0
8.198809702315325 0.0
8.173577049901073 0.0
8.148499232960768 0.0
8.123574830675114 0.0
8.098802439555648 0.0
8.07418067318132 0.0
8.049708161939812 0.0
8.02538355277358 0.0
8.00120550893049 0.0
7.977172709718942 0.0
7.953283850267378 0.0
7.929537641288116 0.0
7.905932808845415 0.0
7.882468094127622 0.0
7.859142253223419 0.0
7.835954056901999 0.0
7.8129022903971395 0.0
7.7899857531950545 0.0
7.767203258825982 0.0
7.744553634659443 0.0
7.722035721703009 0.0
7.699648374404638 0.0
7.6773904604583905 0.0
7.655260860613545 0.0
7.633258468486963 0.0
7.611382190378706 0.0
7.589630945090832 0.0
7.568003663749234 0.0
7.546499289628577 0.0
7.525116777980162 0.0
7.503855095862762 0.0
7.482713221976252 0.0
7.461690146498089 0.0
7.440784870922551 0.0
7.419996407902612 0.0
7.399323781094527 0.0
7.378766025004957 0.0
7.358322184840686 0.0
7.337991316360764 0.0
7.317772485731151 0.0
7.297664769381744 0.0
7.277667253865725 0.0
7.257779035721256 0.0
7.237999221335406 0.0
7.218326926810326 0.0
7.198761277831557 0.0
7.179301409538517 0.0
7.159946466397069 0.0
7.140695602074129 0.0
7.1215479793143075 0.0
7.102502769818526 0.0
7.083559154124593 0.0
7.064716321489643 0.0
7.045973469774493 0.0
7.027329805329802 0.0
7.00878454288407 0.0
6.990336905433351 0.0
6.971986124132755 0.0
6.953731438189637 0.0
6.935572094758439 0.0
6.917507348837209 0.0
6.899536463165704 0.0
6.881658708125114 0.0
6.863873361639283 0.0
6.846179709077514 0.0
6.82857704315886 0.0
6.811064663857848 0.0
6.793641878311712 0.0
6.776308000728993 0.0
6.75906235229958 0.0
6.7419042611060735 0.0
6.724833062036532 0.0
6.707848096698536 0.0
6.690948713334532 0.0
6.674134266738466 0.0
6.657404118173677 0.0
6.640757635292015 0.0
6.6241941920541585 0.0
6.607713168651143 0.0
6.59131395142705 0.0
6.574995932802828 0.0
6.558758511201269 0.0
6.542601090973075 0.0
6.526523082324029 0.0
6.5105239012432135 0.0
6.494602969432312 0.0
6.4787597142359274 0.0
6.462993568572918 0.0
6.447303970868735 0.0
6.431690364988754 0.0
6.416152200172561 0.0
6.400688930969185 0.0
6.385300017173275 0.0
6.369984923762204 0.0
6.354743120834044 0.0
6.339574083546461 0.0
6.32447729205647 0.0
6.309452231461053 0.0
6.294498391738614 0.0
6.279615267691265 0.0
6.264802358887951 0.0
6.2500591696083365 0.0
6.235385208787522 0.0
6.220779989961517 0.0
6.206243031213485 0.0
6.191773855120732 1.0
6.177371988702439 1.0
6.16303696336814 1.0
6.148768314866875 1.0
6.134565583237089 1.0
6.120428312757199 1.0
6.106356051896861 1.0
6.092348353268884 1.0
6.078404773581818 1.0
6.0645248735932125 1.0
6.050708218063464 1.0
6.036954375710342 1.0
6.023262919164099 1.0
6.009633424923225 1.0
5.996065473310755 1.0
5.982558648431212 1.0
5.969112538128108 1.0
5.955726733942014 1.0
5.942400831069201 1.0
5.92913442832084 1.0
5.915927128082735 1.0
5.902778536275599 1.0
5.889688262315854 1.0
5.87665591907697 1.0
5.8636811228512835 1.0
5.850763493312352 1.0
5.837902653477781 1.0
5.825098229672565 1.0
5.812349851492886 1.0
5.799657151770392 1.0
5.787019766536964 1.0
5.774437334989904 1.0
5.761909499457616 1.0
5.749435905365701 1.0
5.737016201203517 1.0
5.724650038491147 1.0
5.712337071746811 1.0
5.700076958454696 1.0
5.687869359033194 1.0
5.675713936803541 1.0
5.663610357958871 1.0
5.651558291533665 1.0
5.639557409373577 1.0
5.6276073861056455 1.0
5.6157078991088945 1.0
5.603858628485304 1.0
5.592059257031131 1.0
5.580309470208612 1.0
5.568608956118015 1.0
5.556957405470034 1.0
5.545354511558537 1.0
5.533799970233663 1.0
5.52229347987524 1.0
5.510834741366533 1.0
5.49942345806833 1.0
5.488059335793356 1.0
5.4767420827809685 1.0
5.465471409672204 1.0
5.454247029485109 1.0
5.443068657590395 1.0
5.4319360116873625 1.0
5.42084881178014 1.0
5.409806780154225 1.0
5.398809641353273 1.0
5.387857122156208 1.0
5.376948951554589 1.0
5.366084860730263 1.0
5.355264583033271 1.0
5.344487853960038 1.0
5.33375441113183 1.0
5.323063994273443 1.0
5.31241634519217 1.0
5.301811207757021 1.0
5.291248327878183 1.0
5.28072745348672 1.0
5.270248334514527 1.0
5.259810722874521 1.0
5.249414372441055 1.0
5.239059039030575 1.0
5.228744480382504 1.0
5.218470456140349 1.0
5.20823672783303 1.0
5.198043058856421 1.0
5.18788921445514 1.0
5.177774961704497 1.0
5.167700069492703 1.0
5.157664308503257 1.0
5.147667451197562 1.0
5.137709271797705 1.0
5.1277895462694785 1.0
5.117908052305574 1.0
5.1080645693089695 1.0
5.098258878376525 1.0
5.088490762282741 1.0
5.078760005463733 1.0
5.0690663940013625 1.0
5.059409715607563 1.0
5.049789759608854 1.0
5.040206316931001 1.0
5.030659180083886 1.0
5.021148143146521 1.0
5.011673001752256 1.0
5.002233553074128 1.0
4.992829595810392 1.0
4.983460930170216 1.0
4.974127357859531 1.0
4.964828682067031 1.0
4.9555647074503515 1.0
4.946335240122388 1.0
4.937140087637763 1.0
4.927979058979455 1.0
4.918851964545573 1.0
4.909758616136273 1.0
4.900698826940819 1.0
4.891672411524797 1.0
4.882679185817464 1.0
4.873718967099226 1.0
4.86479157398927 1.0
4.8558968264333275 1.0
4.847034545691565 1.0
4.83820455432661 1.0
4.829406676191712 1.0
4.820640736419032 1.0
4.8119065614080485 1.0
4.803203978814104 1.0
4.794532817537071 1.0
4.78589290771013 1.0
4.77728408068868 1.0
4.768706169039373 1.0
4.7601590065292525 1.0
4.751642428115016 1.0
4.743156269932388 1.0
4.734700369285622 1.0
4.726274564637091 1.0
4.717878695597005 1.0
4.709512602913235 1.0
4.701176128461245 1.0
4.692869115234128 1.0
4.6845914073327455 1.0
4.676342849955979 1.0
4.668123289391085 1.0
4.659932573004135 1.0
4.651770549230575 1.0
4.643637067565879 1.0
4.63553197855629 1.0
4.627455133789669 1.0
4.619406385886444 1.0
4.611385588490635 1.0
4.603392596260988 1.0
4.595427264862191 1.0
4.587489450956198 1.0
4.579579012193619 1.0
4.571695807205213 1.0
4.563839695593469 1.0
4.556010537924273 1.0
4.5482081957186535 1.0
4.540432531444619 1.0
4.532683408509081 1.0
4.524960691249847 1.0
4.517264244927712 1.0
4.509593935718616 1.0
4.501949630705896 1.0
4.494331197872597 1.0
4.4867385060938805 1.0
4.479171425129501 1.0
4.471629825616355 1.0
4.464113579061111 1.0
4.456622557832913 1.0
4.449156635156156 1.0
4.441715685103333 1.0
4.434299582587953 1.0
4.4269082033575415 1.0
4.419541423986686 1.0
4.412199121870179 1.0
4.404881175216206 1.0
4.397587463039621 1.0
4.390317865155272 1.0
4.3830722621714 1.0
4.37585053548311 1.0
4.36865256726589 1.0
4.361478240469208 1.0
4.354327438810164 1.0
4.347200046767215 1.0
4.340095949573946 1.0
4.333015033212911 1.0
4.32595718440954 1.0
4.318922290626088 1.0
4.311910240055664 1.0
4.304920921616301 1.0
4.297954224945093 1.0
4.291010040392382 1.0
4.284088259016014 1.0
4.277188772575634 1.0
4.270311473527046 1.0
4.263456255016626 1.0
4.256623010875786 1.0
4.249811635615498 1.0
4.24302202442086 1.0
4.23625407314572 1.0
4.229507678307359 1.0
4.222782737081203 1.0
4.216079147295611 1.0
4.209396807426694 1.0
4.202735616593195 1.0
4.196095474551404 1.0
4.18947628169014 1.0
4.1828779390257615 1.0
4.176300348197237 1.0
4.169743411461253 1.0
4.16320703168738 1.0
4.156691112353269 1.0
4.150195557539903 1.0
4.143720271926891 1.0
4.137265160787804 1.0
4.130830129985555 1.0
4.124415085967831 1.0
4.1180199357625416 1.0
4.11164458697335 1.0
4.1052889477752 1.0
4.098952926909932 1.0
4.092636433681894 1.0
4.086339377953621 1.0
4.080061670141554 1.0
4.073803221211789 1.0
4.067563942675855 1.0
4.061343746586563 1.0
4.055142545533863 1.0
4.0489602526407475 1.0
4.042796781559202 1.0
4.036652046466181 1.0
4.030525962059619 1.0
4.024418443554497 1.0
4.018329406678914 1.0
4.012258767670226 1.0
4.0062064432712 1.0
4.000172350726196 1.0
3.994156407777418 1.0
3.9881585326611604 1.0
3.982178644104101 1.0
3.9762166613196435 1.0
3.970272504004271 1.0
3.9643460923339364 1.0
3.9584373469605008 1.0
3.952546189008185 1.0
3.946672540070055 1.0
3.9408163222045576 1.0
3.9349774579320558 1.0
3.929155870231426 1.0
3.9233514825366678 1.0
3.917564218733536 1.0
3.9117940031562317 1.0
3.9060407605840948 1.0
3.9003044162383294 1.0
3.8945848957787774 1.0
3.8888821253007 1.0
3.8831960313315914 1.0
3.8775265408280304 1.0
3.87187358117255 1.0
3.8662370801705297 1.0
3.8606169660471394 1.0
3.855013167444271 1.0
3.849425613417537 1.0
3.8438542334332677 1.0
3.8382989573655406 1.0
3.8327597154932467 1.0
3.8272364384971693 1.0
3.821729057457086 1.0
3.816237503848915 1.0
3.810761709541867 1.0
3.8053016067956187 1.0
3.7998571282575373 1.0
3.7944282069598936 1.0
3.789014776317129 1.0
3.7836167701231305 1.0
3.778234122548521 1.0
3.772866768138 1.0
3.7675146418076806 1.0
3.762177678842456 1.0
3.7568558148934006 1.0
3.751548985975179 1.0
3.7462571284634754 1.0
3.740980179092462 1.0
3.7357180749522754 1.0
3.7304707534865047 1.0
3.725238152489731 1.0
3.720020210105052 1.0
3.714816864821659 1.0
3.7096280554724137 1.0
3.704453721231443 1.0
3.6992938016117787 1.0
3.6941482364629903 1.0
3.6890169659688454 1.0
3.683899930645 1.0
3.6787970713366973 1.0
3.6737083292164794 1.0
3.668633645781942 1.0
3.6635729628534826 1.0
3.6585262225720743 1.0
3.653493367397072 1.0
3.6484743401040127 1.0
3.6434690837824584 1.0
3.638477541833839 1.0
3.6334996579693146 1.0
3.628535376207669 1.0
3.623584640873209 1.0
3.618647396593673 1.0
3.613723588298181 1.0
3.60881316121518 1.0
3.603916060870407 1.0
3.5990322330848885 1.0
3.5941616239729335 1.0
3.589304179940148 1.0
3.584459847681481 1.0
3.579628574179262 1.0
3.5748103067012775 1.0
3.570004992798848 1.0
3.5652125803049186 1.0
3.560433017332183 1.0
3.5556662522712057 1.0
3.550912233788558 1.0
3.5461709108249866 1.0
3.54144223259358 1.0
3.53672614857795 1.0
3.532022608530444 1.0
3.5273315624703536 1.0
3.5226529606821404 1.0
3.517986753713691 1.0
3.5133328923745624 1.0
3.5086913277342635 1.0
3.5040620111205354 1.0
3.499444894117646 1.0
3.4948399285647134 1.0
3.4902470665540224 1.0
3.485666260429361 1.0
3.4810974627843825 1.0
3.4765406264609626 1.0
3.471995704547576 1.0
3.4674626503776915 1.0
3.462941417528173 1.0
3.4584319598176902 1.0
3.4539342313051558 1.0
3.4494481862881523 1.0
3.444973779301398 1.0
3.4405109651152035 1.0
3.4360596987339425 1.0
3.4316199353945533 1.0
3.4271916305650287 1.0
3.4227747399429247 1.0
3.4183692194538926 1.0
3.413975025250206 1.0
3.409592113709307 1.0
3.4052204414323644 1.0
3.4008599652428426 1.0
3.3965106421850724 1.0
3.3921724295228537 1.0
3.3878452847380407 1.0
3.3835291655291644 1.0
3.3792240298100515 1.0
3.37492983570845 1.0
3.37064654156468 1.0
3.366374105930285 1.0
3.3621124875666872 1.0
3.357861645443871 1.0
3.3536215387390635 1.0
3.3493921268354194 1.0
3.345173369320738 1.0
3.340965225986162 1.0
3.3367676568249114 1.0
3.332580622031012 1.0
3.32840408199803 1.0
3.3242379973178355 1.0
3.320082328779355 1.0
3.3159370373673407 1.0
3.311802084261155 1.0
3.3076774308335555 1.0
3.3035630386494885 1.0
3.2994588694649023 1.0
3.29536488522556 1.0
3.291281048065857 1.0
3.2872073203076653 1.0
3.2831436644591605 1.0
3.279090043213686 1.0
3.275046419448604 1.0
3.2710127562241573 1.0
3.2669890167823556 1.0
3.2629751645458533 1.0
3.2589711631168368 1.0
3.2549769762759335 1.0
3.250992567981114 1.0
3.2470179023666046 1.0
3.2430529437418216 1.0
3.239097656590295 1.0
3.2351520055686063 1.0
3.2312159555053444 1.0
3.2272894714000517 1.0
3.223372518422192 1.0
3.219465061910122 1.0
3.2155670673700594 1.0
3.2116785004750787 1.0
3.207799327064101 1.0
3.203929513140887 1.0
3.2000690248730517 1.0
3.196217828591077 1.0
3.1923758907873263 1.0
3.1885431781150833 1.0
3.1847196573875802 1.0
3.1809052955770376 1.0
3.177100059813723 1.0
3.1733039173849957 1.0
3.169516835734378 1.0
3.165738782460622 1.0
3.1619697253167782 1.0
3.1582096322092914 1.0
3.1544584711970813 1.0
3.1507162104906357 1.0
3.1469828184511206 1.0
3.143258263589483 1.0
3.1395425145655653 1.0
3.1358355401872298 1.0
3.132137309409485 1.0
3.1284477913336133 1.0
3.12476695520632 1.0
3.12109477041887 1.0
3.1174312065062453 1.0
3.113776233146303 1.0
3.1101298201589285 1.0
3.1064919375052207 1.0
3.1028625552866558 1.0
3.0992416437442687 1.0
3.095629173257846 1.0
3.092025114345114 1.0
3.0884294376609347 1.0
3.084842113996514 1.0
3.081263114278611 1.0
3.0776924095687432 1.0
3.0741299710624226 1.0
3.0705757700883636 1.0
3.0670297781077283 1.0
3.063491966713356 1.0
3.059962307629001 1.0
3.056440772708589 1.0
3.052927333935463 1.0
3.0494219634216346 1.0
3.0459246334070604 1.0
3.0424353162588984 1.0
3.03895398447078 1.0
3.0354806106620935 1.0
3.032015167577265 1.0
3.028557628085036 1.0
3.025107965177772 1.0
3.021666151970743 1.0
3.018232161701436 1.0
3.0148059677288574 1.0
3.011387543532842 1.0
3.0079768627133716 1.0
3.0045738989898987 1.0
3.0011786262006614 1.0
2.9977910183020224 1.0
2.9944110493678022 1.0
2.9910386935886084 1.0
2.987673925271193 1.0
2.9843167188377877 1.0
2.980967048825462 1.0
2.9776248898854814 1.0
2.974290216782657 1.0
2.9709630043947253 1.0
2.967643227711709 1.0
2.964330861835286 1.0
2.9610258819781783 1.0
2.957728263463527 1.0
2.9544379817242743 1.0
2.951155012302563 1.0
2.9478793308491236 1.0
2.9446109131226725 1.0
2.9413497349893207 1.0
2.938095772421967 1.0
2.9348490014997233 1.0
2.931609398407317 1.0
2.9283769394345116 1.0
2.925151600975532 1.0
2.921933359528487 1.0
2.9187221916947954 1.0
2.9155180741786237 1.0
2.9123209837863238 1.0
2.9091308974258663 1.0
2.90594779210629 1.0
2.902771644937153 1.0
2.8996024331279724 1.0
2.8964401339876917 1.0
2.8932847249241305 1.0
2.8901361834434502 1.0
2.886994487149623 1.0
2.883859613743892 1.0
2.8807315410242493 1.0
2.8776102468849163 1.0
2.8744957093158092 1.0
2.871387906402038 1.0
2.8682868163233817 1.0
2.865192417353779 1.0
2.862104687860826 1.0
2.859023606305267 1.0
2.8559491512404938 1.0
2.8528813013120544 1.0
2.8498200352571468 1.0
2.8467653319041415 1.0
2.8437171701720843 1.0
2.840675529070211 1.0
2.837640387697473 1.0
2.834611725242052 1.0
2.8315895209808843 1.0
2.828573754279193 1.0
2.825564404590014 1.0
2.8225614514537307 1.0
2.81956487449761 1.0
2.816574653435345 1.0
2.8135907680665904 1.0
2.8106131982765135 1.0
2.807641924035339 1.0
2.804676925397902 1.0
2.801718182503202 1.0
2.7987656755739554 1.0
2.7958193849161583 1.0
2.792879290918651 1.0
2.7899453740526745 1.0
2.7870176148714476 1.0
2.7840959940097343 1.0
2.7811804921834087 1.0
2.7782710901890444 1.0
2.7753677689034855 1.0
2.772470509283423 1.0
2.769579292364991 1.0
2.7666940992633378 1.0
2.7638149111722283 1.0
2.7609417093636295 1.0
2.7580744751873 1.0
2.755213190070396 1.0
2.7523578355170626 1.0
2.7495083931080373 1.0
2.7466648445002577 1.0
2.743827171426463 1.0
2.7409953556948023 1.0
2.738169379188452 1.0
2.7353492238652244 1.0
2.732534871757183 1.0
2.7297263049702662 1.0
2.726923505683901 1.0
2.724126456150633 1.0
2.7213351386957476 1.0
2.7185495357168965 1.0
2.715769629683733 1.0
2.7129954031375405 1.0
2.710226838690866 1.0
2.70746391902716 1.0
2.7047066269004145 1.0
2.701954945134801 1.0
2.699208856624319 1.0
2.696468344332439 1.0
2.6937333912917474 1.0
2.6910039806036044 1.0
2.6882800954377846 1.0
2.685561719032141 1.0
2.682848834692258 1.0
2.6801414257911045 1.0
2.677439475768704 1.0
2.674742968131789 1.0
2.672051886453467 1.0
2.6693662143728902 1.0
2.6666859355949217 1.0
2.6640110338898038 1.0
2.661341493092835 1.0
2.6586772971040395 1.0
2.656018429887849 1.0
2.6533648754727754 1.0
2.650716617951094 1.0
2.6480736414785264 1.0
2.6454359302739237 1.0
2.642803468618949 1.0
2.640176240857771 1.0
2.637554231396751 1.0
2.6349374247041313 1.0
2.6323258053097334 1.0
2.629719357804653 1.0
2.6271180668409517 1.0
2.6245219171313616 1.0
2.621930893448981 1.0
2.619344980626981 1.0
2.6167641635583077 1.0
2.6141884271953875 1.0
2.611617756549834 1.0
2.609052136692162 1.0
2.606491552751489 1.0
2.603935989915259 1.0
2.601385433428951 1.0
2.5988398685957916 1.0
2.5962992807764813 1.0
2.593763655388908 1.0
2.5912329779078673 1.0
2.588707233864792 1.0
2.5861864088474644 1.0
2.5836704884997563 1.0
2.5811594585213467 1.0
2.5786533046674522 1.0
2.5761520127485618 1.0
2.573655568630165 1.0
2.5711639582324866 1.0
2.568677167530224 1.0
2.566195182552281 1.0
2.563717989381507 1.0
2.5612455741544387 1.0
2.5587779230610415 1.0
2.5563150223444477 1.0
2.5538568583007075 1.0
2.5514034172785287 1.0
2.548954685679029 1.0
2.5465106499554824 1.0
2.5440712966130685 1.0
2.541636612208626 1.0
2.539206583350406 1.0
2.5367811966978233 1.0
2.534360438961215 1.0
2.5319442969016004 1.0
2.52953275733043 1.0
2.527125807109358 1.0
2.5247234331499966 1.0
2.5223256224136756 1.0
2.519932361911217 1.0
2.517543638702688 1.0
2.5151594398971784 1.0
2.512779752652565 1.0
2.510404564175275 1.0
2.508033861720067 1.0
2.505667632589797 1.0
2.503305864135191 1.0
2.5009485437546237 1.0
2.4985956588938913 1.0
2.4962471970459883 1.0
2.493903145750888 1.0
2.491563492595322 1.0
2.489228225212559 1.0
2.4868973312821883 1.0
2.4845707985299024 1.0
2.4822486147272844 1.0
2.4799307676915894 1.0
2.477617245285533 1.0
2.475308035417082 1.0
2.4730031260392416 1.0
2.4707025051498435 1.0
2.4684061607913423 1.0
2.466114081050607 1.0
2.46382625405871 1.0
2.4615426679907313 1.0
2.4592633110655466 1.0
2.4569881715456283 1.0
2.454717237736846 1.0
2.452450497988259 1.0
2.4501879406919267 1.0
2.4479295542827044 1.0
2.4456753272380447 1.0
2.4434252480778067 1.0
2.4411793053640602 1.0
2.438937487700885 1.0
2.436699783734189 1.0
2.434466182151509 1.0
2.4322366716818205 1.0
2.4300112410953534 1.0
2.427789879203395 1.0
2.4255725748581116 1.0
2.423359316952356 1.0
2.4211500944194824 1.0
2.4189448962331657 1.0
2.416743711407215 1.0
2.414546528995389 1.0
2.412353338091221 1.0
2.410164127827834 1.0
2.40797888737776 1.0
2.4057976059527655 1.0
2.4036202728036713 1.0
2.4014468772201765 1.0
2.399277408530683 1.0
2.397111856102121 1.0
2.394950209339774 1.0
2.3927924576871096 1.0
2.3906385906256027 1.0
2.3884885976745673 1.0
2.386342468390989 1.0
2.3842001923693488 1.0
2.3820617592414624 1.0
2.3799271586763107 1.0
2.3777963803798676 1.0
2.3756694140949453 1.0
2.3735462496010213 1.0
2.3714268767140756 1.0
2.3693112852864338 1.0
2.3671994652065953 1.0
2.3650914063990838 1.0
2.362987098824277 1.0
2.360886532478252 1.0
2.358789697392628 1.0
2.3566965836344043 1.0
2.3546071813058065 1.0
2.352521480544131 1.0
2.3504394715215877 1.0
2.3483611444451458 1.0
2.346286489556382 1.0
2.344215497131328 1.0
2.3421481574803145 1.0
2.3400844609478253 1.0
2.3380243979123434 1.0
2.335967958786203 1.0
2.3339151340154416 1.0
2.3318659140796485 1.0
2.3298202894918223 1.0
2.327778250798222 1.0
2.3257397885782196 1.0
2.323704893444159 1.0
2.3216735560412114 1.0
2.3196457670472266 1.0
2.3176215171725976 1.0
2.315600797160117 1.0
2.313583597784829 1.0
2.311569909853901 1.0
2.3095597242064723 1.0
2.3075530317135224 1.0
2.305549823277733 1.0
2.3035500898333434 1.0
2.3015538223460226 1.0
2.299561011812728 1.0
2.2975716492615703 1.0
2.295585725751682 1.0
2.29360323237308 1.0
2.291624160246533 1.0
2.2896485005234304 1.0
2.2876762443856515 1.0
2.285707383045429 1.0
2.2837419077452243 1.0
2.281779809757594 1.0
2.279821080385063 1.0
2.277865710959995 1.0
2.275913692844463 1.0
2.273965017430126 1.0
2.2720196761380995 1.0
2.2700776604188286 1.0
2.2681389617519665 1.0
2.2662035716462485 1.0
2.264271481639364 1.0
2.26234268329784 1.0
2.2604171682169127 1.0
2.2584949280204087 1.0
2.256575954360624 1.0
2.2546602389181976 1.0
2.2527477734019987 1.0
2.2508385495490044 1.0
2.2489325591241753 1.0
2.2470297939203476 1.0
2.2451302457581064 1.0
2.2432339064856706 1.0
2.2413407679787807 1.0
2.2394508221405767 1.0
2.237564060901486 1.0
2.235680476219109 1.0
2.233800060078101 1.0
2.231922804490065 1.0
2.2300487014934323 1.0
2.2281777431533523 1.0
2.2263099215615827 1.0
2.2244452288363745 1.0
2.222583657122362 1.0
2.220725198590455 1.0
2.218869845437727 1.0
2.217017589887305 1.0
2.2151684241882625 1.0
2.2133223406155125 1.0
2.2114793314696954 1.0
2.2096393890770782 1.0
2.2078025057894424 1.0
2.2059686739839806 1.0
2.204137886063193 1.0
2.202310134454777 1.0
2.200485411611528 1.0
2.1986637100112354 1.0
2.1968450221565727 1.0
2.1950293405750037 1.0
2.193216657818675 1.0
2.1914069664643128 1.0
2.189600259113126 1.0
2.187796528390703 1.0
2.1859957669469097 1.0
2.184197967455795 1.0
2.182403122615484 1.0
2.180611225148085 1.0
2.17882226779959 1.0
2.1770362433397734 1.0
2.175253144562101 1.0
2.1734729642836266 1.0
2.1716956953448974 1.0
2.169921330609862 1.0
2.1681498629657705 1.0
2.1663812853230784 1.0
2.164615590615357 1.0
2.162852771799197 1.0
2.161092821854112 1.0
2.1593357337824495 1.0
2.157581500609296 1.0
2.155830115382385 1.0
2.1540815711720063 1.0
2.1523358610709113 1.0
2.150592978194227 1.0
2.148852915679362 1.0
2.1471156666859152 1.0
2.145381224395591 1.0
2.1436495820121073 1.0
2.141920732761103 1.0
2.1401946698900587 1.0
2.1384713866682 1.0
2.1367508763864143 1.0
2.1350331323571634 1.0
2.1333181479143954 1.0
2.13160591641346 1.0
2.1298964312310247 1.0
2.1281896857649816 1.0
2.126485673434372 1.0
2.124784387679296 1.0
2.1230858219608284 1.0
2.1213899697609397 1.0
2.1196968245824066 1.0
2.1180063799487323 1.0
2.1163186294040632 1.0
2.114633566513109 1.0
2.1129511848610556 1.0
2.111271478053489 1.0
2.1095944397163118 1.0
2.1079200634956625 1.0
2.106248343057837 1.0
2.1045792720892056 1.0
2.1029128442961365 1.0
2.101249053404916 1.0
2.0995878931616687 1.0
2.0979293573322795 1.0
2.0962734397023173 1.0
2.094620134076953 1.0
2.092969434280889 1.0
2.0913213341582764 1.0
2.0896758275726404 1.0
2.0880329084068063 1.0
2.086392570562819 1.0
2.0847548079618723 1.0
2.0831196145442323 1.0
2.0814869842691595 1.0
2.0798569111148395 1.0
2.0782293890783072 1.0
2.0766044121753695 1.0
2.0749819744405373 1.0
2.07336206992695 1.0
2.0717446927063015 1.0
2.0701298368687713 1.0
2.068517496522948 1.0
2.066907665795764 1.0
2.065300338832417 1.0
2.063695509796303 1.0
2.0620931728689476 1.0
2.0604933222499304 1.0
2.0588959521568193 1.0
2.057301056825098 1.0
2.0557086305080996 1.0
2.0541186674769345 1.0
2.0525311620204243 1.0
2.0509461084450327 1.0
2.049363501074794 1.0
2.047783334251253 1.0
2.046205602333388 1.0
2.0446302996975523 1.0
2.043057420737403 1.0
2.041486959863833 1.0
2.03991891150491 1.0
2.0383532701058056 1.0
2.0367900301287314 1.0
2.035229186052876 1.0
2.0336707323743366 1.0
2.0321146636060554 1.0
2.030560974277756 1.0
2.02900965893588 1.0
2.027460712143519 1.0
2.0259141284803577 1.0
2.0243699025426034 1.0
2.02282802894293 1.0
2.0212885023104104 1.0
2.0197513172904555 1.0
2.0182164685447535 1.0
2.0166839507512067 1.0
2.0151537586038692 1.0
2.0136258868128887 1.0
2.0121003301044427 1.0
2.010577083220678 1.0
2.0090561409196512 1.0
2.007537497975271 1.0
2.006021149177232 1.0
2.004507089330961 1.0
2.0029953132575553 1.0
2.001485815793723 1.0
1.999978591791727 1.0
1.9984736361193225 1.0
1.9969709436597018 1.0
1.9954705093114367 1.0
1.993972327988416 1.0
1.9924763946197948 1.0
1.990982704149933 1.0
1.9894912515383376 1.0
1.98800203175961 1.0
1.986515039803387 1.0
1.9850302706742828 1.0
1.9835477193918378 1.0
1.9820673809904577 1.0
1.9805892505193623 1.0
1.9791133230425293 1.0
1.977639593638636 1.0
1.9761680574010094 1.0
1.9746987094375696 1.0
1.9732315448707738 1.0
1.9717665588375666 1.0
1.970303746489322 1.0
1.968843102991792 1.0
1.9673846235250543 1.0
1.9659283032834556 1.0
1.9644741374755637 1.0
1.9630221213241117 1.0
1.9615722500659454 1.0
1.9601245189519738 1.0
1.9586789232471158 1.0
1.9572354582302467 1.0
1.9557941191941504 1.0
1.9543549014454662 1.0
1.9529178003046377 1.0
1.951482811105862 1.0
1.950049929197042 1.0
1.9486191499397303 1.0
1.947190468709086 1.0
1.9457638808938196 1.0
1.9443393818961456 1.0
1.9429169671317343 1.0
1.9414966320296587 1.0
1.94007837203235 1.0
1.9386621825955472 1.0
1.9372480591882455 1.0
1.9358359972926533 1.0
1.9344259924041411 1.0
1.9330180400311927 1.0
1.9316121356953604 1.0
1.930208274931215 1.0
1.9288064532862992 1.0
1.9274066663210825 1.0
1.9260089096089092 1.0
1.924613178735959 1.0
1.9232194693011948 1.0
1.9218277769163175 1.0
1.9204380972057224 1.0
1.9190504258064516 1.0
1.9176647583681468 1.0
1.9162810905530068 1.0
1.9148994180357417 1.0
1.913519736503525 1.0
1.9121420416559523 1.0
1.9107663292049948 1.0
1.9093925948749548 1.0
1.908020834402422 1.0
1.9066510435362287 1.0
1.9052832180374066 1.0
1.9039173536791436 1.0
1.9025534462467377 1.0
1.9011914915375563 1.0
1.8998314853609932 1.0
1.898473423538422 1.0
1.8971173019031577 1.0
1.895763116300413 1.0
1.8944108625872518 1.0
1.893060536632554 1.0
1.8917121343169676 1.0
1.8903656515328686 1.0
1.8890210841843216 1.0
1.8876784281870334 1.0
1.8863376794683169 1.0
1.884998833967047 1.0
1.8836618876336184 1.0
1.882326836429909 1.0
1.8809936763292354 1.0
1.8796624033163132 1.0
1.8783330133872185 1.0
1.877005502549346 1.0
1.8756798668213688 1.0
1.8743561022332 1.0
1.8730342048259532 1.0
1.8717141706519 1.0
1.8703959957744352 1.0
1.869079676268034 1.0
1.8677652082182143 1.0
1.8664525877214997 1.0
1.8651418108853772 1.0
1.8638328738282617 1.0
1.8625257726794568 1.0
1.8612205035791156 1.0
1.8599170626782047 1.0
1.8586154461384654 1.0
1.857315650132374 1.0
1.8560176708431082 1.0
1.8547215044645082 1.0
1.8534271472010364 1.0
1.852134595267746 1.0
1.8508438448902382 1.0
1.8495548923046305 1.0
1.8482677337575184 1.0
1.8469823655059359 1.0
1.845698783817324 1.0
1.8444169849694925 1.0
1.843136965250582 1.0
1.8418587209590327 1.0
1.8405822484035441 1.0
1.8393075439030422 1.0
1.8380346037866429 1.0
1.8367634243936173 1.0
1.835494002073357 1.0
1.8342263331853386 1.0
1.8329604140990876 1.0
1.831696241194147 1.0
1.8304338108600402 1.0
1.8291731194962364 1.0
1.8279141635121179 1.0
1.8266569393269465 1.0
1.8254014433698265 1.0
1.8241476720796737 1.0
1.8228956219051822 1.0
1.8216452893047863 1.0
1.820396670746634 1.0
1.8191497627085473 1.0
1.817904561677993 1.0
1.8166610641520498 1.0
1.815419266637371 1.0
1.814179165650158 1.0
1.8129407577161245 1.0
1.8117040393704622 1.0
1.8104690071578122 1.0
1.809235657632232 1.0
1.8080039873571598 1.0
1.8067739929053885 1.0
1.8055456708590296 1.0
1.804319017809482 1.0
1.8030940303574026 1.0
1.8018707051126723 1.0
1.8006490386943674 1.0
1.7994290277307263 1.0
1.7982106688591186 1.0
1.7969939587260157 1.0
1.7957788939869594 1.0
1.79456547130653 1.0
1.7933536873583173 1.0
1.79214353882489 1.0
1.790935022397765 1.0
1.7897281347773761 1.0
1.788522872673048 1.0
1.7873192328029608 1.0
1.7861172118941249 1.0
1.7849168066823482 1.0
1.7837180139122089 1.0
1.7825208303370246 1.0
1.7813252527188232 1.0
1.7801312778283138 1.0
1.7789389024448592 1.0
1.7777481233564425 1.0
1.776558937359644 1.0
1.7753713412596093 1.0
1.7741853318700191 1.0
1.7730009060130654 1.0
1.7718180605194185 1.0
1.770636792228201 0.0
1.7694570979869604 0.0
1.768278974651638 0.0
1.767102419086545 0.0
1.7659274281643316 0.0
1.764753998765959 0.0
1.763582127780676 0.0
1.7624118121059864 0.0
1.761243048647624 0.0
1.7600758343195262 0.0
1.7589101660438051 0.0
1.7577460407507208 0.0
1.756583455378655 0.0
1.755422406874085 0.0
1.7542628921915544 0.0
1.753104908293649 0.0
1.7519484521509683 0.0
1.7507935207421006 0.0
1.7496401110535973 0.0
1.7484882200799434 0.0
1.7473378448235346 0.0
1.7461889822946508 0.0
1.745041629511428 0.0
1.7438957834998354 0.0
1.742751441293649 0.0
1.7416085999344229 0.0
1.7404672564714687 0.0
1.739327407961828 0.0
1.738189051470244 0.0
1.7370521840691429 0.0
1.735916802838601 0.0
1.7347829048663272 0.0
1.7336504872476337 0.0
1.7325195470854104 0.0
1.7313900814901044 0.0
1.730262087579692 0.0
1.7291355624796536 0.0
1.7280105033229536 0.0
1.7268869072500115 0.0
1.7257647714086792 0.0
1.7246440929542186 0.0
1.7235248690492744 0.0
1.722407096863853 0.0
1.7212907735752974 0.0
1.7201758963682625 0.0
1.7190624624346937 0.0
1.717950468973802 0.0
1.7168399131920393 0.0
1.7157307923030773 0.0
1.714623103527784 0.0
1.7135168440941977 0.0
1.712412011237507 0.0
1.7113086022000275 0.0
1.7102066142311758 0.0
1.709106044587451 0.0
1.7080068905324084 0.0
1.7069091493366384 0.0
1.7058128182777448 0.0
1.704717894640319 0.0
1.7036243757159217 0.0
1.7025322588030587 0.0
1.7014415412071566 0.0
1.7003522202405448 0.0
1.6992642932224302 0.0
1.6981777574788761 0.0
1.6970926103427812 0.0
1.6960088491538565 0.0
1.6949264712586039 0.0
1.6938454740102957 0.0
1.6927658547689504 0.0
1.6916876109013146 0.0
1.6906107397808392 0.0
1.689535238787658 0.0
1.6884611053085687 0.0
1.6873883367370093 0.0
1.6863169304730372 0.0
1.6852468839233101 0.0
1.6841781945010643 0.0
1.683110859626092 0.0
1.6820448767247225 0.0
1.6809802432298022 0.0
1.679916956580671 0.0
1.6788550142231453 0.0
1.677794413609494 0.0
1.6767351521984213 0.0
1.675677227455045 0.0
1.6746206368508758 0.0
1.6735653778637976 0.0
1.6725114479780487 0.0
1.6714588446841985 0.0
1.6704075654791315 0.0
1.6693576078660262 0.0
1.6683089693543318 0.0
1.6672616474597548 0.0
1.6662156397042347 0.0
1.6651709436159252 0.0
1.664127556729177 0.0
1.6630854765845147 0.0
1.6620447007286216 0.0
1.6610052267143176 0.0
1.6599670521005399 0.0
1.6589301744523264 0.0
1.6578945913407945 0.0
1.6568603003431217 0.0
1.6558272990425291 0.0
1.654795585028261 0.0
1.6537651558955653 0.0
1.6527360092456769 0.0
1.6517081426857978 0.0
1.6506815538290784 0.0
1.6496562402946005 0.0
1.6486321997073559 0.0
1.6476094296982315 0.0
1.64658792790399 0.0
1.6455676919672493 0.0
1.6445487195364674 0.0
1.6435310082659238 0.0
1.6425145558156997 0.0
1.6414993598516618 0.0
1.6404854180454445 0.0
1.63947272807443 0.0
1.638461287621733 0.0
1.6374510943761835 0.0
1.6364421460323046 0.0
1.6354344402903014 0.0
1.6344279748560375 0.0
1.6334227474410223 0.0
1.632418755762392 0.0
1.6314159975428895 0.0
1.6304144705108525 0.0
1.6294141724001927 0.0
1.6284151009503784 0.0
1.6274172539064207 0.0
1.626420629018853 0.0
1.6254252240437157 0.0
1.62443103674254 0.0
1.6234380648823297 0.0
1.6224463062355454 0.0
1.621455758580088 0.0
1.6204664196992806 0.0
1.6194782873818543 0.0
1.61849135942193 0.0
1.617505633619002 0.0
1.6165211077779222 0.0
1.6155377797088852 0.0
1.6145556472274087 0.0
1.6135747081543197 0.0
1.6125949603157392 0.0
1.6116164015430625 0.0
1.6106390296729478 0.0
1.6096628425472963 0.0
1.608687838013239 0.0
1.6077140139231203 0.0
1.6067413681344798 0.0
1.6057698985100406 0.0
1.6047996029176916 0.0
1.6038304792304703 0.0
1.6028625253265505 0.0
1.6018957390892248 0.0
1.600930118406889 0.0
1.5999656611730277 0.0
1.5990023652861995 0.0
1.598040228650019 0.0
1.5970792491731456 0.0
1.5961194247692636 0.0
1.5951607533570722 0.0
1.5942032328602667 0.0
1.5932468612075243 0.0
1.5922916363324908 0.0
1.5913375561737642 0.0
1.5903846186748791 0.0
1.5894328217842941 0.0
1.5884821634553765 0.0
1.5875326416463855 0.0
1.5865842543204605 0.0
1.5856369994456052 0.0
1.5846908749946722 0.0
1.5837458789453507 0.0
1.5828020092801498 0.0
1.5818592639863855 0.0
1.5809176410561672 0.0
1.5799771384863808 0.0
1.5790377542786764 0.0
1.578099486439455 0.0
1.5771623329798514 0.0
1.576226291915723 0.0
1.5752913612676354 0.0
1.5743575390608457 0.0
1.5734248233252928 0.0
1.5724932120955804 0.0
1.5715627034109638 0.0
1.5706332953153381 0.0
1.5697049858572212 0.0
1.5687777730897428 0.0
1.5678516550706303 0.0
1.5669266298621938 0.0
1.5660026955313142 0.0
1.5650798501494296 0.0
1.56415809179252 0.0
1.563237418541097 0.0
1.5623178284801882 0.0
1.5613993196993237 0.0
1.5604818902925248 0.0
1.55956553835829 0.0
1.5586502619995806 0.0
1.557736059323809 0.0
1.5568229284428254 0.0
1.5559108674729043 0.0
1.5549998745347329 0.0
1.5540899477533958 0.0
1.5531810852583647 0.0
1.5522732851834844 0.0
1.5513665456669585 0.0
1.5504608648513403 0.0
1.5495562408835173 0.0
1.5486526719146985 0.0
1.5477501561004032 0.0
1.5468486916004491 0.0
1.545948276578936 0.0
1.5450489092042385 0.0
1.5441505876489885 0.0
1.5432533100900674 0.0
1.5423570747085908 0.0
1.5414618796898965 0.0
1.540567723223534 0.0
1.5396746035032505 0.0
1.538782518726979 0.0
1.5378914670968273 0.0
1.5370014468190647 0.0
1.5361124561041106 0.0
1.5352244931665222 0.0
1.5343375562249824 0.0
1.5334516435022887 0.0
1.532566753225341 0.0
1.5316828836251284 0.0
1.53080003293672 0.0
1.529918199399251 0.0
1.5290373812559113 0.0
1.528157576753935 0.0
1.527278784144588 0.0
1.526401001683156 0.0
1.5255242276289334 0.0
1.5246484602452126 0.0
1.5237736977992702 0.0
1.5228999385623592 0.0
1.5220271808096932 0.0
1.5211554228204391 0.0
1.5202846628777038 0.0
1.5194148992685217 0.0
1.518546130283847 0.0
1.5176783542185395 0.0
1.5168115693713538 0.0
1.5159457740449298 0.0
1.5150809665457805 0.0
1.5142171451842799 0.0
1.5133543082746546 0.0
1.5124924541349714 0.0
1.5116315810871244 0.0
1.5107716874568282 0.0
1.5099127715736038 0.0
1.5090548317707695 0.0
1.5081978663854296 0.0
1.5073418737584627 0.0
1.506486852234512 0.0
1.505632800161976 0.0
1.504779715892994 0.0
1.50392759778344 0.0
1.5030764441929094 0.0
1.5022262534847075 0.0
1.5013770240258426 0.0
1.500528754187013 0.0
1.4996814423425964 0.0
1.4988350868706415 0.0
1.4979896861528543 0.0
1.497145238574592 0.0
1.49630174252485 0.0
1.4954591963962511 0.0
1.4946175985850383 0.0
1.493776947491061 0.0
1.4929372415177673 0.0
1.4920984790721936 0.0
1.491260658564954 0.0
1.4904237784102297 0.0
1.4895878370257598 0.0
1.4887528328328328 0.0
1.4879187642562726 0.0
1.4870856297244328 0.0
1.486253427669185 0.0
1.4854221565259076 0.0
1.4845918147334798 0.0
1.483762400734267 0.0
1.4829339129741153 0.0
1.48210634990234 0.0
1.481279709971714 0.0
1.4804539916384627 0.0
1.4796291933622507 0.0
1.4788053136061723 0.0
1.4779823508367451 0.0
1.4771603035238965 0.0
1.4763391701409567 0.0
1.4755189491646492 0.0
1.4746996390750802 0.0
1.4738812383557296 0.0
1.4730637454934432 0.0
1.47224715897842 0.0
1.4714314773042063 0.0
1.4706166989676857 0.0
1.4698028224690671 0.0
1.46898984631188 0.0
1.4681777690029614 0.0
1.4673665890524485 0.0
1.46655630497377 0.0
1.465746915283636 0.0
1.4649384185020289 0.0
1.4641308131521953 0.0
1.4633240977606359 0.0
1.4625182708570976 0.0
1.4617133309745645 0.0
1.4609092766492475 0.0
1.460106106420577 0.0
1.4593038188311942 0.0
1.4585024124269406 0.0
1.4577018857568507 0.0
1.4569022373731437 0.0
1.456103465831212 0.0
1.455305569689616 0.0
1.454508547510073 0.0
1.4537123978574498 0.0
1.4529171192997539 0.0
1.4521227104081234 0.0
1.451329169756821 0.0
1.4505364959232239 0.0
1.449744687487815 0.0
1.4489537430341761 0.0
1.4481636611489777 0.0
1.4473744404219704 0.0
1.4465860794459786 0.0
1.4457985768168913 0.0
1.4450119311336516 0.0
1.4442261409982522 0.0
1.4434412050157226 0.0
1.4426571217941253 0.0
1.4418738899445456 0.0
1.4410915080810818 0.0
1.4403099748208403 0.0
1.439529288783925 0.0
1.4387494485934293 0.0
1.4379704528754298 0.0
1.437192300258977 0.0
1.4364149893760865 0.0
1.4356385188617318 0.0
1.4348628873538376 0.0
1.4340880934932694 0.0
1.433314135923827 0.0
1.4325410132922365 0.0
1.4317687242481418 0.0
1.430997267444098 0.0
1.4302266415355616 0.0
1.4294568451808847 0.0
1.4286878770413065 0.0
1.4279197357809439 0.0
1.4271524200667867 0.0
1.4263859285686882 0.0
1.425620259959357 0.0
1.4248554129143511 0.0
1.4240913861120685 0.0
1.4233281782337401 0.0
1.4225657879634235 0.0
1.4218042139879925 0.0
1.4210434549971334 0.0
1.420283509683334 0.0
1.4195243767418775 0.0
1.4187660548708356 0.0
1.4180085427710611 0.0
1.4172518391461788 0.0
1.416495942702579 0.0
1.4157408521494117 0.0
1.4149865661985765 0.0
1.4142330835647177 0.0
1.4134804029652155 0.0
1.4127285231201792 0.0
1.4119774427524399 0.0
1.411227160587543 0.0
1.410477675353742 0.0
1.4097289857819904 0.0
1.4089810906059341 0.0
1.4082339885619055 0.0
1.407487678388916 0.0
1.406742158828648 0.0
1.4059974286254486 0.0
1.4052534865263238 0.0
1.4045103312809275 0.0
1.4037679616415597 0.0
1.4030263763631559 0.0
1.4022855742032807 0.0
1.401545553922123 0.0
1.400806314282485 0.0
1.4000678540497795 0.0
1.3993301719920213 0.0
1.398593266879819 0.0
1.3978571374863715 0.0
1.3971217825874573 0.0
1.39638720096143 0.0
1.3956533913892117 0.0
1.394920352654286 0.0
1.3941880835426899 0.0
1.3934565828430083 0.0
1.3927258493463683 0.0
1.39199588184643 0.0
1.3912666791393824 0.0
1.390538240023935 0.0
1.3898105633013118 0.0
1.3890836477752455 0.0
1.3883574922519695 0.0
1.3876320955402124 0.0
1.3869074564511916 0.0
1.3861835737986055 0.0
1.3854604463986284 0.0
1.3847380730699042 0.0
1.3840164526335377 0.0
1.3832955839130918 0.0
1.3825754657345777 0.0
1.3818560969264502 0.0
1.3811374763196018 0.0
1.3804196027473545 0.0
1.3797024750454558 0.0
1.3789860920520713 0.0
1.378270452607777 0.0
1.3775555555555556 0.0
