-15.4975 0.0
-15.523380928523713 0.0
-15.54934844429575 0.0
-15.575402982573728 0.0
-15.601544981537428 0.0
-15.627774882313382 0.0
-15.654093128999664 0.0
-15.680500168690957 0.0
-15.706996451503885 0.0
-15.733582430602572 0.0
-15.76025856222448 0.0
-15.78702530570652 0.0
-15.813883123511397 0.0
-15.840832481254258 0.0
-15.8678738477296 0.0
-15.89500769493844 0.0
-15.922234498115793 0.0
-15.949554735758406 0.0
-15.9769688896528 0.0
-16.004477444903582 0.0
-16.032080889962057 0.0
-16.05977971665515 0.0
-16.087574420214608 0.0
-16.115465499306517 0.0
-16.14345345606113 0.0
-16.17153879610299 0.0
-16.199722028581384 0.0
-16.228003666201115 0.0
-16.256384225253584 0.0
-16.28486422564821 0.0
-16.31344419094419 0.0
-16.34212464838256 0.0
-16.37090612891863 0.0
-16.399789167254763 0.0
-16.428774301873453 0.0
-16.45786207507082 0.0
-16.48705303299042 0.0
-16.51634772565743 0.0
-16.545746707013173 0.0
-16.57525053495007 0.0
-16.60485977134691 0.0
-16.63457498210451 0.0
-16.664396737181782 0.0
-16.694325610632184 0.0
-16.72436218064052 0.0
-16.7545070295602 0.0
-16.784760743950883 0.0
-16.8151239146165 0.0
-16.84559713664371 0.0
-16.876181009440813 0.0
-16.90687613677701 0.0
-16.937683126822158 0.0
-16.968602592186926 0.0
-16.999635149963424 0.0
-17.03078142176621 0.0
-17.06204203377386 0.0
-17.09341761677087 0.0
-17.124908806190124 0.0
-17.156516242155774 0.0
-17.188240569526627 0.0
-17.220082437939976 0.0
-17.252042501855975 0.0
-17.284121420602453 0.0
-17.316319858420268 0.0
-17.348638484509145 0.0
-17.381077973074046 0.0
-17.41363900337205 0.0
-17.446322259759757 0.0
-17.479128431741255 0.0
-17.512058214016577 0.0
-17.545112306530765 0.0
-17.57829141452345 0.0
-17.611596248579005 0.0
-17.645027524677293 0.0
-17.67858596424496 0.0
-17.712272294207317 0.0
-17.746087247040855 0.0
-17.78003156082632 0.0
-17.814105979302415 0.0
-17.848311251920123 0.0
-17.882648133897654 0.0
-17.917117386276022 0.0
-17.951719775975274 0.0
-17.986456075851393 0.0
-18.021327064753777 0.0
-18.056333527583526 0.0
-18.091476255352273 0.0
-18.12675604524181 0.0
-18.162173700664322 0.0
-18.197730031323413 0.0
-18.233425853275794 0.0
-18.269261988993712 0.0
-18.30523926742812 0.0
-18.34135852407261 0.0
-18.377620601028074 0.0
-18.414026347068145 0.0
-18.450576617705437 0.0
-18.48727227525855 0.0
-18.52411418891989 0.0
-18.561103234824277 0.0
-18.598240296118444 0.0
-18.63552626303127 0.0
-18.672962032944955 0.0
-18.71054851046699 0.0
-18.748286607503022 0.0
-18.786177243330638 0.0
-18.824221344673955 0.0
-18.862419845779222 0.0
-18.900773688491256 0.0
-18.93928382233089 0.0
-18.977951204573298 0.0
-19.01677680032733 0.0
-19.055761582615823 0.0
-19.094906532456864 0.0
-19.134212638946064 0.0
-19.17368089933993 0.0
-19.21331231914014 0.0
-19.25310791217895 0.0
-19.293068700705685 0.0
-19.333195715474208 0.0
-19.373489995831594 0.0
-19.413952589807852 0.0
-19.454584554206782 0.0
-19.495386954697985 0.0
-19.536360865910044 0.0
-19.577507371524852 0.0
-19.618827564373152 0.0
-19.660322546531297 0.0
-19.701993429419247 0.0
-19.74384133389974 0.0
-19.785867390378883 0.0
-19.82807273890785 0.0
-19.87045852928602 0.0
-19.913025921165378 0.0
-19.955776084156287 0.0
-19.998710197934596 0.0
-20.041829452350147 0.0
-20.08513504753673 0.0
-20.12862819402339 0.0
-20.17231011284722 0.0
-20.216182035667682 0.0
-20.260245204882303 0.0
-20.304500873743986 0.0
-20.34895030647986 0.0
-20.393594778411583 0.0
-20.438435576077392 0.0
-20.48347399735566 0.0
-20.528711351590104 0.0
-20.574148959716684 0.0
-20.61978815439219 0.0
-20.6656302801245 0.0
-20.71167669340463 0.0
-20.757928762840553 0.0
-20.804387869292746 0.0
-20.851055406011664 0.0
-20.897932778776976 0.0
-20.945021406038755 0.0
-20.99232271906052 0.0
-21.03983816206428 0.0
-21.08756919237749 0.0
-21.135517280582086 0.0
-21.183683910665447 0.0
-21.23207058017359 0.0
-21.2806788003663 0.0
-21.32951009637448 0.0
-21.3785660073597 0.0
-21.427848086675887 0.0
-21.47735790203327 0.0
-21.527097035664656 0.0
-21.577067084493965 0.0
-21.627269660307118 0.0
-21.677706389925373 0.0
-21.728378915381015 0.0
-21.779288894095593 0.0
-21.830437999060585 0.0
-21.88182791902072 0.0
-21.933460358659744 0.0
-21.985337038789023 0.0
-22.03745969653864 0.0
-22.08983008555133 0.0
-22.14244997617913 0.0
-22.1953211556829 0.0
-22.248445428434657 0.0
-22.301824616122836 0.0
-22.35546055796056 0.0
-22.40935511089682 0.0
-22.463510149830835 0.0
-22.517927567829453 0.0
-22.572609276347745 0.0
-22.627557205452767 0.0
-22.682773304050755 0.0
-22.738259540117415 0.0
-22.794017900931824 0.0
-22.850050393313662 0.0
-22.906359043863972 0.0
-22.96294589920948 0.0
-23.019813026250617 0.0
-23.076962512413107 0.0
-23.134396465903432 0.0
-23.192117015968062 0.0
-23.250126313156574 0.0
-23.30842652958877 0.0
-23.367019859225735 0.0
-23.42590851814516 0.0
-23.485094744820614 0.0
-23.544580800405267 0.0
-23.604368969019802 0.0
-23.66446155804481 0.0
-23.724860898417553 0.0
-23.785569344933467 0.0
-23.846589276552077 0.0
-23.907923096707815 0.0
-23.969573233625578 0.0
-24.031542140641157 0.0
-24.093832296526696 0.0
-24.156446205821197 0.0
-24.219386399166233 0.0
-24.282655433646806 0.0
-24.346255893137766 0.0
-24.410190388655458 0.0
-24.474461558715113 0.0
-24.539072069693763 0.0
-24.604024616199048 0.0
-24.669321921443732 0.0
-24.734966737626394 0.0
-24.800961846318035 0.0
-24.867310058855 0.0
-24.934014216738195 0.0
-25.00107719203873 0.0
-25.068501887810136 0.0
-25.136291238507297 0.0
-25.204448210412142 0.0
-25.272975802066334 0.0
-25.341877044711012 0.0
-25.411155002733732 0.0
-25.480812774122803 0.0
-25.55085349092908 0.0
-25.62128031973539 0.0
-25.692096462133772 0.0
-25.763305155210638 0.0
-25.834909672040016 0.0
-25.90691332218506 0.0
-25.979319452207935 0.0
-26.052131446188337 0.0
-26.1253527262507 0.0
-26.198986753100332 0.0
-26.273037026568677 0.0
-26.3475070861678 0.0
-26.422400511654345 0.0
-26.497720923603186 0.0
-26.57347198399085 0.0
-26.64965739678899 0.0
-26.726280908568143 0.0
-26.803346309111877 0.0
-26.880857432041637 0.0
-26.958818155452434 0.0
-27.037232402559624 0.0
-27.116104142357056 0.0
-27.195437390286717 0.0
-27.275236208920184 0.0
-27.35550470865214 0.0
-27.436247048406134 0.0
-27.517467436352867 0.0
-27.599170130641326 0.0
-27.681359440142938 0.0
-27.764039725209077 0.0
-27.84721539844218 0.0
-27.930890925480767 0.0
-28.015070825798666 0.0
-28.099759673518736 0.0
-28.184962098241353 0.0
-28.270682785888074 0.0
-28.356926479560705 0.0
-28.443697980416154 0.0
-28.531002148557395 0.0
-28.61884390394088 0.0
-28.707228227300796 0.0
-28.796160161090455 0.0
-28.885644810441264 0.0
-28.975687344139644 0.0
-29.066292995622263 0.0
-29.15746706398996 0.0
-29.249214915040902 0.0
-29.34154198232323 0.0
-29.43445376820772 0.0
-29.527955844980937 0.0
-29.622053855959205 0.0
-29.716753516624035 0.0
-29.812060615779345 0.0
-29.907981016731014 0.0
-30.00452065848934 0.0
-30.101685556994813 0.0
-30.199481806367764 0.0
-30.297915580182522 0.0
-30.39699313276651 0.0
-30.49672080052493 0.0
-30.597105003291638 0.0
-30.698152245706734 0.0
-30.799869118621597 0.0
-30.90226230053191 0.0
-31.005338559039355 0.0
-31.1091047523427 0.0
-31.213567830758894 0.0
-31.318734838274928 0.0
-31.424612914131163 0.0
-31.5312092944369 0.0
-31.638531313818916 0.0
-31.74658640710382 0.0
-31.85538211103495 0.0
-31.964926066024752 0.0
-32.07522601794341 0.0
-32.18628981994459 0.0
-32.29812543432939 0.0
-32.41074093444909 0.0
-32.524144506648 0.0
-32.63834445224718 0.0
-32.753349189570116 0.0
-32.86916725601131 0.0
-32.985807310149035 0.0
-33.10327813390313 0.0
-33.22158863473909 0.0
-33.34074784791965 0.0
-33.460764938804886 0.0
-33.581649205202304 0.0
-33.70341007976794 0.0
-33.826057132459965 0.0
-33.949600073046014 0.0
-34.074048753665686 0.0
-34.199413171449585 0.0
-34.32570347119644 0.0
-34.452929948109706 0.0
-34.58110305059523 0.0
-34.710233383121725 0.0
-34.840331709145424 0.0
-34.97140895410082 0.0
-35.10347620845921 0.0
-35.2365447308567 0.0
-35.370625951293746 0.0
-35.50573147440794 0.0
-35.64187308282208 0.0
-35.77906274056966 0.0
-35.917312596599686 0.0
-36.056634988363065 0.0
-36.19704244548286 0.0
-36.33854769351055 0.0
-36.48116365777079 0.0
-36.62490346729708 0.0
-36.76978045886075 0.0
-36.9158081810961 0.0
-37.06300039872408 0.0
-37.2113710968775 0.0
-37.360934485530535 0.0
-37.511705004035505 0.0
-37.663697325769846 0.0
-37.81692636289666 0.0
-37.97140727124182 0.0
-38.127155455291216 0.0
-38.284186573311366 0.0
-38.442516542597176 0.0
-38.60216154485048 0.0
-38.76313803169307 0.0
-38.925462730318245 0.0
-39.089152649285104 0.0
-39.254225084459456 0.0
-39.420697625106015 0.0
-39.58858816013628 0.0
-39.75791488451667 0.0
-39.92869630584191 0.0
-40.100951251078506 0.0
-40.27469887348352 0.0
-40.44995865970408 0.0
-40.62675043706293 0.0
-40.80509438103599 0.0
-40.98501102292767 0.0
-41.16652125775021 0.0
-41.34964635231315 0.0
-41.53440795352993 0.0
-41.720828096947926 0.0
-41.90892921550946 0.0
-42.09873414855072 0.0
-42.290266151046396 0.0
-42.48354890310785 0.0
-42.67860651974288 0.0
-42.875463560885606 0.0
-43.07414504170526 0.0
-43.274676443202964 0.0
-43.477083723105686 0.0
-43.68139332706766 0.0
-43.88763220018884 0.0
-44.095827798861464 0.0
-44.30600810295518 0.0
-44.51820162835248 0.0
-44.73243743984599 0.0
-44.94874516441005 0.0
-45.167155004859076 0.0
-45.38769775390624 0.0
-45.61040480863591 0.0
-45.83530818540433 0.0
-46.06244053518334 0.0
-46.29183515936255 0.0
-46.523526026026005 0.0
-46.7575477867203 0.0
-46.99393579373102 0.0
-47.23272611788616 0.0
-47.47395556690499 0.0
-47.7176617043121 0.0
-47.96388286893703 0.0
-48.21265819502074 0.0
-48.46402763295098 0.0
-48.71803197064988 0.0
-48.974712855637506 0.0
-49.2341128177966 0.0
-49.496275292864745 0.0
-49.761244646680936 0.0
-50.02906620021528 0.0
-50.29978625541123 0.0
-50.573452121871576 0.0
-50.85011214442011 0.0
-51.12981573157314 0.0
-51.41261338495573 0.0
-51.698556729699646 0.0
-51.987698545861285 0.0
-52.280092800899865 0.0
-52.575794683257904 0.0
-52.874860637087586 0.0
-53.17734839816933 0.0
-53.483317031070186 0.0
-53.79282696759258 0.0
-54.10594004656577 0.0
-54.42271955503512 0.0
-54.74323027090691 0.0
-55.06753850710898 0.0
-55.39571215733013 0.0
-55.727820743405246 0.0
-56.06393546441493 0.0
-56.40412924757279 0.0
-56.74847680097678 0.0
-57.097054668304644 0.0
-57.44994128553768 0.0
-57.80721703980098 0.0
-58.168964330413 0.0
-58.5352676322418 0.0
-58.9062135614702 0.0
-59.28189094387754 0.0
-59.66239088575095 0.0
-60.04780684754518 0.0
-60.43823472041609 0.0
-60.83377290575913 0.0
-61.23452239789193 0.0
-61.640586870026496 0.0
-62.05207276368489 0.0
-62.4690893817204 0.0
-62.891748985114994 0.0
-63.320166893732946 0.0
-63.75446159122083 0.0
-64.19475483425413 0.0
-64.64117176634213 0.0
-65.09384103641456 0.0
-65.55289492242593 0.0
-66.01846946022727 0.0
-66.49070457796849 0.0
-66.9697442363112 0.0
-67.45573657474596 0.0
-67.94883406432744 0.0
-68.44919366715754 0.0
-68.95697700296732 0.0
-69.47235052316887 0.0
-69.99548569277106 0.0
-70.52655918057661 0.0
-71.06575305810394 0.0
-71.61325500770414 0.0
-72.16925854037265 0.0
-72.73396322378716 0.0
-73.30757492113563 0.0
-73.89030604133544 0.0
-74.48237580128199 0.0
-75.08401050080771 0.0
-75.69544381107487 0.0
-76.31691707717565 0.0
-76.94867963576155 0.0
-77.59098914858092 0.0
-78.2441119528619 0.0
-78.90832342954155 0.0
-79.58390839041093 0.0
-80.27116148531948 0.0
-80.97038763066199 0.0
-81.68190246045691 0.0
-82.4060328014184 0.0
-83.14311717352413 0.0
-83.89350631768951 0.0
-84.6575637522768 0.0
-85.43566636029404 0.0
-86.22820500927637 0.0
-87.03558520599245 0.0
-87.85822778827972 0.0
-88.69656965648848 0.0
-89.55106454720611 0.0
-90.42218385214002 0.0
-91.31041748526516 0.0
-92.21627480158725 0.0
-93.14028557114224 0.0
-94.08300101214571 0.0
-95.04499488752552 0.0
-96.02686466942146 0.0
-97.02923277661793 0.0
-98.05274789029525 0.0
-99.09808635394447 0.0
-100.165953663793 0.0
-101.2570860566448 0.0
-102.37225220264308 0.0
-103.51225501113576 0.0
-104.67793355855848 0.0
-105.8701651480637 0.0
-107.08986751152067 0.0
-108.3380011655011 0.0
-109.61557193396222 0.0
-110.92363365155126 0.0
-112.26329106280188 0.0
-113.63570293398529 0.0
-115.04208539603957 0.0
-116.48371553884697 0.0
-117.96193527918767 0.0
-119.47815552699215 0.0
-121.0338606770832 0.0
-122.63061345646426 0.0
-124.27006016042768 0.0
-125.95393631436303 0.0
-127.68407280219769 0.0
-129.46240250696368 0.0
-131.2909675141242 0.0
-133.1719269340973 0.0
-135.10756540697668 0.0
-137.10030235988194 0.0
-139.15270209580834 0.0
-141.26748480243154 0.0
-143.4475385802467 0.0
-145.69593260188066 0.0
-148.0159315286622 0.0
-150.41101132686063 0.0
-152.88487664473664 0.0
-155.44147993311017 0.0
-158.0850425170066 0.0
-160.8200778546711 0.0
-163.65141725352095 0.0
-166.58423835125433 0.0
-169.6240967153283 0.0
-172.7769609665426 0.0
-176.04925189393927 0.0
-179.44788610038597 0.0
-182.9803248031495 0.0
-186.65462851405582 0.0
-190.47951844262258 0.0
-194.46444560669417 0.0
-198.61966880341845 0.0
-202.95634279475945 0.0
-207.48661830357105 0.0
-212.2237557077622 0.0
-217.18225467289685 0.0
-222.37800239234417 0.0
-227.82844362745067 0.0
-233.55277638190927 0.0
-239.57217783505124 0.0
-245.91006613756585 0.0
-252.5924048913041 0.0
-259.64805865921767 0.0
-267.1092097701141 0.0
-275.0118491124252 0.0
-283.3963567073162 0.0
-292.30819182389854 0.0
-301.7987175324667 0.0
-311.92619127516696 0.0
-322.75696180555474 0.0
-334.3669244604308 0.0
-346.8433022388051 0.0
-360.2868410852705 0.0
-374.81453629032177 0.0
-390.56304621848665 0.0
-407.6930043859642 0.0
-426.3945183486232 0.0
-446.89425480769165 0.0
-469.46467171716915 0.0
-494.436196808508 0.0
-522.2135112359522 0.0
-553.2976488095208 0.0
-588.316487341769 0.0
-628.0676013513479 0.0
-673.5797463768079 0.0
-726.2031640624961 0.0
-787.7458050847415 0.0
-860.6852314814768 0.0
-948.5102551020356 0.0
-1056.2955113636306 0.0
-1191.7180128205064 0.0
-1366.9706617646984 0.0
-1602.6552586206808 0.0
-1936.541770833289 0.0
-2446.1580263157225 0.0
-3319.785892857026 0.0
-5164.111388888622 0.0
-11619.250624998727 0.0
46477.00250001909 0.0
7746.1670833338285 0.0
4225.182045454682 0.0
2904.8126562500597 0.0
2213.190595238127 0.0
1787.577019230788 0.0
1499.2581451613023 0.0
1291.0278472222299 0.0
1133.5854268292735 0.0
1010.3696195652211 0.0
911.3137745098137 0.0
829.9464732142935 0.0
761.918073770498 0.0
704.1970075757627 0.0
654.6056690140886 0.0
611.5395065789507 0.0
573.7901543209904 0.0
540.4302616279092 0.0
510.7362912087931 0.0
484.13544270833484 0.0
460.1683415841597 0.0
438.4622877358501 0.0
418.71173423423505 0.0
400.6638146551731 0.0
384.1074586776865 0.0
368.86509920635086 0.0
354.7862786259557 0.0
341.74266544117773 0.0
329.62413120567487 0.0
318.3356335616448 0.0
307.7947185430472 0.0
297.9295032051289 0.0
288.67703416149135 0.0
279.9819427710849 0.0
271.79533625731045 0.0
264.0738778409095 0.0
256.77901933701696 0.0
249.87635752688203 0.0
243.3350916230369 0.0
237.1275637755104 0.0
231.22886815920413 0.0
225.61651699029184 0.0
220.27015402843654 0.0
215.17130787037087 0.0
210.30317873303213 0.0
205.65045353982342 0.0
201.19914502164536 0.0
196.93645127118674 0.0
192.8506327800833 0.0
188.93090447154495 0.0
185.16734063745042 0.0
181.55079101562518 0.0
178.07280651341014 0.0
174.7255733082708 0.0
171.50185424354257 0.0
168.39493659420302 0.0
165.398585409253 0.0
162.50700174825204 0.0
159.71478522336795 0.0
157.0169003378381 0.0
154.4086461794022 0.0
151.88562908496752 0.0
149.44373794212237 0.0
147.0791218354432 0.0
144.7881697819316 0.0
142.56749233128846 0.0
140.413904833837 0.0
138.32441220238104 0.0
136.29619501466286 0.0
134.32659682080933 0.0
132.4131125356126 0.0
130.55337780898896 0.0
128.7451592797786 0.0
126.98634562841546 0.0
125.2749393530999 0.0
123.60904920212779 0.0
121.98688320209988 0.0
120.40674222797941 0.0
118.86701406649627 0.0
117.36616792929303 0.0
115.90274937655869 0.0
114.47537561576362 0.0
113.08273114355238 0.0
111.72356370192314 0.0
110.39668052256536 0.0
109.10094483568079 0.0
107.83527262180988 0.0
106.5986295871561 0.0
105.39002834467132 0.0
104.20852578475348 0.0
103.05322062084268 0.0
101.92325109649131 0.0
100.81779284164868 0.0
99.73605686695286 0.0
98.67728768577501 0.0
97.6407615546219 0.0
96.62578482328487 0.0
95.63169238683132 0.0
94.65784623217928 0.0
93.70363407258068 0.0
92.76846806387229 0.0
91.85178359683805 0.0
90.95303816046977 0.0
90.07171027131793 0.0
89.20729846449144 0.0
88.3593203422054 0.0
87.52731167608293 0.0
86.71082555970156 0.0
85.90943160813315 0.0
85.12271520146527 0.0
84.35027676951003 0.0
83.59173111510796 0.0
82.84670677361856 0.0
82.11484540636046 0.0
81.39580122591947 0.0
80.68924045138891 0.0
79.99484079173845 0.0
79.31229095563148 0.0
78.64129018612527 0.0
77.98154781879201 0.0
77.3327828618969 0.0
76.6947235973598 0.0
76.06710720130938 0.0
75.44967938311693 0.0
74.842194041868 0.0
74.24441293929716 0.0
73.65610538827262 0.0
73.07704795597488 0.0
72.50702418096726 0.0
71.9458243034056 0.0
71.3932450076805 0.0
70.84908917682934 0.0
70.31316565809385 0.0
69.78528903903909 0.0
69.26527943368112 0.0
68.75296227810657 0.0
68.2481681350955 0.0
67.75073250728867 0.0
67.26049565846603 0.0
66.77730244252878 0.0
66.30100213980032 0.0
65.83144830028331 0.0
65.36849859353026 0.0
64.91201466480449 0.0
64.4618619972261 0.0
64.01790977961434 0.0
63.58003077975381 0.0
63.148101222826135 0.0
62.722000674763876 0.0
62.30161193029495 0.0
61.88682090545943 0.0
61.47751653439153 0.0
61.07359067017086 0.0
60.674937989556206 0.0
60.281455901426746 0.0
59.893044458762944 0.0
59.50960627400771 0.0
59.13104643765909 0.0
58.757272439949446 0.0
58.38819409547743 0.0
58.02372347066169 0.0
57.66377481389583 0.0
57.30826448828608 0.0
56.95711090686278 0.0
56.61023447015835 0.0
56.2675575060533 0.0
55.92900421179302 0.0
55.59450059808616 0.0
55.26397443519625 0.0
54.93735520094565 0.0
54.61457403055234 0.0
54.29556366822432 0.0
53.980258420441395 0.0
53.66859411085452 0.0
53.36050803673942 0.0
53.055938926940655 0.0
52.75482690124862 0.0
52.45711343115125 0.0
52.16274130190801 0.0
51.87165457589286 0.0
51.58379855715874 0.0
51.299119757174395 0.0
51.01756586169048 0.0
50.739085698689955 0.0
50.4636292073833 0.0
50.191147408207385 0.0
49.92159237379164 0.0
49.65491720085474 0.0
49.391075982996824 0.0
49.13002378435522 0.0
48.871716614090445 0.0
48.61611140167367 0.0
48.36316597294486 0.0
48.11283902691514 0.0
47.86509011328528 0.0
47.619879610655765 0.0
47.37716870540265 0.0
47.136919371196775 0.0
46.89909434914228 0.0
46.663657128514075 0.0
46.43057192807196 0.0
46.199803677932415 0.0
45.97131800197827 0.0
45.74508120078742 0.0
45.521060235063686 0.0
45.299222709551664 0.0
45.07953685742001 0.0
44.86197152509653 0.0
44.64649615754085 0.0
44.43308078393882 0.0
44.22169600380592 0.0
44.01231297348485 0.0
43.80490339302546 0.0
43.599439493433394 0.0
43.395894024276394 0.0
43.19424024163572 0.0
42.99445189639224 0.0
42.79650322283613 0.0
42.60036892758938 0.0
42.40602417883214 0.0
42.21344459582199 0.0
42.02260623869803 0.0
41.83348559855986 0.0
41.64605958781364 0.0
41.4603055307761 0.0
41.276201154529325 0.0
41.093724580017685 0.0
40.9128543133803 0.0
40.733569237510956 0.0
40.55584860383945 0.0
40.3796720243267 0.0
40.20501946366784 0.0
40.03187123169684 0.0
39.86020797598629 0.0
39.69001067463708 0.0
39.52126062925171 0.0
39.35393945808639 0.0
39.18802908937606 0.0
39.023511754827894 0.0
38.8603699832776 0.0
38.6985865945046 0.0
38.538144693200664 0.0
38.37902766308837 0.0
38.22121916118421 0.0
38.06470311220313 0.0
37.90946370309953 0.0
37.755485377741685 0.0
37.602752831715236 0.0
37.451251007252225 0.0
37.300965088282524 0.0
37.15188049560353 0.0
37.00398288216562 0.0
36.857258128469475 0.0
36.71169233807269 0.0
36.567271833202206 0.0
36.423983150470235 0.0
36.28181303669009 0.0
36.140748444790056 0.0
36.00077652982184 0.0
35.861884645061735 0.0
35.724060338201404 0.0
35.587291347626355 0.0
35.451565598779574 0.0
35.31687120060791 0.0
35.18319644208935 0.0
35.05052978883862 0.0
34.91885987978965 0.0
34.788175523952106 0.0
34.65846569724088 0.0
34.52971953937593 0.0
34.401926350851234 0.0
34.275075589970506 0.0
34.149156869948584 0.0
34.02415995607613 0.0
33.900074762946765 0.0
33.776891351744204 0.0
33.65459992758871 0.0
33.533190836940854 0.0
33.41265456506112 0.0
33.29298173352437 0.0
33.1741630977873 0.0
33.05618954480798 0.0
32.93905209071581 0.0
32.82274187853109 0.0
32.707250175932444 0.0
32.59256837307154 0.0
32.478687980433264 0.0
32.36560062674096 0.0
32.25329805690493 0.0
32.14177213001384 0.0
32.03101481736735 0.0
31.921018200549458 0.0
31.811774469541426 0.0
31.703275920873132 0.0
31.59551495581239 0.0
31.48848407859079 0.0
31.38217589466578 0.0
31.2765831090175 0.0
31.171698524480227 0.0
31.067515040106954 0.0
30.964025649566967 0.0
30.861223439575035 0.0
30.759101588352095 0.0
30.657653364116094 0.0
30.5568721236029 0.0
30.456751310616006 0.0
30.35728445460484 0.0
30.25846516927085 0.0
30.160287151200528 0.0
30.06274417852524 0.0
29.96583010960671 0.0
29.869538881748085 0.0
29.773864509929535 0.0
29.678801085568338 0.0
29.58434277530236 0.0
29.490483819796964 0.0
29.39721853257432 0.0
29.304541298865075 0.0
29.212446574481458 0.0
29.120928884711788 0.0
29.029982823235493 0.0
28.939603051058537 0.0
28.84978429546867 0.0
28.760521349009906 0.0
28.67180906847626 0.0
28.58364237392374 0.0
28.49601624770081 0.0
28.408925733496336 0.0
28.322365935405248 0.0
28.236332017010938 0.0
28.150819200484566 0.0
28.065822765700485 0.0
27.98133804936786 0.0
27.89736044417767 0.0
27.813885397965297 0.0
27.730908412887842 0.0
27.648425044616307 0.0
27.566430901542123 0.0
27.48492164399764 0.0
27.403892983490575 0.0
27.323340681951798 0.0
27.243260550996496 0.0
27.16364845119813 0.0
27.084500291375303 0.0
27.005812027890766 0.0
26.927579663962927 0.0
26.849799248989026 0.0
26.77246687788019 0.0
26.69557869040781 0.0
26.61913087056129 0.0
26.54311964591663 0.0
26.46754128701595 0.0
26.392392106757537 0.0
26.317668459796153 0.0
26.24336674195371 0.0
26.169483389639645 0.0
26.096014879281313 0.0
26.02295772676372 0.0
25.95030848687885 0.0
25.878063752783966 0.0
25.80622015546919 0.0
25.734774363233665 0.0
25.66372308117063 0.0
25.593063050660795 0.0
25.52279104887425 0.0
25.452903888280407 0.0
25.383398416166035 0.0
25.31427151416123 0.0
25.245520097772953 0.0
25.177141115926336 0.0
25.10913155051324 0.0
25.041488415948287 0.0
24.974208758731866 0.0
24.90728965702037 0.0
24.840728220203104 0.0
24.77452158848615 0.0
24.708666932482725 0.0
24.643161452810187 0.0
24.578002379693284 0.0
24.513186972573845 0.0
24.44871251972647 0.0
24.384576337880382 0.0
24.32077577184721 0.0
24.25730819415449 0.0
24.194171004685067 0.0
24.131361630321912 0.0
24.068877524598665 0.0
24.006716167355375 0.0
23.9448750643998 0.0
23.883351747173695 0.0
23.822143772424404 0.0
23.76124872188139 0.0
23.700664201937794 0.0
23.640387843336725 0.0
23.58041730086251 0.0
23.52075025303645 0.0
23.46138440181727 0.0
23.40231747230615 0.0
23.34354721245606 0.0
23.285071392785582 0.0
23.226887806096954 0.0
23.16899426719841 0.0
23.111388612630535 0.0
23.054068700396833 0.0
22.997032409698168 0.0
22.94027764067128 0.0
22.88380231413097 0.0
22.827604371316312 0.0
22.771681773640374 0.0
22.7160325024438 0.0
22.660654558751837 0.0
22.605545963035027 0.0
22.550704754973324 0.0
22.496128993223625 0.0
22.44181675519074 0.0
22.387766136801545 0.0
22.333975252282563 0.0
22.280442233940562 0.0
22.227165231946444 0.0
22.174142414122137 0.0
22.121371965730614 0.0
22.06885208926876 0.0
22.016581004263386 0.0
21.96455694706994 0.0
21.912778170674216 0.0
21.861242944496716 0.0
21.809949554199907 0.0
21.758896301498137 0.0
21.70808150397011 0.0
21.65750349487419 0.0
21.607160622966067 0.0
21.557051252319116 0.0
21.507173762147154 0.0
21.45752654662974 0.0
21.408108014739753 0.0
21.358916590073534 0.0
21.309950710683175 0.0
21.261208828911258 0.0
21.21268941122775 0.0
21.16439093806922 0.0
21.116311903680153 0.0
21.068450815956485 0.0
21.020806196291282 0.0
20.973376579422386 0.0
20.926160513282312 0.0
20.87915655884996 0.0
20.83236329000449 0.0
20.78577929338104 0.0
20.739403168228474 0.0
20.693233526268926 0.0
20.64726899155931 0.0
20.60150820035461 0.0
20.55594980097303 0.0
20.51059245366284 0.0
20.46543483047116 0.0
20.420475615114245 0.0
20.37571350284963 0.0
20.331147200349964 0.0
20.286775425578355 0.0
20.24259690766551 0.0
20.198610386788356 0.0
20.154814614050313 0.0
20.11120835136305 0.0
20.067790371329885 0.0
20.02455945713055 0.0
19.981514402407573 0.0
19.93865401115401 0.0
19.895977097602742 0.0
19.853482486117045 0.0
19.811169011082697 0.0
19.769035516801367 0.0
19.727080857385403 0.0
19.685303896653966 0.0
19.643703508030434 0.0
19.602278574441172 0.0
19.56102798821549 0.0
19.519950650986985 0.0
19.47904547359598 0.0
19.438311375993315 0.0
19.397747287145243 0.0
19.357352144939615 0.0
19.3171248960931 0.0
19.27706449605973 0.0
19.2371699089404 0.0
19.197440107393643 0.0
19.157874072547408 0.0
19.118470793911975 0.0
19.079229269293933 0.0
19.040148504711187 0.0
19.001227514309083 0.0
18.962465320277442 0.0
18.923860952768734 0.0
18.885413449817147 0.0
18.847121857258724 0.0
18.808985228652368 0.0
18.77100262520194 0.0
18.733173115679165 0.0
18.69549577634755 0.0
18.657969690887192 0.0
18.62059395032052 0.0
18.583367652938833 0.0
18.54628990422985 0.0
18.50935981680606 0.0
18.472576510333866 0.0
18.43593911146371 0.0
18.39944675376089 0.0
18.363098577637302 0.0
18.326893730283913 0.0
18.2908313656041 0.0
18.254910644147685 0.0
18.21913073304587 0.0
18.183490805946793 0.0
18.147990042951978 0.0
18.11262763055339 0.0
18.077402761571374 0.0
18.042314635093174 0.0
18.007362456412245 0.0
17.972545436968296 0.0
17.937862794287923 0.0
17.903313751926046 0.0
17.86889753940792 0.0
17.834613392171917 0.0
17.80046055151283 0.0
17.766438264526 0.0
17.73254578405189 0.0
17.698782368621483 0.0
17.665147282402128 0.0
17.631639795144164 0.0
17.598259182127983 0.0
17.56500472411187 0.0
17.531875707280278 0.0
17.498871423192774 0.0
17.465991168733563 0.0
17.43323424606152 0.0
17.400599962560843 0.0
17.36808763079223 0.0
17.335696568444614 0.0
17.303426098287417 0.0
17.271275548123377 0.0
17.23924425074184 0.0
17.207331543872645 0.0
17.17553677014043 0.0
17.14385927701955 0.0
17.112298416789397 0.0
17.080853546490264 0.0
17.04952402787968 0.0
17.01830922738924 0.0
16.98720851608188 0.0
16.95622126960963 0.0
16.925346868171893 0.0
16.894584696474013 0.0
16.863934143686507 0.0
16.833394603404567 0.0
16.802965473608104 0.0
16.77264615662216 0.0
16.742436059077814 0.0
16.71233459187343 0.0
16.6823411701364 0.0
16.65245521318524 0.0
16.622676144492136 0.0
16.593003391645844 0.0
16.56343638631504 0.0
16.53397456421203 0.0
16.50461736505682 0.0
16.475364232541654 0.0
16.446214614295826 0.0
16.41716796185094 0.0
16.388223730606487 0.0
16.359381379795852 0.0
16.330640372452567 0.0
16.302000175377064 0.0
16.273460259103643 0.0
16.245020097867883 0.0
16.21667916957432 0.0
16.188436955764544 0.0
16.160292941585542 0.0
16.13224661575842 0.0
16.104297470547476 0.0
16.076445001729507 0.0
16.04868870856354 0.0
16.021028093760776 0.0
15.993462663454926 0.0
15.965991927172794 0.0
15.938615397805215 0.0
15.911332591578228 0.0
15.88414302802461 0.0
15.857046229955646 0.0
15.830041723433247 0.0
15.803129037742265 0.0
15.776307705363207 0.0
15.74957726194511 0.0
15.722937246278757 0.0
15.696387200270182 0.0
15.669926668914366 0.0
15.643555200269274 0.0
15.61727234543011 0.0
15.591077658503863 0.0
15.56497069658406 0.0
15.538951019725847 0.0
15.513018190921231 0.0
15.487171776074645 0.0
15.46141134397871 0.0
15.435736466290273 0.0
15.410146717506633 0.0
15.384641674942074 0.0
15.359220918704564 0.0
15.333884031672719 0.0
15.308630599472995 0.0
15.283460210457088 0.0
15.258372455679584 0.0
15.23336692887578 0.0
15.208443226439794 0.0
15.183600947402812 0.0
15.158839693411615 0.0
15.134159068707262 0.0
15.109558680104035 0.0
15.085038136968517 0.0
15.060597051198965 0.0
15.03623503720479 0.0
15.011951711886308 0.0
14.987746694614644 0.0
14.963619607211852 0.0
14.939570073931216 0.0
14.915597721437742 0.0
14.891702178788854 0.0
14.867883077415229 0.0
14.844140051101888 0.0
14.82047273596939 0.0
14.796880770455273 0.0
14.773363795295614 0.0
14.749921453506825 0.0
14.726553390367556 0.0
14.703259253400825 0.0
14.680038692356286 0.0
14.656891359192686 0.0
14.633816908060458 0.0
14.610814995284503 0.0
14.587885279347148 0.0
14.565027420871202 0.0
14.542241082603256 0.0
14.519525929397066 0.0
14.496881628197134 0.0
14.474307848022423 0.0
14.451804259950253 0.0
14.429370537100281 0.0
14.407006354618725 0.0
14.384711389662645 0.0
14.362485321384428 0.0
14.340327830916385 0.0
14.318238601355517 0.0
14.29621731774839 0.0
14.27426366707617 0.0
14.252377338239807 0.0
14.230558022045317 0.0
14.208805411189243 0.0
14.1871192002442 0.0
14.165499085644624 0.0
14.143944765672552 0.0
14.122455940443636 0.0
14.101032311893206 0.0
14.0796735837625 0.0
14.058379461584998 0.0
14.037149652672912 0.0
14.01598386610374 0.0
13.994881812707018 0.0
13.973843205051118 0.0
13.952867757430203 0.0
13.931955185851322 0.0
13.911105208021553 0.0
13.89031754333533 0.0
13.869591912861834 0.0
13.848928039332543 0.0
13.828325647128832 0.0
13.807784462269758 0.0
13.787304212399881 0.0
13.766884626777255 0.0
13.746525436261463 0.0
13.726226373301833 0.0
13.705987171925686 0.0
13.685807567726739 0.0
13.665687297853573 0.0
13.645626100998241 0.0
13.625623717384935 0.0
13.605679888758784 0.0
13.585794358374748 0.0
13.565966870986575 0.0
13.54619717283591 0.0
13.526485011641446 0.0
13.506830136588205 0.0
13.48723229831689 0.0
13.467691248913361 0.0
13.448206741898149 0.0
13.428778532216125 0.0
13.4094063762262 0.0
13.390090031691157 0.0
13.370829257767548 0.0
13.351623814995694 0.0
13.332473465289734 0.0
13.313377971927816 0.0
13.294337099542336 0.0
13.275350614110256 0.0
13.256418282943528 0.0
13.237539874679578 0.0
13.218715159271904 0.0
13.199943907980689 0.0
13.181225893363587 0.0
13.162560889266498 0.0
13.143948670814481 0.0
13.125389014402712 0.0
13.106881697687538 0.0
13.088426499577585 0.0
13.070023200224973 0.0
13.051671581016572 0.0
13.033371424565342 0.0
13.015122514701767 0.0
12.996924636465327 0.0
12.978777576096066 0.0
12.960681121026214 0.0
12.942635059871904 0.0
12.924639182424919 0.0
12.906693279644545 0.0
12.888797143649473 0.0
12.870950567709778 0.0
12.853153346238939 0.0
12.835405274785971 0.0
12.817706150027579 0.0
12.800055769760398 0.0
12.782453932893292 0.0
12.764900439439716 0.0
12.747395090510151 0.0
12.729937688304576 0.0
12.712528036105036 0.0
12.695165938268234 0.0
12.677851200218223 0.0
12.660583628439118 0.0
12.643363030467903 0.0
12.62618921488726 0.0
12.609061991318505 0.0
12.591981170414522 0.0
12.574946563852816 0.0
12.557957984328562 0.0
12.541015245547763 0.0
12.524118162220429 0.0
12.507266550053822 0.0
12.490460225745771 0.0
12.473699006977993 0.0
12.456982712409545 0.0
12.440311161670238 0.0
12.423684175354186 0.0
12.407101575013348 0.0
12.390563183151162 0.0
12.374068823216188 0.0
12.357618319595854 0.0
12.341211497610198 0.0
12.324848183505704 0.0
12.308528204449152 0.0
12.292251388521558 0.0
12.2760175647121 0.0
12.259826562912162 0.0
12.243678213909382 0.0
12.227572349381743 0.0
12.211508801891751 0.0
12.19548740488061 0.0
12.179507992662476 0.0
12.16357040041874 0.0
12.14767446419237 0.0
12.131820020882277 0.0
12.11600690823775 0.0
12.100234964852904 0.0
12.084504030161208 0.0
12.068813944430019 0.0
12.05316454875519 0.0
12.037555685055688 0.0
12.02198719606829 0.0
12.006458925342292 0.0
11.990970717234262 0.0
11.975522416902862 0.0
11.960113870303656 0.0
11.944744924184016 0.0
11.92941542607803 0.0
11.914125224301463 0.0
11.89887416794675 0.0
11.883662106878036 0.0
11.868488891726253 0.0
11.853354373884216 0.0
11.838258405501783 0.0
11.82320083948105 0.0
11.808181529471547 0.0
11.793200329865517 0.0
11.778257095793212 0.0
11.7633516831182 0.0
11.748483948432764 0.0
11.733653749053271 0.0
11.718860943015635 0.0
11.704105389070763 0.0
11.689386946680084 0.0
11.674705476011054 0.0
11.660060837932766 0.0
11.645452894011527 0.0
11.630881506506508 0.0
11.61634653836541 0.0
11.60184785322017 0.0
11.5873853153827 0.0
11.572958789840639 0.0
11.558568142253174 0.0
11.544213238946847 0.0
11.529893946911438 0.0
11.515610133795837 0.0
11.501361667903987 0.0
11.487148418190808 0.0
11.472970254258211 0.0
11.458827046351086 0.0
11.444718665353363 0.0
11.430644982784063 0.0
11.41660587079342 0.0
11.40260120215898 0.0
11.388630850281796 0.0
11.374694689182578 0.0
11.360792593497923 0.0
11.346924438476565 0.0
11.333090099975617 0.0
11.319289454456895 0.0
11.305522378983218 0.0
11.291788751214774 0.0
11.278088449405486 0.0
11.26442135239942 0.0
11.250787339627209 0.0
11.237186291102518 0.0
11.2236180874185 0.0
11.210082609744333 0.0
11.19657973982173 0.0
11.183109359961502 0.0
11.169671353040137 0.0
11.156265602496402 0.0
11.142891992327982 0.0
11.129550407088123 0.0
11.116240731882327 0.0
11.102962852365026 0.0
11.08971665473634 0.0
11.076502025738801 0.0
11.063318852654133 0.0
11.050167023300048 0.0
11.037046426027073 0.0
11.02395694971537 0.0
11.01089848377162 0.0
10.997870918125889 0.0
10.984874143228554 0.0
10.971908050047217 0.0
10.958972530063665 0.0
10.946067475270846 0.0
10.933192778169843 0.0
10.920348331766919 0.0
10.907534029570526 0.0
10.894749765588376 0.0
10.881995434324516 0.0
10.869270930776429 0.0
10.856576150432142 0.0
10.843910989267384 0.0
10.83127534374272 0.0
10.818669110800746 0.0
10.806092187863289 0.0
10.793544472828613 0.0
10.781025864068663 0.0
10.768536260426322 0.0
10.756075561212686 0.0
10.743643666204347 0.0
10.731240475640732 0.0
10.718865890221403 0.0
10.706519811103433 0.0
10.694202139898758 0.0
10.68191277867157 0.0
10.669651629935723 0.0
10.657418596652146 0.0
10.645213582226296 0.0
10.633036490505607 0.0
10.620887225776965 0.0
10.60876569276421 0.0
10.59667179662563 0.0
10.584605442951494 0.0
10.572566537761604 0.0
10.560554987502842 0.0
10.548570699046756 0.0
10.536613579687145 0.0
10.524683537137683 0.0
10.51278047952952 0.0
10.500904315408949 0.0
10.48905495373505 0.0
10.477232303877368 0.0
10.4654362756136 0.0
10.453666779127309 0.0
10.441923725005617 0.0
10.430207024236985 0.0
10.418516588208924 0.0
10.406852328705778 0.0
10.39521415790651 0.0
10.383601988382484 0.0
10.372015733095294 0.0
10.360455305394563 0.0
10.34892061901581 0.0
10.337411588078293 0.0
10.325928127082872 1.0
10.314470150909898 1.0
10.303037574817115 1.0
10.291630314437558 1.0
10.280248285777484 1.0
10.268891405214317 1.0
10.257559589494596 1.0
10.246252755731923 1.0
10.234970821404978 1.0
10.223713704355479 1.0
10.212481322786203 1.0
10.201273595259002 1.0
10.190090440692831 1.0
10.178931778361804 1.0
10.167797527893242 1.0
10.156687609265736 1.0
10.145601942807248 1.0
10.134540449193196 1.0
10.123503049444567 1.0
10.112489664926024 1.0
10.101500217344055 1.0
10.09053462874512 1.0
10.079592821513774 1.0
10.068674718370886 1.0
10.05778024237178 1.0
10.046909316904456 1.0
10.036061865687758 1.0
10.02523781276963 1.0
10.014437082525319 1.0
10.00365959965562 1.0
9.992905289185122 1.0
9.982174076460481 1.0
9.97146588714868 1.0
9.960780647235323 1.0
9.95011828302291 1.0
9.939478721129172 1.0
9.92886188848537 1.0
9.918267712334616 1.0
9.907696120230229 1.0
9.89714704003407 1.0
9.886620399914916 1.0
9.876116128346794 1.0
9.86563415410741 1.0
9.855174406276506 1.0
9.844736814234274 1.0
9.834321307659755 1.0
9.823927816529276 1.0
9.813556271114866 1.0
9.803206601982707 1.0
9.792878739991574 1.0
9.782572616291308 1.0
9.772288162321278 1.0
9.762025309808866 1.0
9.751783990767942 1.0
9.741564137497381 1.0
9.731365682579566 1.0
9.721188558878897 1.0
9.711032699540326 1.0
9.700898037987894 1.0
9.690784507923272 1.0
9.68069204332431 1.0
9.670620578443613 1.0
9.660570047807107 1.0
9.650540386212626 1.0
9.64053152872848 1.0
9.630543410692086 1.0
9.620575967708549 1.0
9.6106291356493 1.0
9.600702850650693 1.0
9.59079704911267 1.0
9.580911667697384 1.0
9.571046643327845 1.0
9.561201913186588 1.0
9.551377414714345 1.0
9.541573085608707 1.0
9.531788863822808 1.0
9.522024687564024 1.0
9.512280495292673 1.0
9.502556225720713 1.0
9.49285181781046 1.0
9.483167210773312 1.0
9.473502344068487 1.0
9.463857157401753 1.0
9.454231590724167 1.0
9.444625584230849 1.0
9.435039078359727 1.0
9.425472013790309 1.0
9.415924331442465 1.0
9.406395972475208 1.0
9.396886878285486 1.0
9.38739699050697 1.0
9.37792625100888 1.0
9.368474601894778 1.0
9.359041985501412 1.0
9.349628344397507 1.0
9.340233621382637 1.0
9.330857759486047 1.0
9.321500701965507 1.0
9.312162392306153 1.0
9.302842774219375 1.0
9.293541791641674 1.0
9.28425938873352 1.0
9.27499550987827 1.0
9.265750099681021 1.0
9.256523102967538 1.0
9.247314464783129 1.0
9.238124130391572 1.0
9.228952045274026 1.0
9.219798155127952 1.0
9.210662405866035 1.0
9.201544743615127 1.0
9.19244511471519 1.0
9.183363465718239 1.0
9.174299743387289 1.0
9.165253894695326 1.0
9.156225866824274 1.0
9.147215607163947 1.0
9.13822306331105 1.0
9.12924818306816 1.0
9.120290914442702 1.0
9.111351205645953 1.0
9.10242900509205 1.0
9.093524261396988 1.0
9.08463692337764 1.0
9.075766940050773 1.0
9.066914260632071 1.0
9.058078834535177 1.0
9.049260611370718 1.0
9.040459540945342 1.0
9.031675573260786 1.0
9.022908658512913 1.0
9.01415874709077 1.0
9.005425789575664 1.0
8.996709736740224 1.0
8.98801053954748 1.0
8.979328149149925 1.0
8.970662516888632 1.0
8.962013594292324 1.0
8.95338133307648 1.0
8.944765685142418 1.0
8.936166602576428 1.0
8.927584037648867 1.0
8.919017942813282 1.0
8.910468270705522 1.0
8.901934974142884 1.0
8.893418006123232 1.0
8.884917319824128 1.0
8.876432868601988 1.0
8.867964605991224 1.0
8.859512485703394 1.0
8.851076461626358 1.0
8.84265648782344 1.0
8.8342525185326 1.0
8.825864508165592 1.0
8.817492411307153 1.0
8.809136182714179 1.0
8.800795777314901 1.0
8.792471150208097 1.0
8.784162256662258 1.0
8.775869052114805 1.0
8.767591492171292 1.0
8.7593295326046 1.0
8.751083129354171 1.0
8.742852238525206 1.0
8.734636816387898 1.0
8.726436819376644 1.0
8.718252204089291 1.0
8.710082927286356 1.0
8.701928945890284 1.0
8.693790216984663 1.0
8.685666697813494 1.0
8.677558345780433 1.0
8.669465118448054 1.0
8.661386973537086 1.0
8.653323868925712 1.0
8.645275762648811 1.0
8.637242612897232 1.0
8.629224378017081 1.0
8.621221016508997 1.0
8.61323248702743 1.0
8.605258748379931 1.0
8.597299759526452 1.0
8.589355479578636 1.0
8.581425867799116 1.0
8.573510883600813 1.0
8.565610486546259 1.0
8.557724636346897 1.0
8.5498532928624 1.0
8.541996416099982 1.0
8.534153966213735 1.0
8.526325903503947 1.0
8.518512188416425 1.0
8.510712781541843 1.0
8.502927643615076 1.0
8.495156735514533 1.0
8.487400018261505 1.0
8.479657453019524 1.0
8.471929001093693 1.0
8.464214623930069 1.0
8.456514283114993 1.0
8.448827940374478 1.0
8.441155557573556 1.0
8.43349709671566 1.0
8.425852519941989 1.0
8.418221789530882 1.0
8.410604867897215 1.0
8.403001717591756 1.0
8.395412301300578 1.0
8.387836581844432 1.0
8.38027452217815 1.0
8.372726085390022 1.0
8.365191234701225 1.0
8.357669933465203 1.0
8.350162145167088 1.0
8.342667833423084 1.0
8.335186961979915 1.0
8.32771949471421 1.0
8.320265395631939 1.0
8.312824628867824 1.0
8.305397158684775 1.0
8.29798294947331 1.0
8.290581965750983 1.0
8.283194172161826 1.0
8.275819533475785 1.0
8.268458014588154 1.0
8.26110958051902 1.0
8.253774196412715 1.0
8.24645182753726 1.0
8.239142439283818 1.0
8.231845997166136 1.0
8.224562466820032 1.0
8.217291814002829 1.0
8.21003400459283 1.0
8.202789004588775 1.0
8.19555678010933 1.0
8.188337297392533 1.0
8.181130522795284 1.0
8.173936422792826 1.0
8.16675496397821 1.0
8.159586113061799 1.0
8.152429836870727 1.0
8.145286102348406 1.0
8.138154876554019 1.0
8.131036126662003 1.0
8.123929819961546 1.0
8.116835923856096 1.0
8.10975440586285 1.0
8.102685233612275 1.0
8.095628374847589 1.0
8.088583797424295 1.0
8.081551469309687 1.0
8.07453135858235 1.0
8.067523433431695 1.0
8.060527662157476 1.0
8.053544013169297 1.0
8.046572454986151 1.0
8.039612956235946 1.0
8.032665485655029 1.0
8.025730012087724 1.0
8.018806504485854 1.0
8.011894931908293 1.0
8.004995263520495 1.0
7.998107468594047 1.0
7.991231516506191 1.0
7.9843673767393915 1.0
7.97751501888088 1.0
7.970674412622193 1.0
7.96384552775874 1.0
7.957028334189351 1.0
7.950222801915841 1.0
7.943428901042558 1.0
7.936646601775957 1.0
7.92987587442416 1.0
7.923116689396524 1.0
7.916369017203204 1.0
7.909632828454732 1.0
7.902908093861588 1.0
7.896194784233776 1.0
7.889492870480395 1.0
7.882802323609227 1.0
7.87612311472632 1.0
7.869455215035559 1.0
7.862798595838268 1.0
7.856153228532792 1.0
7.849519084614088 1.0
7.842896135673306 1.0
7.836284353397404 1.0
7.829683709568733 1.0
7.823094176064637 1.0
7.816515724857047 1.0
7.809948328012099 1.0
7.803391957689725 1.0
7.796846586143266 1.0
7.790312185719076 1.0
7.7837887288561385 1.0
7.777276188085677 1.0
7.770774536030765 1.0
7.764283745405948 1.0
7.757803789016859 1.0
7.7513346397598415 1.0
7.744876270621564 1.0
7.738428654678655 1.0
7.731991765097321 1.0
7.725565575132981 1.0
7.71915005812988 1.0
7.712745187520744 1.0
7.7063509368263965 1.0
7.699967279655402 1.0
7.693594189703692 1.0
7.687231640754218 1.0
7.6808796066765845 1.0
7.674538061426686 1.0
7.668206979046363 1.0
7.66188633366304 1.0
7.655576099489377 1.0
7.64927625082291 1.0
7.642986762045717 1.0
7.636707607624055 1.0
7.63043876210803 1.0
7.624180200131234 1.0
7.617931896410425 1.0
7.611693825745168 1.0
7.605465963017512 1.0
7.5992482831916295 1.0
7.593040761313511 1.0
7.586843372510613 1.0
7.58065609199152 1.0
7.574478895045632 1.0
7.568311757042827 1.0
7.562154653433129 1.0
7.556007559746384 1.0
7.549870451591944 1.0
7.543743304658334 1.0
7.537626094712943 1.0
7.531518797601686 1.0
7.525421389248706 1.0
7.519333845656043 1.0
7.513256142903331 1.0
7.507188257147472 1.0
7.501130164622337 1.0
7.495081841638447 1.0
7.489043264582664 1.0
7.483014409917889 1.0
7.4769952541827545 1.0
7.4709857739913215 1.0
7.464985946032766 1.0
7.458995747071096 1.0
7.453015153944837 1.0
7.447044143566738 1.0
7.441082692923472 1.0
7.435130779075348 1.0
7.42918837915601 1.0
7.423255470372146 1.0
7.417332030003193 1.0
7.411418035401053 1.0
7.405513463989804 1.0
7.399618293265405 1.0
7.393732500795419 1.0
7.387856064218725 1.0
7.381988961245236 1.0
7.376131169655611 1.0
7.370282667300984 1.0
7.364443432102678 1.0
7.358613442051933 1.0
7.35279267520962 1.0
7.346981109705975 1.0
7.341178723740326 1.0
7.33538549558081 1.0
7.329601403564108 1.0
7.323826426095178 1.0
7.318060541646986 1.0
7.312303728760227 1.0
7.306555966043076 1.0
7.300817232170909 1.0
7.295087505886048 1.0
7.2893667659974914 1.0
7.283654991380661 1.0
7.277952160977137 1.0
7.2722582537944 1.0
7.266573248905567 1.0
7.260897125449149 1.0
7.255229862628785 1.0
7.2495714397129944 1.0
7.243921836034914 1.0
7.2382810309920576 1.0
7.232649004046065 1.0
7.22702573472244 1.0
7.221411202610318 1.0
7.215805387362211 1.0
7.210208268693765 1.0
7.2046198263835075 1.0
7.199040040272616 1.0
7.193468890264665 1.0
7.187906356325396 1.0
7.182352418482461 1.0
7.176807056825201 1.0
7.171270251504397 1.0
7.16574198273204 1.0
7.160222230781082 1.0
7.154710975985222 1.0
7.149208198738657 1.0
7.143713879495851 1.0
7.138227998771311 1.0
7.13275053713935 1.0
7.127281475233862 1.0
7.1218207937480855 1.0
7.116368473434391 1.0
7.110924495104039 1.0
7.105488839626969 1.0
7.100061487931562 1.0
7.094642421004427 1.0
7.089231619890177 1.0
7.083829065691207 1.0
7.078434739567469 1.0
7.073048622736265 1.0
7.067670696472021 1.0
7.062300942106065 1.0
7.05693934102642 1.0
7.051585874677591 1.0
7.046240524560341 1.0
7.040903272231481 1.0
7.0355740993036635 1.0
7.030252987445167 1.0
7.024939918379688 1.0
7.019634873886121 1.0
7.01433783579837 1.0
7.009048786005128 1.0
7.003767706449669 1.0
6.998494579129649 1.0
6.993229386096901 1.0
6.9879721094572265 1.0
6.982722731370194 1.0
6.977481234048942 1.0
6.972247599759976 1.0
6.967021810822966 1.0
6.961803849610547 1.0
6.956593698548122 1.0
6.951391340113671 1.0
6.946196756837544 1.0
6.941009931302271 1.0
6.935830846142367 1.0
6.93065948404414 1.0
6.925495827745494 1.0
6.920339860035736 1.0
6.915191563755394 1.0
6.910050921796016 1.0
6.904917917099986 1.0
6.899792532660333 1.0
6.894674751520546 1.0
6.889564556774387 1.0
6.884461931565695 1.0
6.879366859088218 1.0
6.874279322585416 1.0
6.869199305350282 1.0
6.864126790725153 1.0
6.859061762101535 1.0
6.854004202919923 1.0
6.848954096669615 1.0
6.843911426888529 1.0
6.838876177163037 1.0
6.833848331127777 1.0
6.828827872465473 1.0
6.823814784906769 1.0
6.818809052230047 1.0
6.813810658261254 1.0
6.808819586873719 1.0
6.803835821987997 1.0
6.79885934757168 1.0
6.793890147639235 1.0
6.788928206251827 1.0
6.7839735075171514 1.0
6.779026035589265 1.0
6.774085774668417 1.0
6.769152709000875 1.0
6.764226822878766 1.0
6.759308100639909 1.0
6.7543965266676365 1.0
6.749492085390648 1.0
6.7445947612828325 1.0
6.739704538863111 1.0
6.734821402695263 1.0
6.729945337387779 1.0
6.725076327593691 1.0
6.720214358010412 1.0
6.71535941337957 1.0
6.710511478486862 1.0
6.705670538161882 1.0
6.700836577277971 1.0
6.696009580752054 1.0
6.691189533544486 1.0
6.686376420658899 1.0
6.681570227142037 1.0
6.676770938083609 1.0
6.671978538616136 1.0
6.667193013914791 1.0
6.662414349197249 1.0
6.657642529723535 1.0
6.652877540795878 1.0
6.648119367758548 1.0
6.643367995997714 1.0
6.638623410941294 1.0
6.633885598058806 1.0
6.629154542861219 1.0
6.624430230900798 1.0
6.619712647770974 1.0
6.615001779106179 1.0
6.610297610581711 1.0
6.605600127913588 1.0
6.6009093168584005 1.0
6.596225163213171 1.0
6.591547652815205 1.0
6.5868767715419505 1.0
6.582212505310863 1.0
6.577554840079254 1.0
6.572903761844153 1.0
6.568259256642171 1.0
6.563621310549358 1.0
6.558989909681062 1.0
6.554365040191794 1.0
6.549746688275085 1.0
6.5451348401633584 1.0
6.54052948212778 1.0
6.535930600478133 1.0
6.531338181562676 1.0
6.526752211768011 1.0
6.522172677518945 1.0
6.5175995652783625 1.0
6.513032861547085 1.0
6.508472552863745 1.0
6.503918625804647 1.0
6.499371066983639 1.0
6.494829863051985 1.0
6.490295000698228 1.0
6.485766466648061 1.0
6.481244247664203 1.0
6.476728330546267 1.0
6.472218702130624 1.0
6.4677153492902875 1.0
6.46321825893478 1.0
6.458727418010007 1.0
6.454242813498126 1.0
6.44976443241743 1.0
6.445292261822217 1.0
6.440826288802662 1.0
6.436366500484699 1.0
6.4319128840298925 1.0
6.42746542663532 1.0
6.423024115533445 1.0
6.418588937991991 1.0
6.414159881313829 1.0
6.409736932836852 1.0
6.4053200799338486 1.0
6.400909310012396 1.0
6.396504610514726 1.0
6.39210596891762 1.0
6.3877133727322715 1.0
6.383326809504189 1.0
6.378946266813066 1.0
6.374571732272666 1.0
6.370203193530703 1.0
6.365840638268731 1.0
6.361484054202026 1.0
6.357133429079471 1.0
6.352788750683434 1.0
6.348450006829668 1.0
6.344117185367186 1.0
6.339790274178148 1.0
6.335469261177755 1.0
6.331154134314127 1.0
6.326844881568202 1.0
6.322541490953612 1.0
6.318243950516585 1.0
6.3139522483358235 1.0
6.309666372522401 1.0
6.305386311219645 1.0
6.301112052603037 1.0
6.296843584880097 1.0
6.292580896290279 1.0
6.288323975104857 1.0
6.284072809626826 1.0
6.279827388190786 1.0
6.275587699162842 1.0
6.271353730940494 1.0
6.267125471952535 1.0
6.262902910658942 1.0
6.258686035550768 1.0
6.254474835150048 1.0
6.250269298009683 1.0
6.2460694127133465 1.0
6.24187516787537 1.0
6.237686552140652 1.0
6.233503554184549 1.0
6.229326162712774 1.0
6.225154366461292 1.0
6.220988154196226 1.0
6.216827514713752 1.0
6.212672436839996 1.0
6.208522909430938 1.0
6.204378921372314 1.0
6.200240461579511 1.0
6.196107518997467 0.0
6.191980082600588 0.0
6.187858141392623 0.0
6.183741684406599 0.0
6.179630700704695 0.0
6.175525179378155 0.0
6.171425109547206 0.0
6.167330480360936 0.0
6.163241280997215 0.0
6.159157500662603 0.0
6.1550791285922415 0.0
6.151006154049762 0.0
6.146938566327207 0.0
6.142876354744911 0.0
6.138819508651434 0.0
6.134768017423443 0.0
6.130721870465638 0.0
6.126681057210653 0.0
6.122645567118958 0.0
6.118615389678778 0.0
6.114590514406 0.0
6.110570930844069 0.0
6.10655662856392 0.0
6.102547597163867 0.0
6.098543826269518 0.0
6.0945453055337016 0.0
6.090552024636353 0.0
6.086563973284441 0.0
6.082581141211884 0.0
6.078603518179442 0.0
6.074631093974644 0.0
6.070663858411704 0.0
6.066701801331418 0.0
6.062744912601096 0.0
6.058793182114458 0.0
6.054846599791558 0.0
6.050905155578701 0.0
6.04696883944835 0.0
6.043037641399038 0.0
6.039111551455302 0.0
6.035190559667577 0.0
6.03127465611212 0.0
6.027363830890936 0.0
6.023458074131674 0.0
6.019557375987566 0.0
6.0156617266373305 0.0
6.011771116285086 0.0
6.007885535160291 0.0
6.0040049735176355 0.0
6.0001294216369745 0.0
5.99625886982325 0.0
5.9923933084063945 0.0
5.988532727741271 0.0
5.984677118207572 0.0
5.980826470209753 0.0
5.976980774176955 0.0
5.97314002056291 0.0
5.969304199845877 0.0
5.96547330252856 0.0
5.961647319138022 0.0
5.957826240225613 0.0
5.954010056366899 0.0
5.950198758161567 0.0
5.946392336233368 0.0
5.942590781230023 0.0
5.938794083823153 0.0
5.935002234708211 0.0
5.931215224604391 0.0
5.927433044254559 0.0
5.923655684425185 0.0
5.919883135906256 0.0
5.916115389511202 0.0
5.912352436076836 0.0
5.908594266463259 0.0
5.904840871553806 0.0
5.901092242254953 0.0
5.897348369496257 0.0
5.893609244230282 0.0
5.8898748574325195 0.0
5.886145200101317 0.0
5.882420263257816 0.0
5.878700037945863 0.0
5.874984515231955 0.0
5.871273686205156 0.0
5.8675675419770235 0.0
5.863866073681555 0.0
5.860169272475099 0.0
5.85647712953629 0.0
5.852789636065988 0.0
5.849106783287191 0.0
5.845428562444975 0.0
5.841754964806436 0.0
5.838085981660594 0.0
5.8344216043183525 0.0
5.830761824112408 0.0
5.827106632397192 0.0
5.823456020548805 0.0
5.8198099799649405 0.0
5.816168502064823 0.0
5.812531578289145 0.0
5.808899200099989 0.0
5.8052713589807645 0.0
5.801648046436151 0.0
5.7980292539920155 0.0
5.794414973195362 0.0
5.790805195614254 0.0
5.787199912837753 0.0
5.783599116475859 0.0
5.780002798159435 0.0
5.776410949540145 0.0
5.7728235622904 0.0
5.769240628103277 0.0
5.765662138692471 0.0
5.762088085792215 0.0
5.758518461157229 0.0
5.754953256562655 0.0
5.7513924638039855 0.0
5.747836074697007 0.0
5.744284081077741 0.0
5.740736474802373 0.0
5.737193247747192 0.0
5.733654391808538 0.0
5.730119898902725 0.0
5.726589760965994 0.0
5.723063969954441 0.0
5.719542517843958 0.0
5.716025396630181 0.0
5.712512598328418 0.0
5.70900411497359 0.0
5.705499938620182 0.0
5.702000061342168 0.0
5.698504475232957 0.0
5.695013172405343 0.0
5.691526144991428 0.0
5.688043385142579 0.0
5.6845648850293555 0.0
5.681090636841462 0.0
5.677620632787687 0.0
5.674154865095838 0.0
5.670693326012689 0.0
5.667236007803927 0.0
5.663782902754082 0.0
5.660334003166484 0.0
5.6568893013631945 0.0
5.653448789684952 0.0
5.650012460491127 0.0
5.646580306159643 0.0
5.643152319086936 0.0
5.639728491687903 0.0
5.63630881639583 0.0
5.632893285662345 0.0
5.629481891957365 0.0
5.626074627769035 0.0
5.622671485603678 0.0
5.619272457985734 0.0
5.615877537457709 0.0
5.612486716580124 0.0
5.609099987931452 0.0
5.605717344108069 0.0
5.6023387777242055 0.0
5.59896428141188 0.0
5.595593847820853 0.0
5.592227469618579 0.0
5.58886513949014 0.0
5.585506850138205 0.0
5.58215259428297 0.0
5.578802364662105 0.0
5.575456154030711 0.0
5.572113955161253 0.0
5.5687757608435176 0.0
5.565441563884565 0.0
5.562111357108664 0.0
5.558785133357254 0.0
5.555462885488885 0.0
5.552144606379166 0.0
5.548830288920726 0.0
5.545519926023149 0.0
5.542213510612926 0.0
5.538911035633418 0.0
5.535612494044784 0.0
5.5323178788239495 0.0
5.529027182964549 0.0
5.525740399476875 0.0
5.5224575213878335 0.0
5.519178541740888 0.0
5.515903453596012 0.0
5.512632250029653 0.0
5.509364924134663 0.0
5.506101469020258 0.0
5.502841877811983 0.0
5.499586143651641 0.0
5.496334259697257 0.0
5.493086219123036 0.0
5.4898420151193 0.0
5.486601640892457 0.0
5.483365089664937 0.0
5.480132354675157 0.0
5.47690342917747 0.0
5.473678306442117 0.0
5.47045697975518 0.0
5.46723944241854 0.0
5.464025687749823 0.0
5.460815709082365 0.0
5.457609499765149 0.0
5.4544070531627735 0.0
5.451208362655407 0.0
5.448013421638731 0.0
5.444822223523898 0.0
5.441634761737503 0.0
5.438451029721509 0.0
5.435271020933225 0.0
5.432094728845256 0.0
5.4289221469454505 0.0
5.425753268736867 0.0
5.422588087737721 0.0
5.419426597481343 0.0
5.416268791516141 0.0
5.413114663405545 0.0
5.409964206727971 0.0
5.40681741507678 0.0
5.403674282060226 0.0
5.4005348013014185 0.0
5.397398966438278 0.0
5.394266771123491 0.0
5.391138209024476 0.0
5.388013273823327 0.0
5.384891959216777 0.0
5.381774258916166 0.0
5.37866016664738 0.0
5.375549676150821 0.0
5.372442781181367 0.0
5.369339475508317 0.0
5.366239752915368 0.0
5.363143607200555 0.0
5.360051032176219 0.0
5.356962021668973 0.0
5.353876569519642 0.0
5.350794669583237 0.0
5.347716315728916 0.0
5.344641501839928 0.0
5.341570221813584 0.0
5.338502469561223 0.0
5.33543823900815 0.0
5.332377524093621 0.0
5.329320318770784 0.0
5.326266617006646 0.0
5.323216412782042 0.0
5.320169700091577 0.0
5.3171264729436 0.0
5.314086725360165 0.0
5.311050451376987 0.0
5.308017645043399 0.0
5.304988300422327 0.0
5.301962411590234 0.0
5.2989399726371 0.0
5.295920977666364 0.0
5.292905420794898 0.0
5.289893296152971 0.0
5.2868845978842005 0.0
5.283879320145521 0.0
5.280877457107148 0.0
5.277879002952532 0.0
5.274883951878334 0.0
5.271892298094375 0.0
5.268904035823603 0.0
5.2659191593020624 0.0
5.262937662778849 0.0
5.25995954051607 0.0
5.256984786788825 0.0
5.2540133958851465 0.0
5.251045362105977 0.0
5.248080679765132 0.0
5.245119343189256 0.0
5.242161346717799 0.0
5.239206684702966 0.0
5.236255351509689 0.0
5.233307341515595 0.0
5.230362649110963 0.0
5.227421268698684 0.0
5.224483194694245 0.0
5.2215484215256724 0.0
5.2186169436335055 0.0
5.215688755470767 0.0
5.212763851502916 0.0
5.209842226207825 0.0
5.206923874075735 0.0
5.204008789609227 0.0
5.2010969673231875 0.0
5.198188401744773 0.0
5.195283087413369 0.0
5.192381018880573 0.0
5.189482190710138 0.0
5.186586597477961 0.0
5.183694233772028 0.0
5.180805094192397 0.0
5.1779191733511585 0.0
5.175036465872399 0.0
5.172156966392166 0.0
5.169280669558448 0.0
5.166407570031127 0.0
5.1635376624819465 0.0
5.160670941594494 0.0
5.157807402064144 0.0
5.154947038598048 0.0
5.152089845915088 0.0
5.149235818745845 0.0
5.146384951832577 0.0
5.143537239929173 0.0
5.140692677801129 0.0
5.137851260225515 0.0
5.1350129819909425 0.0
5.132177837897527 0.0
5.129345822756871 0.0
5.126516931392014 0.0
5.123691158637416 0.0
5.120868499338917 0.0
5.118048948353706 0.0
5.115232500550298 0.0
5.112419150808493 0.0
5.109608894019349 0.0
5.106801725085156 0.0
5.1039976389193935 0.0
5.101196630446713 0.0
5.098398694602897 0.0
5.095603826334831 0.0
5.0928120206004825 0.0
5.090023272368855 0.0
5.087237576619965 0.0
5.084454928344821 0.0
5.081675322545376 0.0
5.07889875423451 0.0
5.076125218435998 0.0
5.073354710184477 0.0
5.07058722452542 0.0
5.0678227565151035 0.0
5.065061301220576 0.0
5.062302853719639 0.0
5.059547409100807 0.0
5.05679496246328 0.0
5.054045508916921 0.0
5.051299043582221 0.0
5.048555561590267 0.0
5.045815058082728 0.0
5.043077528211805 0.0
5.040342967140224 0.0
5.037611370041189 0.0
5.034882732098365 0.0
5.032157048505848 0.0
5.029434314468133 0.0
5.026714525200087 0.0
5.023997675926927 0.0
5.021283761884183 0.0
5.018572778317677 0.0
5.0158647204834885 0.0
5.013159583647934 0.0
5.010457363087538 0.0
5.007758054089 0.0
5.005061651949171 0.0
5.00236815197503 0.0
4.999677549483651 0.0
4.996989839802172 0.0
4.994305018267785 0.0
4.991623080227687 0.0
4.988944021039073 0.0
4.986267836069092 0.0
4.983594520694831 0.0
4.98092407030329 0.0
4.978256480291346 0.0
4.9755917460657315 0.0
4.972929863043014 0.0
4.970270826649557 0.0
4.967614632321506 0.0
4.964961275504755 0.0
4.962310751654922 0.0
4.9596630562373285 0.0
4.957018184726964 0.0
4.954376132608464 0.0
4.951736895376093 0.0
4.949100468533704 0.0
4.9464668475947215 0.0
4.94383602808212 0.0
4.941208005528385 0.0
4.938582775475507 0.0
4.935960333474937 0.0
4.93334067508757 0.0
4.9307237958837264 0.0
4.928109691443114 0.0
4.925498357354812 0.0
4.922889789217245 0.0
4.920283982638155 0.0
4.917680933234578 0.0
4.915080636632826 0.0
4.912483088468449 0.0
4.909888284386224 0.0
4.907296220040124 0.0
4.904706891093288 0.0
4.902120293218015 0.0
4.899536422095721 0.0
4.896955273416921 0.0
4.894376842881214 0.0
4.891801126197244 0.0
4.889228119082685 0.0
4.886657817264221 0.0
4.884090216477511 0.0
4.881525312467178 0.0
4.878963100986774 0.0
4.8764035777987615 0.0
4.873846738674497 0.0
4.871292579394194 0.0
4.86874109574691 0.0
4.866192283530522 0.0
4.863646138551696 0.0
4.861102656625876 0.0
4.858561833577254 0.0
4.856023665238742 0.0
4.853488147451964 0.0
4.850955276067217 0.0
4.848425046943459 0.0
4.845897455948285 0.0
4.8433724989579 0.0
4.840850171857098 0.0
4.838330470539247 0.0
4.835813390906253 0.0
4.833298928868553 0.0
4.83078708034508 0.0
4.828277841263246 0.0
4.825771207558925 0.0
4.823267175176423 0.0
4.820765740068458 0.0
4.818266898196144 0.0
4.8157706455289615 0.0
4.813276978044739 0.0
4.810785891729635 0.0
4.808297382578108 0.0
4.805811446592908 0.0
4.803328079785037 0.0
4.800847278173743 0.0
4.798369037786497 0.0
4.795893354658963 0.0
4.793420224834984 0.0
4.7909496443665605 0.0
4.788481609313826 0.0
4.786016115745031 0.0
4.783553159736518 0.0
4.781092737372698 0.0
4.778634844746041 0.0
4.7761794779570454 0.0
4.773726633114216 0.0
4.771276306334053 0.0
4.768828493741023 0.0
4.7663831914675425 0.0
4.763940395653957 0.0
4.76150010244852 0.0
4.759062308007373 0.0
4.756627008494525 0.0
4.754194200081833 0.0
4.751763878948983 0.0
4.749336041283467 0.0
4.746910683280563 0.0
4.7444878011433245 0.0
4.742067391082543 0.0
4.739649449316746 0.0
4.737233972072165 0.0
4.734820955582722 0.0
4.732410396090011 0.0
4.730002289843274 0.0
4.727596633099379 0.0
4.725193422122815 0.0
4.722792653185653 0.0
4.7203943225675395 0.0
4.71799842655568 0.0
4.7156049614448055 0.0
4.713213923537167 0.0
4.7108253091425105 0.0
4.708439114578057 0.0
4.70605533616849 0.0
4.703673970245927 0.0
4.701295013149909 0.0
4.698918461227379 0.0
4.69654431083266 0.0
4.694172558327442 0.0
4.691803200080759 0.0
4.689436232468974 0.0
4.6870716518757565 0.0
4.684709454692069 0.0
4.68234963731614 0.0
4.679992196153459 0.0
4.677637127616748 0.0
4.675284428125943 0.0
4.672934094108185 0.0
4.670586121997789 0.0
4.66824050823624 0.0
4.665897249272162 0.0
4.663556341561308 0.0
4.661217781566543 0.0
4.658881565757819 0.0
4.656547690612163 0.0
4.65421615261366 0.0
4.65188694825343 0.0
4.649560074029612 0.0
4.647235526447356 0.0
4.6449133020187885 0.0
4.642593397263011 0.0
4.640275808706071 0.0
4.63796053288095 0.0
4.635647566327549 0.0
4.633336905592664 0.0
4.631028547229972 0.0
4.628722487800021 0.0
4.626418723870198 0.0
4.624117252014726 0.0
4.621818068814639 0.0
4.619521170857768 0.0
4.617226554738725 0.0
4.614934217058883 0.0
4.612644154426359 0.0
4.610356363456007 0.0
4.6080708407693844 0.0
4.605787582994748 0.0
4.603506586767037 0.0
4.601227848727848 0.0
4.59895136552543 0.0
4.596677133814659 0.0
4.5944051502570185 0.0
4.5921354115206015 0.0
4.589867914280072 0.0
4.587602655216662 0.0
4.585339631018154 0.0
4.583078838378859 0.0
4.580820273999606 0.0
4.578563934587726 0.0
4.57630981685703 0.0
4.574057917527802 0.0
4.571808233326776 0.0
4.5695607609871205 0.0
4.567315497248428 0.0
4.565072438856695 0.0
4.562831582564304 0.0
4.560592925130018 0.0
4.55835646331895 0.0
4.556122193902559 0.0
4.553890113658633 0.0
4.551660219371266 0.0
4.549432507830853 0.0
4.547206975834068 0.0
4.544983620183845 0.0
4.542762437689375 0.0
4.5405434251660814 0.0
4.538326579435602 0.0
4.536111897325786 0.0
4.533899375670666 0.0
4.531689011310453 0.0
4.529480801091513 0.0
4.527274741866354 0.0
4.525070830493623 0.0
4.52286906383807 0.0
4.520669438770548 0.0
4.518471952167996 0.0
4.51627660091342 0.0
4.514083381895881 0.0
4.511892292010486 0.0
4.509703328158355 0.0
4.5075164872466305 0.0
4.505331766188446 0.0
4.5031491619029165 0.0
4.500968671315127 0.0
4.498790291356114 0.0
4.496614018962848 0.0
4.494439851078233 0.0
4.492267784651074 0.0
4.490097816636074 0.0
4.48792994399382 0.0
4.485764163690764 0.0
4.48360047269921 0.0
4.481438867997301 0.0
4.4792793465690055 0.0
4.477121905404104 0.0
4.474966541498172 0.0
4.472813251852565 0.0
4.470662033474413 0.0
4.468512883376598 0.0
4.466365798577744 0.0
4.4642207761022 0.0
4.462077812980031 0.0
4.459936906247001 0.0
4.457798052944563 0.0
4.455661250119835 0.0
4.453526494825605 0.0
4.451393784120296 0.0
4.449263115067969 0.0
4.447134484738303 0.0
4.44500789020658 0.0
4.442883328553676 0.0
4.440760796866043 0.0
4.438640292235698 0.0
4.436521811760214 0.0
4.434405352542697 0.0
4.43229091169178 0.0
4.43017848632161 0.0
4.428068073551831 0.0
4.425959670507571 0.0
4.423853274319438 0.0
4.42174888212349 0.0
4.419646491061241 0.0
4.417546098279632 0.0
4.415447700931027 0.0
4.413351296173203 0.0
4.411256881169325 0.0
4.409164453087942 0.0
4.407074009102978 0.0
4.404985546393707 0.0
4.402899062144752 0.0
4.400814553546066 0.0
4.398732017792921 0.0
4.396651452085896 0.0
4.394572853630863 0.0
4.392496219638976 0.0
4.390421547326659 0.0
4.38834883391559 0.0
4.386278076632691 0.0
4.384209272710122 0.0
4.382142419385253 0.0
4.38007751390067 0.0
4.378014553504146 0.0
4.375953535448639 0.0
4.373894456992284 0.0
4.3718373153983645 0.0
4.369782107935314 0.0
4.367728831876704 0.0
4.365677484501222 0.0
4.363628063092667 0.0
4.36158056493994 0.0
4.359534987337023 0.0
4.357491327582974 0.0
4.355449582981914 0.0
4.353409750843013 0.0
4.35137182848048 0.0
4.349335813213552 0.0
4.347301702366477 0.0
4.345269493268512 0.0
4.3432391832539015 0.0
4.341210769661872 0.0
4.3391842498366175 0.0
4.337159621127286 0.0
4.335136880887977 0.0
4.333116026477718 0.0
4.33109705526046 0.0
4.329079964605068 0.0
4.327064751885301 0.0
4.325051414479807 0.0
4.323039949772115 0.0
4.321030355150613 0.0
4.3190226280085495 0.0
4.317016765744009 0.0
4.315012765759911 0.0
4.313010625463995 0.0
4.311010342268807 0.0
4.309011913591693 0.0
4.3070153368547865 0.0
4.305020609484995 0.0
4.30302772891399 0.0
4.301036692578198 0.0
4.299047497918786 0.0
4.297060142381658 0.0
4.29507462341743 0.0
4.293090938481433 0.0
4.2911090850337 0.0
4.289129060538945 0.0
4.287150862466562 0.0
4.285174488290615 0.0
4.283199935489816 0.0
4.281227201547531 0.0
4.279256283951755 0.0
4.2772871801951045 0.0
4.275319887774814 0.0
4.273354404192719 0.0
4.271390726955243 0.0
4.269428853573397 0.0
4.267468781562759 0.0
4.265510508443466 0.0
4.263554031740208 0.0
4.2615993489822115 0.0
4.259646457703235 0.0
4.257695355441554 0.0
4.25574603973995 0.0
4.253798508145708 0.0
4.251852758210595 0.0
4.249908787490856 0.0
4.247966593547209 0.0
4.246026173944821 0.0
4.244087526253311 0.0
4.242150648046733 0.0
4.240215536903567 0.0
4.238282190406712 0.0
4.2363506061434695 0.0
4.2344207817055395 0.0
4.232492714689008 0.0
4.230566402694339 0.0
4.228641843326359 0.0
4.226719034194253 0.0
4.224797972911554 0.0
4.22287865709613 0.0
4.220961084370176 0.0
4.219045252360203 0.0
4.2171311586970335 0.0
4.215218801015782 0.0
4.213308176955851 0.0
4.211399284160928 0.0
4.209492120278961 0.0
4.207586682962158 0.0
4.205682969866981 0.0
4.203780978654125 0.0
4.2018807069885185 0.0
4.19998215253931 0.0
4.198085312979857 0.0
4.196190185987722 0.0
4.194296769244654 0.0
4.192405060436586 0.0
4.19051505725363 0.0
4.188626757390051 0.0
4.186740158544275 0.0
4.184855258418873 0.0
4.182972054720547 0.0
4.181090545160131 0.0
4.179210727452568 0.0
4.177332599316916 0.0
4.175456158476328 0.0
4.173581402658047 0.0
4.171708329593394 0.0
4.169836937017765 0.0
4.167967222670613 0.0
4.1660991842954465 0.0
4.1642328196398175 0.0
4.16236812645531 0.0
4.160505102497538 0.0
4.158643745526128 0.0
4.156784053304714 0.0
4.154926023600931 0.0
4.1530696541864005 0.0
4.151214942836727 0.0
4.149361887331489 0.0
4.14751048545422 0.0
4.145660734992418 0.0
4.143812633737518 0.0
4.1419661794848945 0.0
4.14012137003385 0.0
4.138278203187606 0.0
4.136436676753293 0.0
4.134596788541946 0.0
4.132758536368487 0.0
4.130921918051729 0.0
4.129086931414357 0.0
4.127253574282923 0.0
4.12542184448784 0.0
4.123591739863367 0.0
4.121763258247605 0.0
4.119936397482493 0.0
4.1181111554137875 0.0
4.116287529891063 0.0
4.114465518767705 0.0
4.112645119900894 0.0
4.110826331151602 0.0
4.1090091503845825 0.0
4.107193575468363 0.0
4.1053796042752415 0.0
4.1035672346812655 0.0
4.101756464566234 0.0
4.099947291813692 0.0
4.098139714310908 0.0
4.0963337299488805 0.0
4.094529336622324 0.0
4.0927265322296575 0.0
4.0909253146730045 0.0
4.0891256818581745 0.0
4.087327631694662 0.0
4.0855311620956405 0.0
4.083736270977947 0.0
4.081942956262076 0.0
4.08015121587218 0.0
4.078361047736049 0.0
4.076572449785107 0.0
4.07478541995441 0.0
4.07299995618263 0.0
4.071216056412053 0.0
4.069433718588566 0.0
4.067652940661649 0.0
4.065873720584377 0.0
4.064096056313398 0.0
4.062319945808933 0.0
4.0605453870347725 0.0
4.058772377958257 0.0
4.05700091655028 0.0
4.055231000785272 0.0
4.0534626286412 0.0
4.051695798099556 0.0
4.049930507145348 0.0
4.048166753767093 0.0
4.0464045359568175 0.0
4.044643851710035 0.0
4.042884699025748 0.0
4.041127075906443 0.0
4.039370980358074 0.0
4.037616410390062 0.0
4.035863364015284 0.0
4.034111839250065 0.0
4.032361834114177 0.0
4.030613346630822 0.0
4.02886637482663 0.0
4.027120916731652 0.0
4.0253769703793525 0.0
4.0236345338065975 0.0
4.021893605053653 0.0
4.020154182164172 0.0
4.018416263185198 0.0
4.0166798461671425 0.0
4.0149449291637875 0.0
4.013211510232278 0.0
4.01147958743311 0.0
4.009749158830127 0.0
4.008020222490514 0.0
4.006292776484785 0.0
4.004566818886783 0.0
4.002842347773663 0.0
4.0011193612258955 0.0
3.999397857327253 0.0
3.997677834164804 0.0
3.995959289828906 0.0
3.994242222413201 0.0
3.9925266300146043 0.0
3.9908125107332992 0.0
3.9890998626727323 0.0
3.9873886839396016 0.0
3.9856789726438557 0.0
3.9839707268986806 0.0
3.982263944820495 0.0
3.9805586245289484 0.0
3.9788547641469063 0.0
3.9771523618004454 0.0
3.9754514156188527 0.0
3.973751923734611 0.0
3.972053884283395 0.0
3.970357295404067 0.0
3.9686621552386643 0.0
3.9669684619324004 0.0
3.9652762136336497 0.0
3.963585408493945 0.0
3.961896044667974 0.0
3.9602081203135655 0.0
3.9585216335916877 0.0
3.9568365826664404 0.0
3.955152965705046 0.0
3.9534707808778498 0.0
3.9517900263583035 0.0
3.9501107003229645 0.0
3.9484328009514913 0.0
3.946756326426631 0.0
3.945081274934216 0.0
3.94340764466316 0.0
3.9417354338054453 0.0
3.9400646405561206 0.0
3.938395263113296 0.0
3.9367272996781297 0.0
3.9350607484548306 0.0
3.933395607650644 0.0
3.9317318754758483 0.0
3.9300695501437515 0.0
3.9284086298706797 0.0
3.9267491128759717 0.0
3.9250909973819783 0.0
3.9234342816140475 0.0
3.921778963800523 0.0
3.92012504217274 0.0
3.918472514965011 0.0
3.9168213804146306 0.0
3.9151716367618574 0.0
3.913523282249916 0.0
3.91187631512499 0.0
3.9102307336362117 0.0
3.9085865360356573 0.0
3.9069437205783464 0.0
3.905302285522225 0.0
3.903662229128171 0.0
3.9020235496599787 0.0
3.900386245384357 0.0
3.8987503145709255 0.0
3.8971157554922025 0.0
3.8954825664236026 0.0
3.8938507456434324 0.0
3.892220291432879 0.0
3.890591202076009 0.0
3.8889634758597613 0.0
3.8873371110739376 0.0
3.885712106011203 0.0
3.884088458967074 0.0
3.882466168239913 0.0
3.8808452321309286 0.0
3.8792256489441623 0.0
3.8776074169864843 0.0
3.8759905345675927 0.0
3.874375 0.0
