-17.71142857142857 0.0
-17.731700128761506 0.0
-17.752018142754835 0.0
-17.772382773289998 0.0
-17.792794180982916 0.0
-17.813252527188233 0.0
-17.83375797400355 0.0
-17.85431068427371 0.0
-17.874910821595115 0.0
-17.895558550320068 0.0
-17.916254035561124 0.0
-17.936997443195523 0.0
-17.957788939869598 0.0
-17.97862869300324 0.0
-17.999516870794405 0.0
-18.020453642223625 0.0
-18.041439177058567 0.0
-18.062473645858635 0.0
-18.083557219979575 0.0
-18.10469007157813 0.0
-18.125872373616733 0.0
-18.147104299868225 0.0
-18.168386024920597 0.0
-18.189717724181794 0.0
-18.21109957388451 0.0
-18.232531751091063 0.0
-18.25401443369827 0.0
-18.27554780044237 0.0
-18.297132030903995 0.0
-18.318767305513134 0.0
-18.340453805554187 0.0
-18.362191713171025 0.0
-18.383981211372067 0.0
-18.405822484035447 0.0
-18.427715715914164 0.0
-18.449661092641296 0.0
-18.471658800735263 0.0
-18.493709027605078 0.0
-18.5158119615557 0.0
-18.53796779179339 0.0
-18.56017670843109 0.0
-18.58243890249388 0.0
-18.604754565924445 0.0
-18.6271238915886 0.0
-18.649547073280836 0.0
-18.672024305729927 0.0
-18.694555784604557 0.0
-18.717141706519005 0.0
-18.73978226903886 0.0
-18.762477670686785 0.0
-18.785228110948317 0.0
-18.808033790277708 0.0
-18.830894910103826 0.0
-18.853811672836066 0.0
-18.87678428187034 0.0
-18.899812941595084 0.0
-18.922897857397324 0.0
-18.946039235668792 0.0
-18.969237283812053 0.0
-18.99249221024672 0.0
-19.015804224415692 0.0
-19.03917353679144 0.0
-19.062600358882342 0.0
-19.086084903239055 0.0
-19.109627383460964 0.0
-19.133228014202643 0.0
-19.15688701118038 0.0
-19.180604591178746 0.0
-19.20438097205723 0.0
-19.22821637275689 0.0
-19.2521110133071 0.0
-19.27606511483229 0.0
-19.300078899558788 0.0
-19.324152590821683 0.0
-19.34828641307176 0.0
-19.372480591882457 0.0
-19.39673535395691 0.0
-19.421050927135024 0.0
-19.44542754040061 0.0
-19.46986542388857 0.0
-19.494364808892154 0.0
-19.51892592787023 0.0
-19.543549014454666 0.0
-19.568234303457714 0.0
-19.592982030879487 0.0
-19.617792433915476 0.0
-19.642665750964127 0.0
-19.66760222163449 0.0
-19.69260208675388 0.0
-19.71766558837567 0.0
-19.742792969787075 0.0
-19.76798447551704 0.0
-19.793240351344156 0.0
-19.818560844304674 0.0
-19.84394620270054 0.0
-19.86939667610752 0.0
-19.894912515383382 0.0
-19.92049397267613 0.0
-19.946141301432327 0.0
-19.971854756405435 0.0
-19.997634593664284 0.0
-20.02348107060154 0.0
-20.0493944459423 0.0
-20.075374979752713 0.0
-20.101422933448667 0.0
-20.12753856980458 0.0
-20.15372215296222 0.0
-20.17997394843962 0.0
-20.20629422314005 0.0
-20.232683245361052 0.0
-20.259141284803576 0.0
-20.285668612581155 0.0
-20.312265501229174 0.0
-20.33893222471418 0.0
-20.365669058443334 0.0
-20.392476279273843 0.0
-20.41935416552254 0.0
-20.44630299697553 0.0
-20.473323054897858 0.0
-20.500414622043337 0.0
-20.527577982664383 0.0
-20.554813422521974 0.0
-20.582121228895655 0.0
-20.609501690593646 0.0
-20.636955097963035 0.0
-20.664481742900016 0.0
-20.692081918860257 0.0
-20.71975592086932 0.0
-20.747504045533177 0.0
-20.77532659104878 0.0
-20.803223857214796 0.0
-20.831196145442327 0.0
-20.859243758765782 0.0
-20.887367001853832 0.0
-20.915566181020424 0.0
-20.94384160423591 0.0
-20.97219358113825 0.0
-21.000622423044344 0.0
-21.029128442961373 0.0
-21.057711955598347 0.0
-21.086373277377646 0.0
-21.115112726446704 0.0
-21.143930622689794 0.0
-21.172827287739878 0.0
-21.201803044990594 0.0
-21.230858219608294 0.0
-21.25999313854423 0.0
-21.28920813054681 0.0
-21.31850352617396 0.0
-21.347879657805596 0.0
-21.377336859656186 0.0
-21.40687546778744 0.0
-21.436495820121074 0.0
-21.466198256451708 0.0
-21.49598311845985 0.0
-21.525850749725006 0.0
-21.555801495738887 0.0
-21.585835703918725 0.0
-21.615953723620724 0.0
-21.64615590615358 0.0
-21.676442604792168 0.0
-21.70681417479129 0.0
-21.737270973399596 0.0
-21.767813359873543 0.0
-21.79844169549159 0.0
-21.829156343568368 0.0
-21.859957669469104 0.0
-21.89084604062408 0.0
-21.921821826543248 0.0
-21.95288539883096 0.0
-21.984037131200854 0.0
-22.015277399490795 0.0
-22.046606581678034 0.0
-22.078025057894425 0.0
-22.109533210441818 0.0
-22.14113142380754 0.0
-22.172820084680065 0.0
-22.204599581964768 0.0
-22.236470306799834 0.0
-22.268432652572322 0.0
-22.300487014934326 0.0
-22.33263379181933 0.0
-22.36487338345865 0.0
-22.397206192398052 0.0
-22.42963262351451 0.0
-22.46215308403311 0.0
-22.494767983544072 0.0
-22.527477734019996 0.0
-22.56028274983314 0.0
-22.593183447772986 0.0
-22.626180247063836 0.0
-22.659273569382655 0.0
-22.69246383887702 0.0
-22.72575148218324 0.0
-22.759136928444633 0.0
-22.792620609329983 0.0
-22.82620295905212 0.0
-22.85988441438672 0.0
-22.893665414691213 0.0
-22.92754640192391 0.0
-22.96152782066325 0.0
-22.99561011812728 0.0
-23.02979374419325 0.0
-23.064079151417406 0.0
-23.098466795054982 0.0
-23.13295713308032 0.0
-23.16755062620724 0.0
-23.202247737909516 0.0
-23.2370489344416 0.0
-23.271954684859487 0.0
-23.306965461041813 0.0
-23.34208173771109 0.0
-23.377303992455204 0.0
-23.412632705749004 0.0
-23.44806836097623 0.0
-23.48361144445146 0.0
-23.519262445442468 0.0
-23.555021856192585 0.0
-23.590890171943403 0.0
-23.626867890957616 0.0
-23.662955514542098 0.0
-23.699153547071194 0.0
-23.735462496010214 0.0
-23.771882871939134 0.0
-23.80841518857655 0.0
-23.845059962803823 0.0
-23.881817714689447 0.0
-23.91868896751367 0.0
-23.95567424779331 0.0
-23.992774085306834 0.0
-24.02998901311963 0.0
-24.067319567609555 0.0
-24.10476628849271 0.0
-24.142329718849425 0.0
-24.18001040515055 0.0
-24.217808897283923 0.0
-24.25572574858112 0.0
-24.293761515844498 0.0
-24.331916759374387 0.0
-24.370192042996663 0.0
-24.40858793409046 0.0
-24.44710500361628 0.0
-24.485743826144223 0.0
-24.524504979882593 0.0
-24.563389046706746 0.0
-24.602396612188183 0.0
-24.641528265623965 0.0
-24.680784600066378 0.0
-24.720166212352904 0.0
-24.759673703136446 0.0
-24.799307676915895 0.0
-24.83906874206694 0.0
-24.878957510873203 0.0
-24.91897459955767 0.0
-24.959120628314427 0.0
-24.999396221340685 0.0
-25.039802006869152 0.0
-25.080338617200677 0.0
-25.12100668873725 0.0
-25.161806862015297 0.0
-25.202739781739307 0.0
-25.243806096815806 0.0
-25.285006460387624 0.0
-25.32634152986854 0.0
-25.367811966978238 0.0
-25.409418437777628 0.0
-25.451161612704496 0.0
-25.493042166609527 0.0
-25.535060778792662 0.0
-25.577218133039832 0.0
-25.61951491766003 0.0
-25.661951825522813 0.0
-25.704529554096098 0.0
-25.747248805484386 0.0
-25.790110286467367 0.0
-25.833114708538876 0.0
-25.876262787946278 0.0
-25.919555245730223 0.0
-25.962992807764824 0.0
-26.00657620479821 0.0
-26.050306172493524 0.0
-26.094183451470283 0.0
-26.138208787346226 0.0
-26.18238293077953 0.0
-26.226706637511466 0.0
-26.271180668409524 0.0
-26.315805789510936 0.0
-26.360582772066646 0.0
-26.405512392585756 0.0
-26.45059543288042 0.0
-26.495832680111167 0.0
-26.54122492683275 0.0
-26.5867729710404 0.0
-26.632477616216605 0.0
-26.678339671378346 0.0
-26.724359951124846 0.0
-26.770539275685795 0.0
-26.81687847097007 0.0
-26.863378368614985 0.0
-26.910039806036043 0.0
-26.9568636264772 0.0
-27.00385067906166 0.0
-27.05100181884322 0.0
-27.098317906858103 0.0
-27.14579981017741 0.0
-27.19344840196007 0.0
-27.24126456150634 0.0
-27.28924917431193 0.0
-27.337403132122642 0.0
-27.385727332989617 0.0
-27.434222681325167 0.0
-27.4828900879592 0.0
-27.531730470196223 0.0
-27.580744751873006 0.0
-27.62993386341681 0.0
-27.679298741904265 0.0
-27.72884033112089 0.0
-27.77855958162122 0.0
-27.828457450789614 0.0
-27.878534902901702 0.0
-27.92879290918651 0.0
-27.97923244788923 0.0
-28.029854504334715 0.0
-28.080660070991616 0.0
-28.13165014753726 0.0
-28.182825740923217 0.0
-28.234187865441566 0.0
-28.285737542791935 0.0
-28.337475802149232 0.0
-28.389403680232117 0.0
-28.4415222213723 0.0
-28.49383247758449 0.0
-28.546335508637238 0.0
-28.599032382124452 0.0
-28.6519241735378 0.0
-28.705011966339846 0.0
-28.758296852038058 0.0
-28.811779930259593 0.0
-28.865462308826956 0.0
-28.91934510383449 0.0
-28.97342943972571 0.0
-29.02771644937154 0.0
-29.082207274149397 0.0
-29.1369030640232 0.0
-29.191804977624244 0.0
-29.246914182333047 0.0
-29.302231854362045 0.0
-29.357759178839324 0.0
-29.413497349893206 0.0
-29.469447570737895 0.0
-29.525611053760027 0.0
-29.581989020606255 0.0
-29.638582702271822 0.0
-29.69539333919016 0.0
-29.75242218132352 0.0
-29.809670488254632 0.0
-29.86713952927946 0.0
-29.924830583501006 0.0
-29.9827449399242 0.0
-30.04088389755191 0.0
-30.09924876548207 0.0
-30.157840863005923 0.0
-30.216661519707436 0.0
-30.27571207556388 0.0
-30.334993881047566 0.0
-30.39450829722881 0.0
-30.45425669588009 0.0
-30.514240459581455 0.0
-30.574460981827155 0.0
-30.634919667133556 0.0
-30.69561793114835 0.0
-30.756557200761023 0.0
-30.81773891421467 0.0
-30.879164521219167 0.0
-30.94083548306566 0.0
-31.00275327274243 0.0
-31.06491937505222 0.0
-31.12733528673085 0.0
-31.190002516567404 0.0
-31.252922585525763 0.0
-31.316097026867684 0.0
-31.37952738627732 0.0
-31.443215221987312 0.0
-31.50716210490636 0.0
-31.57136961874841 0.0
-31.635839360163367 0.0
-31.70057293886947 0.0
-31.765571977787275 0.0
-31.830838113175247 0.0
-31.8963729947671 0.0
-31.962178285910774 0.0
-32.028255663709196 0.0
-32.09460681916271 0.0
-32.16123345731339 0.0
-32.228137297391 0.0
-32.295320072961005 0.0
-32.36278353207416 0.0
-32.43052943741823 0.0
-32.498559566471464 0.0
-32.56687571165806 0.0
-32.635479680505576 0.0
-32.70437329580438 0.0
-32.773558395769065 0.0
-32.84303683420193 0.0
-32.912810480658585 0.0
-32.98288122061563 0.0
-33.0532509556405 0.0
-33.123921603563474 0.0
-33.194895098651905 0.0
-33.26617339178671 0.0
-33.33775845064108 0.0
-33.40965225986162 0.0
-33.48185682125169 0.0
-33.55437415395723 0.0
-33.627206294654975 0.0
-33.70035529774314 0.0
-33.773823235534564 0.0
-33.84761219845244 0.0
-33.92172429522854 0.0
-33.99616165310414 0.0
-34.07092641803354 0.0
-34.14602075489026 0.0
-34.22144684767602 0.0
-34.297206899732494 0.0
-34.37330313395581 0.0
-34.44973779301399 0.0
-34.52651313956728 0.0
-34.60363145649139 0.0
-34.68109504710382 0.0
-34.758906235393106 0.0
-34.83706736625129 0.0
-34.91558080570945 0.0
-34.994448941176465 0.0
-35.07367418168097 0.0
-35.153258958116666 0.0
-35.23320572349095 0.0
-35.313516953176936 0.0
-35.394195145168965 0.0
-35.47524282034157 0.0
-35.55666252271206 0.0
-35.6384568197067 0.0
-35.72062830243059 0.0
-35.803179585941265 0.0
-35.88611330952612 0.0
-35.969432136983656 0.0
-36.05313875690876 0.0
-36.13723588298183 0.0
-36.22172625426206 0.0
-36.30661263548482 0.0
-36.39189781736322 0.0
-36.47758461689395 0.0
-36.56367587766742 0.0
-36.65017447018236 0.0
-36.73708329216481 0.0
-36.82440526889175 0.0
-36.91214335351931 0.0
-37.00030052741566 0.0
-37.08887980049875 0.0
-37.17788421157884 0.0
-37.26731682870602 0.0
-37.35718074952276 0.0
-37.44747910162152 0.0
-37.53821504290762 0.0
-37.62939176196741 0.0
-37.72101247844172 0.0
-37.813080443404864 0.0
-37.90559893974921 0.0
-37.99857128257538 0.0
-38.092000819588165 0.0
-38.185890931498406 0.0
-38.28024503243076 0.0
-38.375066570337495 0.0
-38.47035902741852 0.0
-38.56612592054766 0.0
-38.662370801705315 0.0
-38.7590972584176 0.0
-38.85630891420211 0.0
-38.95400942902043 0.0
-39.052202499737426 0.0
-39.150891860587556 0.0
-39.250081283648264 0.0
-39.34977457932056 0.0
-39.44997559681698 0.0
-39.55068822465695 0.0
-39.651916391169884 0.0
-39.75366406500588 0.0
-39.85593525565441 0.0
-39.95873401397098 0.0
-40.06206443271199 0.0
-40.165930647077886 0.0
-40.270336835264814 0.0
-40.37528721902487 0.0
-40.48078606423517 0.0
-40.58683768147582 0.0
-40.693446426617044 0.0
-40.80061670141556 0.0
-40.90835295412036 0.0
-41.016659680088246 0.0
-41.12554142240903 0.0
-41.23500277254076 0.0
-41.34504837095519 0.0
-41.455682907793516 0.0
-41.566911123532705 0.0
-41.6787378096626 0.0
-41.79116780937395 0.0
-41.904206018257646 0.0
-42.017857385015255 0.0
-42.132126912181306 0.0
-42.24701965685718 0.0
-42.36254073145722 0.0
-42.478695304467045 0.0
-42.59548860121435 0.0
-42.7129259046525 0.0
-42.83101255615713 0.0
-42.94975395633592 0.0
-43.06915556585197 0.0
-43.189222906260895 0.0
-43.30996156086197 0.0
-43.43137717556361 0.0
-43.55347545976338 0.0
-43.67626218724304 0.0
-43.79974319707857 0.0
-43.92392439456586 0.0
-44.04881175216207 0.0
-44.174411310443155 0.0
-44.300729179077805 0.0
-44.42777153781814 0.0
-44.555544637507495 0.0
-44.68405480110564 0.0
-44.81330842473184 0.0
-44.94331197872598 0.0
-45.07407200872833 0.0
-45.205595136778115 0.0
-45.33788806243141 0.0
-45.470957563898736 0.0
-45.60481049920275 0.0
-45.73945380735638 0.0
-45.874894509562 0.0
-46.01113971043188 0.0
-46.14819659923048 0.0
-46.286072451139056 0.0
-46.42477462854289 0.0
-46.564310582341896 0.0
-46.70468785328477 0.0
-46.84591407332745 0.0
-46.987996967016294 0.0
-47.130944352896435 0.0
-47.27476414494596 0.0
-47.41946435403647 0.0
-47.56505308942049 0.0
-47.711538560246375 0.0
-47.8589290771013 0.0
-48.00723305358296 0.0
-48.15645900790053 0.0
-48.30661556450565 0.0
-48.45771145575395 0.0
-48.609755523597855 0.0
-48.76275672131147 0.0
-48.91672411524799 0.0
-49.07166688663059 0.0
-49.22759433337747 0.0
-49.384515871961746 0.0
-49.54244103930713 0.0
-49.70137949471996 0.0
-49.86134102185866 0.0
-50.02233553074129 0.0
-50.18437305979215 0.0
-50.34746377792823 0.0
-50.511617986686595 0.0
-50.67684612239335 0.0
-50.843158758375495 0.0
-51.010566607216354 0.0
-51.179080523055745 0.0
-51.348711503935924 0.0
-51.51947069419427 0.0
-51.691369386903936 0.0
-51.864419026363514 0.0
-52.038631210636815 0.0
-52.21401769414409 0.0
-52.39059039030577 0.0
-52.56836137424008 0.0
-52.74734288551567 0.0
-52.92754733096085 0.0
-53.10898728753035 0.0
-53.291675505231474 0.0
-53.47562491011074 0.0
-53.66084860730264 0.0
-53.84735988414192 0.0
-54.035172213341085 0.0
-54.22429925623451 0.0
-54.41475486609103 0.0
-54.60655309149655 0.0
-54.799708179808405 0.0
-54.99423458068333 0.0
-55.19014694968086 0.0
-55.38746015194398 0.0
-55.58618926595903 0.0
-55.78634958739684 0.0
-55.987956633037186 0.0
-56.191026144778604 0.0
-56.39557409373578 0.0
-56.60161668442686 0.0
-56.80917035905272 0.0
-57.01825180187089 0.0
-57.22887794366632 0.0
-57.44106596632165 0.0
-57.654833307489525 0.0
-57.870197665369645 0.0
-58.08717700359318 0.0
-58.305789556217654 0.0
-58.52605383283488 0.0
-58.74798862379523 0.0
-58.97161300555115 0.0
-59.196946346123234 0.0
-59.42400831069203 0.0
-59.65281886731911 0.0
-59.88339829280078 0.0
-60.11576717865805 0.0
-60.34994643726669 0.0
-60.585957308131 0.0
-60.82382136430557 0.0
-61.06356051896862 0.0
-61.30519703215168 0.0
-61.54875351762953 0.0
-61.79425294997507 0.0
-62.04171867178375 0.0
-62.291174401072205 0.0
-62.54264423885619 0.0
-62.79615267691269 0.0
-63.05172460573174 0.0
-63.30938532266305 0.0
-63.569160540263304 0.0
-63.8310763948498 0.0
-64.09515945526636 0.0
-64.36143673186777 0.0
-64.62993568572921 0.0
-64.90068423808695 0.0
-65.17371078001752 0.0
-65.44904418236224 0.0
-65.72671380590417 0.0
-66.00674951180542 0.0
-66.28918167231234 0.0
-66.57404118173679 0.0
-66.86135946772163 0.0
-67.15116850279934 0.0
-67.44350081625248 0.0
-67.73838950628529 0.0
-68.03586825251601 0.0
-68.33597132879984 0.0
-68.63873361639283 0.0
-68.94419061746709 0.0
-69.25237846898864 0.0
-69.56333395696913 0.0
-69.87709453110318 0.0
-70.19369831980366 0.0
-70.51318414564764 0.0
-70.83559154124596 0.0
-71.16096076555026 0.0
-71.48933282061144 0.0
-71.82074946880435 0.0
-72.15525325053369 0.0
-72.49288750243714 0.0
-72.83369637610184 0.0
-73.17772485731153 0.0
-73.52501878584138 0.0
-73.87562487581957 0.0
-74.22959073667397 0.0
-74.58696489468404 0.0
-74.94779681515823 0.0
-75.31213692525824 0.0
-75.68003663749235 0.0
-76.05154837390059 0.0
-76.4267255909558 0.0
-76.80562280520553 0.0
-77.18829561968029 0.0
-77.57480075109534 0.0
-77.96519605787377 0.0
-78.35954056902003 0.0
-78.75789451387418 0.0
-79.16031935277837 0.0
-79.56687780868822 0.0
-79.9776338997634 0.0
-80.39265297297298 0.0
-80.81200173875246 0.0
-81.23574830675116 0.0
-81.66396222271034 0.0
-82.0967145065136 0.0
-82.53407769145392 0.0
-82.97612586476231 0.0
-83.4229347094458 0.0
-83.87458154748475 0.0
-84.3311453844409 0.0
-84.79270695553019 0.0
-85.25934877321714 0.0
-85.7311551763892 0.0
-86.20821238117318 0.0
-86.69060853345768 0.0
-87.17843376318874 0.0
-87.6717802405093 0.0
-88.1707422338155 0.0
-88.67541616980682 0.0
-89.18590069561046 0.0
-89.70229674306394 0.0
-90.22470759524388 0.0
-90.75323895533317 0.0
-91.28799901792291 0.0
-91.8290985428501 0.0
-92.37665093167703 0.0
-92.93077230692329 0.0
-93.49158159416648 0.0
-94.05920060713385 0.0
-94.63375413591247 0.0
-95.21537003841226 0.0
-95.80417933522286 0.0
-96.40031630801138 0.0
-97.0039186016175 0.0
-97.61512733000784 0.0
-98.23408718626152 0.0
-98.86094655676679 0.0
-99.49585763981801 0.0
-100.13897656881227 0.0
-100.7904635402548 0.0
-101.45048294679398 0.0
-102.11920351551771 0.0
-102.79679845175559 0.0
-103.48344558864459 0.0
-104.17932754272906 0.0
-104.88463187588152 0.0
-105.59955126384551 0.0
-106.32428367171863 0.0
-107.0590325367118 0.0
-107.80400695853872 0.0
-108.55942189781024 0.0
-109.3254983828286 0.0
-110.10246372519991 0.0
-110.89055174470627 0.0
-111.69000300390513 0.0
-112.50106505295001 0.0
-113.32399268515691 0.0
-114.15904820386854 0.0
-115.00650170120626 0.0
-115.86663134932996 0.0
-116.73972370486652 0.0
-117.62607402720654 0.0
-118.52598661141214 0.0
-119.43977513652422 0.0
-120.3677630301068 0.0
-121.3102838499184 0.0
-122.26768168365669 0.0
-123.24031156778256 0.0
-124.22853992649516 0.0
-125.23274503199731 0.0
-126.25331748726656 0.0
-127.29066073262582 0.0
-128.34519157749398 0.0
-129.41734075878875 0.0
-130.50755352755357 0.0
-131.61629026548675 0.0
-132.74402713316675 0.0
-133.89125675189058 0.0
-135.05848892117695 0.0
-136.24625137412977 0.0
-137.45509057301285 0.0
-138.6855725475568 0.0
-139.9382837786977 0.0
-141.21383213064937 0.0
-142.51284783441926 0.0
-143.83598452611213 0.0
-145.1839203436157 0.0
-146.55735908553405 0.0
-147.95703143653 0.0
-149.3836962635596 0.0
-150.83814198782957 0.0
-152.32118803768944 0.0
-153.83368638808437 0.0
-155.37652319264518 0.0
-156.95062051498522 0.0
-158.5569381663113 0.0
-160.1964756570444 0.0
-161.87027427078803 0.0
-163.5794192696877 0.0
-165.32504224099605 0.0
-167.10832359550568 0.0
-168.93049522944122 0.0
-170.79284336242543 0.0
-172.69671156525786 0.0
-174.64350399248482 0.0
-176.63468883610435 0.0
-178.67180201826028 0.0
-180.75645114244028 0.0
-182.89031972454484 0.0
-185.07517172722737 0.0
-187.31285642317368 0.0
-189.60531361550218 0.0
-191.954579246257 0.0
-194.3627914270778 0.0
-196.8321969295923 0.0
-199.36515817694362 0.0
-201.96416078218354 0.0
-204.6318216840946 0.0
-207.37089793641937 0.0
-210.18429621254944 0.0
-213.07508309455588 0.0
-216.04649622312613 0.0
-219.10195639363587 0.0
-222.24508069336528 0.0
-225.47969678593094 0.0
-228.80985846153857 0.0
-232.23986258588394 0.0
-235.77426759670274 0.0
-239.41791371538974 0.0
-243.1759450621323 0.0
-247.05383388704286 0.0
-251.0574071573258 0.0
-255.19287577213422 0.0
-259.4668667131888 0.0
-263.88645848119205 0.0
-268.45922021660624 0.0
-273.19325495958833 0.0
-278.0972475691845 0.0
-283.18051789794345 0.0
-288.4530799069044 0.0
-293.92570750988125 0.0
-299.6100080580176 0.0
-305.5185045193097 0.0
-311.6647275775356 0.0
-318.06331907613344 0.0
-324.73014847161573 0.0
-331.6824442462088 0.0
-338.93894257064727 0.0
-346.52005591798707 0.0
-354.4480648236417 0.0
-362.7473365853661 0.0
-371.4445754245757 0.0
-380.5691095189359 0.0
-390.15322140608646 0.0
-400.2325296017228 0.0
-410.84643093922557 0.0
-422.03861520998777 0.0
-433.85766627771204 0.0
-446.35776710684183 0.0
-459.5995302843007 0.0
-473.65098089171886 0.0
-488.58872536136585 0.0
-504.49934871098975 0.0
-521.4810939691437 0.0
-539.6458925979674 0.0
-559.1218345864655 0.0
-580.0561934477374 0.0
-602.6191572123172 0.0
-627.0084654300165 0.0
-653.4552196836553 0.0
-682.231229357798 0.0
-713.658387715931 0.0
-748.1207645875255 0.0
-786.0803805496835 0.0
-828.0980400890877 0.0
-874.8612235294129 0.0
-927.2219950124705 0.0
-986.2493899204267 0.0
-1053.3031728045355 0.0
-1130.1398784194566 0.0
-1219.0689180327784 0.0
-1323.1886832740122 0.0
-1446.754941634231 0.0
-1595.776909871233 0.0
-1779.0240191387427 0.0
-2009.8163243243089 0.0
-2309.4162732919067 0.0
-2713.9855474452324 0.0
-3290.407256637138 0.0
-4177.708089887598 0.0
-5720.246461538393 0.0
-9068.683414634004 0.0
-21871.53058823464 0.0
53116.57428571715 0.0
11994.065161290418 0.0
6760.291272727287 0.0
4706.531898734176 0.0
3609.864271844655 0.0
2927.6851968503875 0.0
2462.357748344364 0.0
2124.662971428565 0.0
1868.42221105527 0.0
1667.336412556048 0.0
1505.3280161943262 0.0
1372.0148339483342 0.0
1260.3932881356025 0.0
1165.5674608150543 0.0
1084.0117201166238 0.0
1013.1226702997324 0.0
950.9361125319733 0.0
895.9422168674731 0.0
846.9613211845128 0.0
803.0583585313196 0.0
763.4825872689955 0.0
727.6243052837586 0.0
694.9832149532721 0.0
665.144937388194 0.0
637.7633276157811 0.0
612.5469851729823 0.0
589.248843106181 0.0
567.6580458015269 0.0
547.5935493372607 0.0
528.8990327169273 0.0
511.438817056396 0.0
495.0945672436749 0.0
479.7626064516126 0.0
465.3517146433038 0.0
451.78131227217455 0.0
438.97995277449775 0.0
426.88406429391455 0.0
415.43689385474966 0.0
404.58761697497374 0.0
394.29058324496367 0.0
384.50467425025926 0.0
375.1927547931388 0.0
366.3212019704439 0.0
357.85949951876853 0.0
349.77988711194774 0.0
342.0570561177557 0.0
334.66788478847917 0.0
327.59120704845844 0.0
320.80761000862833 0.0
314.29925612848706 0.0
308.0497265948634 0.0
302.0438830219335 0.0
296.26774501992037 0.0
290.70838154808445 0.0
285.35381427475056 0.0
280.1929314242652 0.0
275.21541080680976 0.0
270.4116509090908 0.0
265.7727090779127 0.0
261.2902459592409 0.0
256.95647546648223 0.0
252.7641196464988 0.0
248.70636789297694 0.0
244.77684002633345 0.0
240.96955281918372 0.0
237.27888959795817 0.0
233.69957259585192 0.0
230.22663777089807 0.0
226.85541183648587 0.0
223.581491280818 0.0
220.40072317723784 0.0
217.30918760958517 0.0
214.30318155619608 0.0
211.37920409323488 0.0
208.5339427930455 0.0
205.76426120641955 0.0
203.06718732932828 0.0
200.43990296495957 0.0
197.87973390101118 0.0
195.384140830268 0.0
192.95071094966266 0.0
190.57715017939515 0.0
188.26127594936705 0.0
186.0010105052526 0.0
183.79437469105284 0.0
181.6394821690278 0.0
179.53453404152577 0.0
177.47781384248228 0.0
175.46768286927812 0.0
173.50257582827825 0.0
171.58099676972788 0.0
169.70151528982214 0.0
167.86276297968408 0.0
166.06343010272454 0.0
164.3022624834292 0.0
162.57805859204205 0.0
160.88966681090446 0.0
159.2359828693791 0.0
157.61594743535403 0.0
156.0285438522871 0.0
154.4727960116328 0.0
152.9477663512958 0.0
151.45255397148676 0.0
149.9862928600242 0.0
148.5481502197363 0.0
147.1373248911753 0.0
145.7530458643669 0.0
144.3945708737864 0.0
143.0611850711812 0.0
141.75219977125425 0.0
140.46695126558365 0.0
139.20479970048666 0.0
137.96512801484243 0.0
136.74734093416708 0.0
135.5508640174992 0.0
134.37514275388517 0.0
133.219641705482 0.0
132.08384369449385 0.0
130.96724903134913 0.0
129.8693747816976 0.0
128.7897540699689 0.0
127.7279354173824 0.0
126.68348211243615 0.0
125.65597161203112 0.0
124.64499497150523 0.0
123.65015630196211 0.0
122.67107225338175 0.0
121.70737152209495 0.0
120.75869438129264 0.0
119.8246922333226 0.0
118.90502718260313 0.0
117.99937162805458 0.0
117.10740787401573 0.0
116.22882775867457 0.0
115.3633322991002 0.0
114.51063135201721 0.0
113.67044328951388 0.0
112.8424946889227 0.0
112.02652003615555 0.0
111.2222614418188 0.0
110.42946836946844 0.0
109.64789737540555 0.0
108.8773118594437 0.0
108.1174818261123 0.0
107.36818365578984 0.0
106.62919988528824 0.0
105.90031899743666 0.0
105.18133521923623 0.0
104.4720483281821 0.0
103.77226346636898 0.0
103.08179096201832 0.0
102.40044615808318 0.0
101.72804924760604 0.0
101.06442511552054 0.0
100.40940318660546 0.0
99.76281727931313 0.0
99.12450546520928 0.0
98.49430993377483 0.0
97.8720768623322 0.0
97.25765629087104 0.0
96.65090200155963 0.0
96.0516714027383 0.0
95.4598254172016 0.0
94.8752283745854 0.0
94.29774790768455 0.0
93.72725485253345 0.0
93.16362315209226 0.0
92.60672976338734 0.0
92.0564545679624 0.0
91.51268028550336 0.0
90.97529239050652 0.0
90.44417903186576 0.0
89.91923095526 0.0
89.40034142822796 0.0
88.88740616782216 0.0
88.38032327073927 0.0
87.87899314582843 0.0
87.38331844888368 0.0
86.89320401963077 0.0
86.4085568208227 0.0
85.92928587936215 0.0
85.45530222937256 0.0
84.98651885714284 0.0
84.5228506478745 0.0
84.06421433416232 0.0
83.61052844614345 0.0
83.16171326325205 0.0
82.71769076751951 0.0
82.2783845983625 0.0
81.8437200088048 0.0
81.41362382307864 0.0
80.98802439555655 0.0
80.56685157096427 0.0
80.15003664582888 0.0
79.73751233111733 0.0
79.32921271602306 0.0
78.92507323285929 0.0
78.52503062302009 0.0
78.12902290397145 0.0
77.73698933723607 0.0
77.34887039733724 0.0
76.9646077416684 0.0
76.58414418125645 0.0
76.20742365238779 0.0
75.83439118906793 0.0
75.46499289628578 0.0
75.09917592405576 0.0
74.73688844221105 0.0
74.37807961592318 0.0
74.02269958192315 0.0
73.67069942540121 0.0
73.32203115756259 0.0
72.9766476938175 0.0
72.63450283258452 0.0
72.29555123468795 0.0
71.95974840332885 0.0
71.62705066461186 0.0
71.2974151486098 0.0
70.97079977094867 0.0
70.64716321489647 0.0
70.32646491393987 0.0
70.00866503483338 0.0
69.69372446110592 0.0
69.38160477701065 0.0
69.07226825190415 0.0
68.76567782504162 0.0
68.46179709077519 0.0
68.160590284143 0.0
67.86202226683702 0.0
67.56605851353808 0.0
67.27266509860684 0.0
66.98180868312016 0.0
66.69345650224216 0.0
66.40757635292016 0.0
66.12413658189578 0.0
65.8431060740216 0.0
65.56445424087462 0.0
65.28815100965762 0.0
65.01416681237981 0.0
64.7424725753091 0.0
64.47303970868738 0.0
64.20584009670179 0.0
63.94084608770423 0.0
63.67803048467205 0.0
63.417366535903135 0.0
63.158827925938525 0.0
62.90238876670615 0.0
62.64802358887954 0.0
62.395707333445216 0.0
62.14541534347318 0.0
61.89712335608458 0.0
61.650807494611186 0.0
61.40644426094138 0.0
61.164010528047385 0.0
60.92348353268885 0.0
60.68484086828791 0.0
60.44806047797106 0.0
60.21312064777328 0.0
59.98 0.0
59.74867748674273 0.0
59.5191323835441 0.0
59.29134428320842 0.0
59.0652930897538 0.0
58.840959012502005 0.0
58.61832256030272 0.0
58.39736453588819 0.0
58.178066030355204 0.0
57.960408417770864 0.0
57.744373349899064 0.0
57.529942751044416 0.0
57.317098813010645 0.0
57.10582399017049 0.0
56.896100994644236 0.0
56.68791279158409 0.0
56.481242594561756 0.0
56.27607386105646 0.0
56.07239028804103 0.0
55.870175807663415 0.0
55.669414583021414 0.0
55.47009100402805 0.0
55.272189683365546 0.0
55.07569545252555 0.0
54.88059335793358 0.0
54.686868657155465 0.0
54.49450681518393 0.0
54.30349350080327 0.0
54.11381458303013 0.0
53.92545612762874 0.0
53.73840439369853 0.0
53.55264583033273 0.0
53.368167073345795 0.0
53.184954942068394 0.0
53.00299643620814 0.0
52.822278732774556 0.0
52.642789183066704 0.0
52.46451530972204 0.0
52.28744480382507 0.0
52.11156552207429 0.0
51.936865484006155 0.0
51.763332869274684 0.0
51.59095601498544 0.0
51.419723413082565 0.0
51.249623707787734 0.0
51.080645693089714 0.0
50.91277831028345 0.0
50.746010645557526 0.0
50.5803319276289 0.0
50.41573152542373 0.0
50.252198945803485 0.0
50.089723831335036 0.0
49.92829595810393 0.0
49.7679052335698 0.0
49.60854169446299 0.0
49.45019550472139 0.0
49.29285695346681 0.0
49.13651645301971 0.0
48.98116453695167 0.0
48.82679185817467 0.0
48.673389187066384 0.0
48.52094740963071 0.0
48.36945752569274 0.0
48.21891064712749 0.0
48.069297996121534 0.0
47.920610903466944 0.0
47.77284080688681 0.0
47.62597924939158 0.0
47.48001787766569 0.0
47.33494844048377 0.0
47.190762787155734 0.0
47.047452866000256 0.0
46.90501072284597 0.0
46.7634284995598 0.0
46.62269843260188 0.0
46.48281285160645 0.0
46.343764177988284 0.0
46.205544923574 0.0
46.068147689257835 0.0
45.9315651636813 0.0
45.795790121936214 0.0
45.66081542429082 0.0
45.52663401493818 0.0
45.393238920766706 0.0
45.26062325015217 0.0
45.12878019177086 0.0
44.99770301343339 0.0
44.86738506093883 0.0
44.73781975694863 0.0
44.609000599880034 0.0
44.480921162818525 0.0
44.35357509244901 0.0
44.22695610800524 0.0
44.101058000237224 0.0
43.97587463039622 0.0
43.85139992923695 0.0
43.7276278960367 0.0
43.604552597631056 0.0
43.4821681674658 0.0
43.36046880466473 0.0
43.23944877311315 0.0
43.119102400556656 0.0
42.999424077714814 0.0
42.880408257409755 0.0
42.76204945370905 0.0
42.64434224108271 0.0
42.5272812535743 0.0
42.41086118398542 0.0
42.295076783073604 0.0
42.179922858763476 0.0
42.06539427537052 0.0
41.95148595283764 0.0
41.83819286598403 0.0
41.725510043766135 0.0
41.61343256855065 0.0
41.501955575399045 0.0
41.39107425136369 0.0
41.28078383479516 0.0
41.171079614660634 0.0
41.061956929873 0.0
40.95341116863092 0.0
40.84543776776887 0.0
40.73803221211791 0.0
40.63119003387608 0.0
40.52490681198911 0.0
40.41917817154038 0.0
40.313999783150834 0.0
40.2093673623878 0.0
40.10527666918349 0.0
40.001723507261964 0.0
39.8987037235755 0.0
39.79621320774911 0.0
39.69424789153412 0.0
39.59280374826962 0.0
39.491876792352635 0.0
39.39146307871596 0.0
39.29155870231428 0.0
39.192159797617784 0.0
39.09326253811377 0.0
38.99486313581541 0.0
38.89695784077833 0.0
38.79954294062404 0.0
38.70261476007079 0.0
38.606169660471416 0.0
38.51020403935785 0.0
38.41471432999278 0.0
38.319697000927555 0.0
38.225148555566996 0.0
38.13106553174034 0.0
38.037444501278785 0.0
37.94428206959894 0.0
37.8515748752927 0.0
37.75931958972276 0.0
37.66751291662447 0.0
37.576151591712986 0.0
37.485232382296616 0.0
37.3947520868953 0.0
37.30470753486507 0.0
37.215095586027424 0.0
37.12591313030455 0.0
37.0371570873593 0.0
36.948824406240696 0.0
36.8609120650342 0.0
36.77341707051727 0.0
36.686336457819436 0.0
36.59966729008761 0.0
36.513406658155766 0.0
36.42755168021946 0.0
36.342099501515015 0.0
36.25704729400292 0.0
36.17239225605605 0.0
36.0881316121518 0.0
36.00426261256901 0.0
35.92078253308859 0.0
35.8376886746988 0.0
35.75497836330416 0.0
35.67264894943875 0.0
35.59069780798315 0.0
35.5091223378856 0.0
35.42791996188661 0.0
35.34708812624775 0.0
35.26662430048373 0.0
35.18652597709852 0.0
35.1067906713247 0.0
35.0274159208667 0.0
34.94839928564714 0.0
34.86973834755698 0.0
34.79143071020866 0.0
34.71347399869294 0.0
34.63586585933861 0.0
34.55860395947579 0.0
34.48168598720209 0.0
34.40510965115204 0.0
34.32887268026961 0.0
34.252972823583605 0.0
34.177407849986224 0.0
34.10217554801431 0.0
34.02727372563376 0.0
33.952700210026485 0.0
33.87845284738042 0.0
33.804529502682065 0.0
33.73092805951194 0.0
33.65764641984249 0.0
33.58468250383887 0.0
33.51203424966201 0.0
33.439699613274584 0.0
33.367676568249124 0.0
33.29596310557895 0.0
33.2245572334912 0.0
33.1534569772626 0.0
33.08266037903728 0.0
33.01216549764717 0.0
32.94197040843448 0.0
32.87207320307666 0.0
32.80247198941332 0.0
32.73316489127565 0.0
32.66415004831768 0.0
32.59542561584992 0.0
32.52698976467502 0.0
32.45884068092536 0.0
32.39097656590297 0.0
32.32339563592107 0.0
32.25609612214801 0.0
32.18907627045278 0.0
32.12233434125271 0.0
32.055868609362875 0.0
31.98967736384755 0.0
31.92375890787327 0.0
31.85811155856397 0.0
31.792733646857627 0.0
31.727623517364968 0.0
31.66277952822958 0.0
31.598200050990062 0.0
31.533883470443556 0.0
31.46982818451122 0.0
31.40603260410507 0.0
31.342495152996715 0.0
31.279214267687387 0.0
31.21618839727983 0.0
31.15341600335148 0.0
31.09089555982942 0.0
31.028625552866572 0.0
30.96660448071958 0.0
30.904830853628138 0.0
30.843303193695565 0.0
30.7820200347711 0.0
30.720979922333306 0.0
30.660181413375124 0.0
30.59962307629002 0.0
30.539303490759764 0.0
30.47922124764325 0.0
30.4193749488669 0.0
30.359763207316078 0.0
30.300384646728066 0.0
30.24123790158601 0.0
30.182321617014377 0.0
30.12363444867536 0.0
30.065175062666782 0.0
30.006942135420868 0.0
29.948934353604518 0.0
29.89115041402042 0.0
29.833589023509596 0.0
29.776248898854806 0.0
29.719128766685323 0.0
29.662227363382527 0.0
29.605543434986867 0.0
29.549075737105632 0.0
29.492823034821928 0.0
29.436784102604715 0.0
29.38095772421968 0.0
29.32534269264139 0.0
29.26993780996615 0.0
29.214741887326166 0.0
29.15975374480433 0.0
29.104972211350304 0.0
29.050396124697244 0.0
28.99602433127974 0.0
28.94185568615241 0.0
28.887889052909646 0.0
28.83412330360605 0.0
28.78055731867792 0.0
28.727189986865483 0.0
28.67402020513612 0.0
28.621046878608265 0.0
28.568268920476378 0.0
28.515685251936496 0.0
28.46329480211284 0.0
28.411096507985018 0.0
28.359089314316225 0.0
28.307272173582028 0.0
28.255644045900148 0.0
28.20420389896079 0.0
28.152950707957903 0.0
28.101883455521133 0.0
28.051001131648437 0.0
28.00030273363959 0.0
27.94978726603022 0.0
27.89945374052676 0.0
27.84930117594188 0.0
27.79932859813085 0.0
27.749535039928354 0.0
27.699919541086203 0.0
27.650481148211497 0.0
27.601218914705672 0.0
27.552131900703962 0.0
27.50321917301576 0.0
27.454479805065347 0.0
27.405912876833497 0.0
27.357517474799497 0.0
27.309292691883957 0.0
27.261237627392035 0.0
27.21335138695748 0.0
27.16563308248703 0.0
27.118081832105613 0.0
27.070696760101928 0.0
27.023476996874777 0.0
26.976421678879788 0.0
26.929529948576814 0.0
26.882800954377856 0.0
26.836233850595455 0.0
26.78982779739175 0.0
26.7435819607279 0.0
26.69749551231422 0.0
26.651567629560606 0.0
26.605797495527735 0.0
26.560184298878493 0.0
26.514727233830143 0.0
26.469425500106787 0.0
26.424278302892482 0.0
26.379284852784675 0.0
26.33444436574829 0.0
26.28975606307007 0.0
26.24521917131362 0.0
26.20083292227468 0.0
26.156596552937046 0.0
26.112509305428752 0.0
26.0685704269789 0.0
26.024779169874712 0.0
25.98113479141919 0.0
25.93763655388908 0.0
25.894283724493352 0.0
25.851075575331997 0.0
25.808011383355314 0.0
25.765090430323617 0.0
25.72231200276721 0.0
25.679675391946965 0.0
25.637179893815073 0.0
25.594824808976394 0.0
25.55260944264999 0.0
25.510533104631225 0.0
25.468595109254057 0.0
25.4267947753539 0.0
25.385131426230625 0.0
25.343604389612164 0.0
25.302212997618238 0.0
25.260956586724646 0.0
25.219834497727735 0.0
25.178846075709355 0.0
25.137990670002026 0.0
25.097267634154576 0.0
25.05667632589797 0.0
25.016216107111624 0.0
24.97588634378988 0.0
24.93568640600899 0.0
24.895615667894205 0.0
24.855673507587408 0.0
24.81585930721485 0.0
24.776172452855338 1.0
24.736612334508692 1.0
24.697178346064433 1.0
24.657869885270916 1.0
24.618686353704565 1.0
24.579627156739612 1.0
24.540691703517922 1.0
24.501879406919283 1.0
24.463189683531812 1.0
24.424621953622815 1.0
24.386175641109727 1.0
24.347850173531537 1.0
24.30964498202027 1.0
24.271559501272936 1.0
24.233593169523562 1.0
24.195745428515654 1.0
24.158015723474755 1.0
24.120403503081416 1.0
24.08290821944426 1.0
24.045529328073467 1.0
24.008266287854326 1.0
23.971118561021214 1.0
23.934085613131636 1.0
23.897166913040685 1.0
23.860361932875577 1.0
23.82367014801051 1.0
23.787091037041783 1.0
23.750624081763014 1.0
23.714268767140766 1.0
23.6780245812902 1.0
23.64189101545114 1.0
23.605867563964193 1.0
23.56995372424723 1.0
23.534148996771947 1.0
23.49845288504077 1.0
23.46286489556383 1.0
23.42738453783631 1.0
23.39201132431582 1.0
23.356744770400155 1.0
23.32158439440507 1.0
23.286529717542436 1.0
23.251580263898443 1.0
23.21673556041212 1.0
23.181995136853917 1.0
23.14735852580465 1.0
23.112825262634423 1.0
23.078394885481973 1.0
23.04406693523396 1.0
23.009840955504675 1.0
22.975716492615714 1.0
22.94169309557599 1.0
22.907770316061864 1.0
22.873947708397417 1.0
22.84022482953499 1.0
22.80660123903576 1.0
22.77307649905066 1.0
22.739650174301268 1.0
22.706321832061075 1.0
22.673091042136715 1.0
22.639957376849544 1.0
22.606920411017207 1.0
22.57397972193553 1.0
22.541134889360414 1.0
22.508385495490046 1.0
22.475731124947107 1.0
22.443171364761277 1.0
22.410705804351757 1.0
22.378334035510086 1.0
22.346055652382955 1.0
22.313870251455324 1.0
22.281777431533527 1.0
22.249776793728685 1.0
22.217867941440094 1.0
22.186050480338924 1.0
22.15432401835191 1.0
22.12268816564527 1.0
22.091142534608764 1.0
22.05968673983981 1.0
22.028320398127857 1.0
21.99704312843874 1.0
21.96585455189934 1.0
21.9347542917822 1.0
21.903741973490433 1.0
21.872817224542622 1.0
21.841979674557958 1.0
21.811228955241393 1.0
21.78056470036905 1.0
21.74998654577362 1.0
21.71949412932999 1.0
21.68908709094091 1.0
21.65876507252287 1.0
21.62852771799197 1.0
21.598374673250078 1.0
21.568305586170894 1.0
21.538320106586344 1.0
21.508417886272923 1.0
21.47859857893825 1.0
21.448861840207673 1.0
21.41920732761104 1.0
21.38963470056953 1.0
21.36014362038261 1.0
21.330733750215142 1.0
21.301404755084505 1.0
21.27215630184794 1.0
21.242988059189855 1.0
21.21389969760941 1.0
21.184890889408013 1.0
21.155961308677107 1.0
21.12711063128587 1.0
21.09833853486921 1.0
21.069644698815665 1.0
21.04102880425556 1.0
21.012490534049167 1.0
20.98402957277499 1.0
20.955645606718143 1.0
20.92733832385884 1.0
20.89910741386094 1.0
20.870952568060623 1.0
20.842873479455125 1.0
20.8148698426916 1.0
20.786941354056015 1.0
20.759087711462232 1.0
20.731308614441033 1.0
20.703603764129408 1.0
20.67597286325975 1.0
20.648415616149276 1.0
20.620931728689484 1.0
20.59352090833564 1.0
20.56618286409647 1.0
20.538917306523782 1.0
20.511723947702325 1.0
20.4846025012396 1.0
20.457552682255848 1.0
20.430574207374033 1.0
20.403666794709984 1.0
20.376830163862554 1.0
20.350064035903895 1.0
20.323368133369772 1.0
20.296742180250018 1.0
20.270185901978955 1.0
20.24369902542604 1.0
20.21728127888641 1.0
20.190932392071684 1.0
20.164652096100653 1.0
20.138440123490227 1.0
20.11229620814626 1.0
20.086220085354658 1.0
20.06021149177232 1.0
20.0342701654184 1.0
20.008395845665397 1.0
19.982588273230505 1.0
19.956847190166933 1.0
19.93117233985527 1.0
19.905563466995027 1.0
19.88002031759611 1.0
19.854542638970475 1.0
19.829130179723748 1.0
19.80378268974701 1.0
19.77849992020852 1.0
19.753281623545668 1.0
19.728127553456783 1.0
19.703037464893224 1.0
19.678011114051337 1.0
19.65304825836461 1.0
19.628148656495803 1.0
19.603312068329206 1.0
19.578538254962876 1.0
19.55382697870103 1.0
19.52917800304638 1.0
19.504591092692653 1.0
19.480066013517053 1.0
19.455602532572865 1.0
19.431200418082046 1.0
19.406859439427947 1.0
19.382579367148 1.0
19.35835997292654 1.0
19.33420102958765 1.0
19.31010231108803 1.0
19.28606359250999 1.0
19.262084650054398 1.0
19.238165261033792 1.0
19.214305203865436 1.0
19.19050425806452 1.0
19.166762204237333 1.0
19.143078824074554 1.0
19.119453900344528 1.0
19.095887216886656 1.0
19.072378558604772 1.0
19.04892771146063 1.0
19.02553446246738 1.0
19.002198599683144 1.0
18.978919912204585 1.0
18.955698190160597 1.0
18.932533224705942 1.0
18.909424808015057 1.0
18.886372733275767 1.0
18.863376794683177 1.0
18.840436787433493 1.0
18.817552507718005 1.0
18.794723752716987 1.0
18.77195032059373 1.0
18.749232010488633 1.0
18.726568622513224 1.0
18.70395995774436 1.0
18.681405818218362 1.0
18.65890600692528 1.0
18.63646032780312 1.0
18.61406858573217 1.0
18.59173058652933 1.0
18.56944613694252 1.0
18.547215044645085 1.0
18.525037118230287 1.0
18.502912167205775 1.0
18.480840001988174 1.0
18.458820433897632 1.0
18.43685327515248 1.0
18.414938338863852 1.0
18.393075439030426 1.0
18.37126439053313 1.0
18.349505009129945 1.0
18.327797111450682 1.0
18.30614051499188 1.0
18.28453503811163 1.0
18.26298050002456 1.0
18.241476720796747 1.0
18.22002352134072 1.0
18.198620723410507 1.0
18.177268149596678 1.0
18.155965623321453 1.0
18.134712968833828 1.0
18.113510011204756 1.0
18.09235657632232 1.0
18.071252490887 1.0
18.050197582406913 1.0
18.029191679193136 1.0
18.008234610355014 1.0
17.98732620579556 1.0
17.96646629620681 1.0
17.945654713065306 1.0
17.92489128862749 1.0
17.904175855925267 1.0
17.883508248761483 1.0
17.862888301705503 1.0
17.842315850088774 1.0
17.82179073000048 1.0
17.80131277828314 1.0
17.780881832528337 1.0
17.760497731072366 1.0
17.740160312992032 1.0
17.71986941810037 1.0
17.69962488694245 1.0
17.679426560791217 1.0
17.659274281643317 1.0
17.639167892215003 1.0
17.619107235938017 1.0
17.599092156955557 1.0
17.5791225001182 1.0
17.55919811097993 1.0
17.53931883579414 1.0
17.519484521509685 1.0
17.49969501576693 1.0
17.479950166893897 1.0
17.460249823902323 1.0
17.44059383648389 1.0
17.420982055006323 1.0
17.401414330509667 1.0
17.381890514702445 1.0
17.362410459957974 1.0
17.342974019310603 1.0
17.323581046452034 1.0
17.304231395727648 1.0
17.284924922132863 1.0
17.265661481309497 1.0
17.24644092954219 1.0
17.22726312375481 1.0
17.20812792150692 1.0
17.18903518099025 1.0
17.16998476102517 1.0
17.15097652105725 1.0
17.132010321153757 1.0
17.11308602200028 1.0
17.094203484897246 1.0
17.075362571756607 1.0
17.0565631450984 1.0
17.037805068047476 1.0
17.019088204330114 1.0
17.000412418270773 1.0
16.981777574788765 1.0
16.963183539395047 1.0
16.944630178188945 1.0
16.926117357854967 1.0
16.907644945659587 1.0
16.889212809448107 1.0
16.870820817641455 1.0
16.852468839233108 1.0
16.834156743785936 1.0
16.815884401429155 1.0
16.797651682855207 1.0
16.779458459316757 1.0
16.761304602623635 1.0
16.74318998513982 1.0
16.72511447978049 1.0
16.707077960008988 1.0
16.68908029983393 1.0
16.671121373806216 1.0
16.653201057016172 1.0
16.6353192250906 1.0
16.617475754189947 1.0
16.599670521005404 1.0
16.5819034027561 1.0
16.56417427718626 1.0
16.546483022562416 1.0
16.528829517670594 1.0
16.511213641813583 1.0
16.493635274808145 1.0
16.47609429698232 1.0
16.45859058917268 1.0
16.44112403272165 1.0
16.4236945094748 1.0
16.40630190177823 1.0
16.38894609247587 1.0
16.371626964906877 1.0
16.354344402903013 1.0
16.337098290786066 1.0
16.319888513365232 1.0
16.302714955934583 1.0
16.285577504270513 1.0
16.268476044629185 1.0
16.25141046374405 1.0
16.2343806488233 1.0
16.217386487547437 1.0
16.200427868066754 1.0
16.183504678998915 1.0
16.1666168094265 1.0
16.149764148894587 1.0
16.13294658740834 1.0
16.11616401543063 1.0
16.09941632387963 1.0
16.08270340412648 1.0
16.066025147992914 1.0
16.049381447748956 1.0
16.03277219611056 1.0
16.016197286237347 1.0
15.99965661173028 1.0
15.983150066629413 1.0
15.966677545411601 1.0
15.950238942988289 1.0
15.933834154703234 1.0
15.917463076330323 1.0
15.901125604071337 1.0
15.884821634553767 1.0
15.86855106482865 1.0
15.852313792368365 1.0
15.836109715064529 1.0
15.8199387312258 1.0
15.80380073957581 1.0
15.787695639250988 1.0
15.771623329798517 1.0
15.755583711174202 1.0
15.739576683740424 1.0
15.72360214826405 1.0
15.707660005914413 1.0
15.691750158261236 1.0
15.675872507272652 1.0
15.660026955313144 1.0
15.644213405141585 1.0
15.628431759909208 1.0
15.612681923157675 1.0
15.596963798817065 1.0
15.581277291203957 1.0
15.565622305019465 1.0
15.549998745347331 1.0
15.534406517651973 1.0
15.51884552777662 1.0
15.503315681941379 1.0
15.487816886741369 1.0
15.472349049144858 1.0
15.456912076491374 1.0
15.44150587648989 1.0
15.426130357216945 1.0
15.410785427114854 1.0
15.395470994989855 1.0
15.380186970010344 1.0
15.36493326170503 1.0
15.349709779961197 1.0
15.33451643502289 1.0
15.319353137489188 1.0
15.30421979831241 1.0
15.289116328796416 1.0
15.274042640594832 1.0
15.258998645709363 1.0
15.24398425648805 1.0
15.228999385623593 1.0
15.214043946151643 1.0
15.19911785144913 1.0
15.184221015232572 1.0
15.169353351556445 1.0
15.154514774811494 1.0
15.139705199723117 1.0
15.124924541349717 1.0
15.110172715081076 1.0
15.095449636636761 1.0
15.080755222064491 1.0
15.066089387738566 1.0
15.051452050358257 1.0
15.036843126946255 1.0
15.022262534847078 1.0
15.007710191725533 1.0
14.993186015565145 1.0
14.978689924666643 1.0
14.964221837646397 1.0
14.949781673434927 1.0
14.935369351275357 1.0
14.920984790721942 1.0
14.906627911638536 1.0
14.892298634197143 1.0
14.877996878876395 1.0
14.863722566460126 1.0
14.849475618035864 1.0
14.83525595499342 1.0
14.8210634990234 1.0
14.806898172115808 1.0
14.792759896558584 1.0
14.778648594936207 1.0
14.764564190128265 1.0
14.75050660530805 1.0
14.736475763941188 1.0
14.722471589784202 1.0
14.708494006883187 1.0
14.694542939572385 1.0
14.680618312472859 1.0
14.666720050491106 1.0
14.652848078817737 1.0
14.639002322926101 1.0
14.625182708570982 1.0
14.611389161787246 1.0
14.597621608888543 1.0
14.583879976465974 1.0
14.570164191386812 1.0
14.556474180793174 1.0
14.542809872100758 1.0
14.52917119299754 1.0
14.515558071442516 1.0
14.501970435664418 1.0
14.488408214160467 1.0
14.474871335695099 1.0
14.461359729298746 1.0
14.447873324266563 1.0
14.43441205015723 1.0
14.420975836791689 1.0
14.40756461425195 1.0
14.394178312879877 1.0
14.380816863275964 1.0
14.36748019629816 1.0
14.354168243060652 1.0
14.340880934932697 1.0
14.327618203537435 1.0
14.314379980750724 1.0
14.30116619869995 1.0
14.287976789762904 1.0
14.274811686566592 1.0
14.261670821986117 1.0
14.248554129143514 1.0
14.23546154140664 1.0
14.22239299238802 1.0
14.209348415943747 1.0
14.196327746172349 1.0
14.183330917413695 1.0
14.170357864247874 1.0
14.157408521494117 1.0
14.144482824209685 1.0
14.1315807076888 1.0
14.118702107461552 1.0
14.105846959292842 1.0
14.093015199181293 1.0
14.080206763358202 1.0
14.067421588286484 1.0
14.054659610659611 1.0
14.041920767400583 1.0
14.02920499566087 1.0
14.016512232819395 1.0
14.003842416481488 1.0
13.991195484477895 1.0
13.978571374863717 1.0
13.965970025917441 1.0
13.953391376139903 1.0
13.94083536425331 1.0
13.928301929200225 1.0
13.915791010142597 1.0
13.903302546460756 1.0
13.890836477752458 1.0
13.878392743831883 1.0
13.865971284728698 1.0
13.853572040687059 1.0
13.841194952164688 1.0
13.828839959831889 1.0
13.816507004570623 1.0
13.804196027473546 1.0
13.791906969843096 1.0
13.77963977319053 1.0
13.767394379235014 1.0
13.755170729902707 1.0
13.742968767325818 1.0
13.730788433841726 1.0
13.718629671992032 1.0
13.706492424521697 1.0
13.69437663437811 1.0
13.682282244710214 1.0
13.670209198867607 1.0
13.658157440399664 1.0
13.64612691305465 1.0
13.63411756077885 1.0
13.6221293277157 1.0
13.610162158204915 1.0
13.598215996781626 1.0
13.586290788175543 1.0
13.574386477310066 1.0
13.56250300930148 1.0
13.550640329458071 1.0
13.538798383279323 1.0
13.526977116455052 1.0
13.515176474864601 1.0
13.503396404575994 1.0
13.491636851845135 1.0
13.479897763114966 1.0
13.468179085014672 1.0
13.456480764358876 1.0
13.44480274814681 1.0
13.433144983561547 1.0
13.421507417969174 1.0
13.409889998918025 1.0
13.39829267413787 1.0
13.386715391539157 1.0
13.375158099212204 1.0
13.363620745426449 1.0
13.352103278629656 1.0
13.34060564744717 1.0
13.329127800681126 1.0
13.31766968730972 1.0
13.30623125648642 1.0
13.294812457539244 1.0
13.283413239969992 1.0
13.27203355345351 1.0
13.260673347836942 1.0
13.24933257313901 1.0
13.238011179549257 1.0
13.226709117427344 1.0
13.215426337302294 1.0
13.204162789871802 1.0
13.192918426001494 1.0
13.181693196724218 1.0
13.17048705323935 1.0
13.159299946912054 1.0
13.148131829272609 1.0
13.13698265201569 1.0
13.125852366999686 1.0
13.11474092624599 1.0
13.103648281938328 1.0
13.092574386422058 1.0
13.0815191922035 1.0
13.07048265194924 1.0
13.05946471848548 1.0
13.048465344797334 1.0
13.037484484028194 1.0
13.026522089479032 1.0
13.015578114607766 1.0
13.004652513028576 1.0
12.993745238511273 1.0
12.982856244980622 1.0
12.971985486515718 1.0
12.961132917349323 1.0
12.95029849186723 1.0
12.939482164607622 1.0
12.92868389026044 1.0
12.91790362366675 1.0
12.9071413198181 1.0
12.896396933855922 1.0
12.885670421070872 1.0
12.874961736902248 1.0
12.864270836937342 1.0
12.853597676910846 1.0
12.842942212704225 1.0
12.832304400345127 1.0
12.821684196006759 1.0
12.811081556007306 1.0
12.80049643680931 1.0
12.789928795019092 1.0
12.779378587386148 1.0
12.76884577080257 1.0
12.75833030230244 1.0
12.74783213906127 1.0
12.737351238395396 1.0
12.726887557761426 1.0
12.716441054755634 1.0
12.70601168711342 1.0
12.69559941270871 1.0
12.685204189553412 1.0
12.674825975796828 1.0
12.664464729725127 1.0
12.654120409760749 1.0
12.643792974461864 1.0
12.633482382521834 1.0
12.623188592768631 1.0
12.612911564164323 1.0
12.602651255804496 1.0
12.592407626917739 1.0
12.58218063686508 1.0
12.571970245139477 1.0
12.56177641136525 1.0
12.551599095297576 1.0
12.54143825682194 1.0
12.531293855953626 1.0
12.521165852837179 1.0
12.511054207745888 1.0
12.500958881081264 1.0
12.490879833372528 1.0
12.48081702527609 1.0
12.470770417575048 1.0
12.46073997117866 1.0
12.450725647121859 1.0
12.440727406564728 1.0
12.430745210792018 1.0
12.420779021212628 1.0
12.410828799359125 1.0
12.400894506887239 1.0
12.390976105575367 1.0
12.3810735573241 1.0
12.371186824155716 1.0
12.361315868213707 1.0
12.351460651762284 1.0
12.341621137185916 1.0
12.331797286988824 1.0
12.321989063794534 1.0
12.312196430345377 1.0
12.302419349502037 1.0
12.292657784243065 1.0
12.282911697664433 1.0
12.27318105297904 1.0
12.263465813516278 1.0
12.25376594272155 1.0
12.244081404155828 1.0
12.23441216149518 1.0
12.224758178530331 1.0
12.215119419166202 1.0
12.205495847421464 1.0
12.195887427428085 1.0
12.186294123430896 1.0
12.17671589978713 1.0
12.167152720966001 1.0
12.157604551548248 1.0
12.148071356225701 1.0
12.138553099800857 1.0
12.12904974718643 1.0
12.119561263404938 1.0
12.11008761358825 1.0
12.10062876297719 1.0
12.091184676921076 1.0
12.081755320877338 1.0
12.072340660411053 1.0
12.062940661194565 1.0
12.053555289007035 1.0
12.044184509734057 1.0
12.03482828936721 1.0
12.02548659400369 1.0
12.016159389845845 1.0
12.006846643200829 1.0
11.997548320480139 1.0
11.98826438819926 1.0
11.978994812977222 1.0
11.969739561536235 1.0
11.960498600701257 1.0
11.951271897399636 1.0
11.942059418660671 1.0
11.932861131615265 1.0
11.923677003495497 1.0
11.91450700163425 1.0
11.905351093464828 1.0
11.896209246520558 1.0
11.887081428434415 1.0
11.877967606938634 1.0
11.868867749864336 1.0
11.859781825141145 1.0
11.850709800796814 1.0
11.841651644956848 1.0
11.832607325844128 1.0
11.82357681177855 1.0
11.81456007117664 1.0
11.8055570725512 1.0
11.79656778451093 1.0
11.787592175760075 1.0
11.778630215098046 1.0
11.769681871419076 1.0
11.760747113711847 1.0
11.751825911059138 1.0
11.742918232637464 1.0
11.73402404771673 1.0
11.725143325659866 1.0
11.716276035922483 1.0
11.70742214805252 1.0
11.698581631689901 1.0
11.689754456566165 1.0
11.680940592504166 1.0
11.672140009417674 1.0
11.663352677311085 1.0
11.654578566279033 1.0
11.645817646506094 1.0
11.637069888266408 1.0
11.62833526192338 1.0
11.61961373792931 1.0
11.610905286825098 1.0
11.602209879239867 1.0
11.593527485890682 1.0
11.584858077582178 1.0
11.576201625206266 1.0
11.56755809974178 1.0
11.558927472254176 1.0
11.550309713895189 1.0
11.541704795902533 1.0
11.533112689599553 1.0
11.524533366394945 1.0
11.515966797782388 1.0
11.507412955340289 1.0
11.498871810731405 1.0
11.490343335702589 1.0
11.48182750208443 1.0
11.473324281790973 1.0
11.464833646819404 1.0
11.456355569249732 1.0
11.447890021244499 1.0
11.439436975048459 1.0
11.430996402988288 1.0
11.422568277472276 1.0
11.414152570990025 1.0
11.405749256112152 1.0
11.397358305489993 1.0
11.388979691855303 1.0
11.380613388019958 1.0
11.37225936687567 1.0
11.363917601393688 1.0
11.355588064624502 1.0
11.347270729697563 1.0
11.338965569820989 1.0
11.330672558281275 1.0
11.322391668443009 1.0
11.314122873748595 1.0
11.305866147717943 1.0
11.297621463948225 1.0
11.289388796113556 1.0
11.281168117964745 1.0
11.272959403328988 1.0
11.264762626109615 1.0
11.256577760285793 1.0
11.248404779912269 1.0
11.240243659119079 1.0
11.23209437211129 1.0
11.223956893168715 1.0
11.215831196645652 1.0
11.20771725697061 1.0
11.199615048646045 1.0
11.191524546248083 1.0
11.183445724426265 1.0
11.17537855790328 1.0
11.167323021474697 1.0
11.159279090008704 1.0
11.15124673844585 1.0
11.143225941798784 1.0
11.135216675151987 1.0
11.12721891366153 1.0
11.119232632554802 1.0
11.111257807130263 1.0
11.10329441275719 1.0
11.095342424875414 1.0
11.08740181899508 1.0
11.079472570696385 1.0
11.071554655629338 1.0
11.063648049513494 1.0
11.055752728137733 1.0
11.047868667359976 1.0
11.039995843106983 1.0
11.032134231374062 1.0
11.024283808224867 1.0
11.016444549791117 1.0
11.008616432272394 1.0
11.000799431935857 1.0
10.992993525116047 1.0
10.985198688214613 1.0
10.977414897700099 1.0
10.969642130107685 1.0
10.961880362038977 1.0
10.954129570161742 1.0
10.946389731209706 1.0
10.938660821982289 1.0
10.93094281934441 1.0
10.923235700226211 1.0
10.915539441622878 1.0
10.90785402059436 1.0
10.900179414265194 1.0
10.892515599824227 1.0
10.884862554524432 1.0
10.877220255682651 1.0
10.869588680679394 1.0
10.861967806958607 1.0
10.854357612027442 1.0
10.846758073456053 1.0
10.839169168877358 1.0
10.831590875986834 1.0
10.824023172542285 1.0
10.816466036363638 1.0
10.808919445332714 1.0
10.801383377393023 1.0
10.793857810549541 1.0
10.786342722868499 1.0
10.778838092477171 1.0
10.771343897563662 1.0
10.76386011637669 1.0
10.75638672722539 1.0
10.748923708479085 1.0
10.741471038567097 1.0
10.734028695978521 1.0
10.726596659262038 1.0
10.719174907025687 1.0
10.711763417936679 1.0
10.704362170721176 1.0
10.696971144164102 1.0
10.689590317108935 1.0
10.682219668457495 1.0
10.674859177169765 1.0
10.667508822263665 1.0
10.660168582814878 1.0
10.652838437956623 1.0
10.645518366879495 1.0
10.638208348831222 1.0
10.630908363116514 1.0
10.623618389096832 1.0
10.61633840619022 1.0
10.609068393871087 1.0
10.601808331670043 1.0
10.594558199173672 1.0
10.587317976024377 1.0
10.580087641920155 1.0
10.572867176614443 1.0
10.565656559915888 1.0
10.558455771688203 1.0
10.551264791849938 1.0
10.544083600374332 1.0
10.536912177289087 1.0
10.529750502676222 1.0
10.522598556671856 1.0
10.51545631946605 1.0
10.508323771302605 1.0
10.50120089247889 1.0
10.49408766334566 1.0
10.48698406430687 1.0
10.479890075819501 1.0
10.472805678393376 1.0
10.465730852590989 1.0
10.458665579027313 1.0
10.451609838369643 1.0
10.444563611337397 1.0
10.437526878701965 1.0
10.430499621286504 1.0
10.4234818199658 1.0
10.41647345566606 1.0
10.409474509364765 1.0
10.40248496209048 1.0
10.395504794922696 1.0
10.388533988991645 1.0
10.381572525478154 1.0
10.374620385613436 1.0
10.367677550678975 1.0
10.360744002006296 1.0
10.35381972097686 1.0
10.346904689021844 1.0
10.339998887622015 1.0
10.333102298307535 1.0
10.326214902657817 0.0
10.319336682301353 0.0
10.312467618915546 0.0
10.305607694226559 0.0
10.298756890009141 0.0
10.291915188086474 0.0
10.285082570330006 0.0
10.278259018659297 0.0
10.271444515041853 0.0
10.264639041492975 0.0
10.257842580075593 0.0
10.251055112900113 0.0
10.24427662212426 0.0
10.237507089952919 0.0
10.230746498637977 0.0
10.223994830478182 0.0
10.217252067818967 0.0
10.210518193052314 0.0
10.203793188616592 0.0
10.197077036996408 0.0
10.19036972072245 0.0
10.183671222371341 0.0
10.176981524565486 0.0
10.170300609972921 0.0
10.163628461307168 0.0
10.15696506132707 0.0
10.150310392836671 0.0
10.143664438685036 0.0
10.137027181766136 0.0
10.130398605018664 0.0
10.123778691425928 0.0
10.117167424015673 0.0
10.110564785859962 0.0
10.103970760075002 0.0
10.097385329821037 0.0
10.090808478302169 0.0
10.084240188766241 0.0
10.077680444504676 0.0
10.071129228852355 0.0
10.064586525187451 0.0
10.058052316931319 0.0
10.051526587548322 0.0
10.045009320545727 0.0
10.038500499473528 0.0
10.032000107924347 0.0
10.025508129533259 0.0
10.01902454797769 0.0
10.012549346977245 0.0
10.006082510293604 0.0
9.999624021730362 0.0
9.993173865132906 0.0
9.98673202438828 0.0
9.980298483425045 0.0
9.97387322621315 0.0
9.9674562367638 0.0
9.961047499129318 0.0
9.954646997403016 0.0
9.948254715719065 0.0
9.941870638252361 0.0
9.935494749218396 0.0
9.92912703287313 0.0
9.92276747351285 0.0
9.916416055474064 0.0
9.910072763133346 0.0
9.903737580907228 0.0
9.897410493252057 0.0
9.891091484663884 0.0
9.88478053967832 0.0
9.878477642870427 0.0
9.87218277885458 0.0
9.865895932284342 0.0
9.859617087852351 0.0
9.853346230290182 0.0
9.847083344368231 0.0
9.84082841489559 0.0
9.83458142671992 0.0
9.828342364727343 0.0
9.822111213842293 0.0
9.815887959027432 0.0
9.809672585283488 0.0
9.80346507764917 0.0
9.797265421201024 0.0
9.791073601053327 0.0
9.784889602357957 0.0
9.778713410304292 0.0
9.772545010119064 0.0
9.766384387066273 0.0
9.76023152644704 0.0
9.75408641359952 0.0
9.74794903389875 0.0
9.741819372756572 0.0
9.735697415621482 0.0
9.729583147978545 0.0
9.72347655534925 0.0
9.71737762329143 0.0
9.711286337399118 0.0
9.705202683302446 0.0
9.699126646667537 0.0
9.693058213196382 0.0
9.686997368626738 0.0
9.680944098732002 0.0
9.674898389321124 0.0
9.668860226238461 0.0
9.662829595363707 0.0
9.656806482611744 0.0
9.650790873932568 0.0
9.644782755311146 0.0
9.638782112767338 0.0
9.63278893235576 0.0
9.626803200165705 0.0
9.620824902321008 0.0
9.61485402497996 0.0
9.608890554335185 0.0
9.60293447661355 0.0
9.59698577807604 0.0
9.59104444501767 0.0
9.585110463767368 0.0
9.579183820687879 0.0
9.573264502175649 0.0
9.567352494660733 0.0
9.561447784606681 0.0
9.555550358510448 0.0
9.549660202902272 0.0
9.543777304345594 0.0
9.537901649436936 0.0
9.532033224805804 0.0
9.526172017114602 0.0
9.52031801305851 0.0
9.514471199365387 0.0
9.508631562795694 0.0
9.502799090142357 0.0
9.4969737682307 0.0
9.491155583918314 0.0
9.485344524095003 0.0
9.479540575682636 0.0
9.473743725635083 0.0
9.467953960938097 0.0
9.46217126860924 0.0
9.456395635697755 0.0
9.4506270492845 0.0
9.444865496481825 0.0
9.439110964433501 0.0
9.433363440314602 0.0
9.427622911331426 0.0
9.421889364721384 0.0
9.416162787752931 0.0
9.410443167725443 0.0
9.404730491969143 0.0
9.399024747844994 0.0
9.393325922744612 0.0
9.387634004090186 0.0
9.38194897933436 0.0
9.376270835960158 0.0
9.370599561480885 0.0
9.364935143440043 0.0
9.359277569411233 0.0
9.353626826998065 0.0
9.347982903834067 0.0
9.342345787582603 0.0
9.336715465936772 0.0
9.33109192661932 0.0
9.32547515738256 0.0
9.319865146008272 0.0
9.314261880307624 0.0
9.308665348121075 0.0
9.303075537318287 0.0
9.297492435798054 0.0
9.291916031488194 0.0
9.286346312345465 0.0
9.28078326635549 0.0
9.275226881532667 0.0
9.269677145920074 0.0
9.264134047589387 0.0
9.258597574640806 0.0
9.253067715202947 0.0
9.247544457432786 0.0
9.242027789515548 0.0
9.23651769966464 0.0
9.231014176121551 0.0
9.225517207155796 0.0
9.220026781064796 0.0
9.214542886173827 0.0
9.209065510835913 0.0
9.203594643431769 0.0
9.198130272369692 0.0
9.192672386085498 0.0
9.187220973042425 0.0
9.181776021731078 0.0
9.176337520669316 0.0
9.170905458402192 0.0
9.16547982350186 0.0
9.160060604567516 0.0
9.154647790225287 0.0
9.14924136912818 0.0
9.143841329955979 0.0
9.138447661415196 0.0
9.133060352238953 0.0
9.127679391186943 0.0
9.122304767045318 0.0
9.116936468626635 0.0
9.11157448476977 0.0
9.106218804339843 0.0
9.100869416228127 0.0
9.09552630935199 0.0
9.090189472654819 0.0
9.084858895105922 0.0
9.079534565700474 0.0
9.074216473459428 0.0
9.06890460742945 0.0
9.063598956682837 0.0
9.058299510317443 0.0
9.0530062574566 0.0
9.047719187249058 0.0
9.042438288868894 0.0
9.037163551515448 0.0
9.031894964413242 0.0
9.026632516811926 0.0
9.02137619798617 0.0
9.016125997235628 0.0
9.010881903884835 0.0
9.005643907283165 0.0
9.000411996804726 0.0
8.995186161848315 0.0
8.989966391837328 0.0
8.984752676219705 0.0
8.979545004467845 0.0
8.974343366078541 0.0
8.969147750572912 0.0
8.963958147496324 0.0
8.958774546418331 0.0
8.9535969369326 0.0
8.948425308656834 0.0
8.943259651232712 0.0
8.938099954325825 0.0
8.932946207625593 0.0
8.9277984008452 0.0
8.922656523721534 0.0
8.91752056601511 0.0
8.912390517510008 0.0
8.9072663680138 0.0
8.902148107357483 0.0
8.897035725395419 0.0
8.891929212005262 0.0
8.886828557087886 0.0
8.881733750567326 0.0
8.876644782390718 0.0
8.871561642528215 0.0
8.866484320972935 0.0
8.861412807740892 0.0
8.856347092870923 0.0
8.851287166424644 0.0
8.846233018486357 0.0
8.841184639163004 0.0
8.836142018584091 0.0
8.831105146901647 0.0
8.826074014290123 0.0
8.821048610946361 0.0
8.816028927089507 0.0
8.81101495296097 0.0
8.806006678824339 0.0
8.801004094965325 0.0
8.796007191691704 0.0
8.791015959333256 0.0
8.78603038824169 0.0
8.781050468790593 0.0
8.776076191375362 0.0
8.771107546413154 0.0
8.766144524342804 0.0
8.76118711562478 0.0
8.756235310741115 0.0
8.751289100195354 0.0
8.74634847451248 0.0
8.741413424238864 0.0
8.7364839399422 0.0
8.731560012211446 0.0
8.72664163165677 0.0
8.72172878890948 0.0
8.71682147462197 0.0
8.711919679467654 0.0
8.707023394140927 0.0
8.702132609357083 0.0
8.697247315852263 0.0
8.692367504383402 0.0
8.68749316572817 0.0
8.682624290684913 0.0
8.677760870072586 0.0
8.672902894730704 0.0
8.668050355519291 0.0
8.663203243318812 0.0
8.658361549030111 0.0
8.653525263574371 0.0
8.648694377893047 0.0
8.64386888294781 0.0
8.639048769720487 0.0
8.634234029213014 0.0
8.629424652447375 0.0
8.624620630465543 0.0
8.619821954329431 0.0
8.615028615120835 0.0
8.610240603941365 0.0
8.605457911912422 0.0
8.600680530175108 0.0
8.595908449890189 0.0
8.591141662238037 0.0
8.586380158418587 0.0
8.581623929651258 0.0
8.576872967174923 0.0
8.572127262247838 0.0
8.567386806147608 0.0
8.562651590171109 0.0
8.557921605634453 0.0
8.553196843872927 0.0
8.548477296240948 0.0
8.543762954111997 0.0
8.539053808878583 0.0
8.534349851952165 0.0
8.52965107476314 0.0
8.524957468760748 0.0
8.52026902541305 0.0
8.515585736206857 0.0
8.5109075926477 0.0
8.506234586259753 0.0
8.501566708585802 0.0
8.496903951187187 0.0
8.492246305643743 0.0
8.48759376355377 0.0
8.48294631653396 0.0
8.478303956219362 0.0
8.473666674263315 0.0
8.469034462337426 0.0
8.464407312131492 0.0
8.459785215353463 0.0
8.455168163729391 0.0
8.450556149003386 0.0
8.445949162937556 0.0
8.441347197311964 0.0
8.436750243924575 0.0
8.432158294591224 0.0
8.427571341145539 0.0
8.422989375438917 0.0
8.418412389340457 0.0
8.413840374736937 0.0
8.409273323532739 0.0
8.404711227649813 0.0
8.40015407902763 0.0
8.39560186962314 0.0
8.391054591410711 0.0
8.386512236382092 0.0
8.381974796546363 0.0
8.377442263929883 0.0
8.372914630576261 0.0
8.368391888546286 0.0
8.363874029917897 0.0
8.359361046786123 0.0
8.35485293126306 0.0
8.350349675477801 0.0
8.345851271576397 0.0
8.341357711721818 0.0
8.336868988093904 0.0
8.332385092889318 0.0
8.327906018321501 0.0
8.323431756620627 0.0
8.318962300033562 0.0
8.314497640823813 0.0
8.310037771271485 0.0
8.305582683673242 0.0
8.301132370342255 0.0
8.296686823608168 0.0
8.292246035817035 0.0
8.287809999331298 0.0
8.28337870652973 0.0
8.278952149807399 0.0
8.274530321575611 0.0
8.270113214261885 0.0
8.265700820309895 0.0
8.26129313217944 0.0
8.256890142346384 0.0
8.252491843302632 0.0
8.248098227556069 0.0
8.243709287630535 0.0
8.23932501606577 0.0
8.23494540541738 0.0
8.23057044825678 0.0
8.226200137171178 0.0
8.221834464763505 0.0
8.217473423652399 0.0
8.213117006472133 0.0
8.208765205872613 0.0
8.204418014519296 0.0
8.20007542509318 0.0
8.19573743029074 0.0
8.191404022823908 0.0
8.187075195420016 0.0
8.182750940821762 0.0
8.178431251787167 0.0
8.174116121089543 0.0
8.169805541517436 0.0
8.165499505874603 0.0
8.161198006979962 0.0
8.156901037667552 0.0
8.152608590786503 0.0
8.148320659200984 0.0
8.144037235790167 0.0
8.139758313448194 0.0
8.135483885084131 0.0
8.131213943621932 0.0
8.126948482000396 0.0
8.12268749317313 0.0
8.118430970108518 0.0
8.11417890578967 0.0
8.10993129321439 0.0
8.10568812539513 0.0
8.101449395358971 0.0
8.097215096147565 0.0
8.0929852208171 0.0
8.08875976243827 0.0
8.084538714096237 0.0
8.080322068890581 0.0
8.076109819935274 0.0
8.07190196035864 0.0
8.067698483303317 0.0
8.063499381926222 0.0
8.059304649398506 0.0
8.055114278905524 0.0
8.050928263646796 0.0
8.046746596835979 0.0
8.042569271700808 0.0
8.038396281483084 0.0
8.034227619438623 0.0
8.030063278837225 0.0
8.025903252962637 0.0
8.021747535112514 0.0
8.017596118598382 0.0
8.013448996745621 0.0
8.009306162893395 0.0
8.005167610394645 0.0
8.00103333261604 0.0
7.996903322937952 0.0
7.9927775747544025 0.0
7.988656081473048 0.0
7.984538836515129 0.0
7.980425833315447 0.0
7.976317065322322 0.0
7.9722125259975565 0.0
7.9681122088164065 0.0
7.964016107267548 0.0
7.959924214853033 0.0
7.955836525088264 0.0
7.9517530315019584 0.0
7.947673727636107 0.0
7.943598607045955 0.0
7.939527663299952 0.0
7.935460889979726 0.0
7.931398280680048 0.0
7.927339829008806 0.0
7.923285528586955 0.0
7.919235373048499 0.0
7.915189356040447 0.0
7.911147471222793 0.0
7.907109712268465 0.0
7.903076072863309 0.0
7.899046546706039 0.0
7.895021127508229 0.0
7.890999808994249 0.0
7.88698258490126 0.0
7.882969448979159 0.0
7.878960394990571 0.0
7.874955416710791 0.0
7.870954507927773 0.0
7.866957662442078 0.0
7.8629648740668685 0.0
7.858976136627846 0.0
7.854991443963242 0.0
7.851010789923775 0.0
7.847034168372623 0.0
7.843061573185395 0.0
7.839092998250091 0.0
7.835128437467075 0.0
7.831167884749047 0.0
7.827211334021009 0.0
7.823258779220234 0.0
7.81931021429623 0.0
7.81536563321072 0.0
7.811425029937604 0.0
7.807488398462929 0.0
7.803555732784856 0.0
7.799627026913638 0.0
7.79570227487158 0.0
7.791781470693016 0.0
7.787864608424273 0.0
7.783951682123642 0.0
7.780042685861354 0.0
7.776137613719545 0.0
7.772236459792221 0.0
7.768339218185237 0.0
7.7644458830162675 0.0
7.76055644841477 0.0
7.756670908521958 0.0
7.752789257490775 0.0
7.7489114894858595 0.0
7.745037598683527 0.0
7.741167579271721 0.0
7.737301425450007 0.0
7.733439131429522 0.0
7.729580691432968 0.0
7.725726099694559 0.0
7.721875350460013 0.0
7.718028437986507 0.0
7.714185356542668 0.0
7.710346100408519 0.0
7.706510663875476 0.0
7.702679041246297 0.0
7.698851226835077 0.0
7.695027214967198 0.0
7.6912069999793164 0.0
7.687390576219323 0.0
7.683577938046332 0.0
7.679769079830631 0.0
7.675963995953675 0.0
7.6721626808080385 0.0
7.668365128797411 0.0
7.664571334336543 0.0
7.660781291851243 0.0
7.656994995778333 0.0
7.65321244056563 0.0
7.64943362067192 0.0
7.645658530566924 0.0
7.641887164731273 0.0
7.6381195176564844 0.0
7.634355583844938 0.0
7.63059535780984 0.0
7.6268388340752 0.0
7.623086007175807 0.0
7.6193368716572065 0.0
7.615591422075663 0.0
7.6118496529981385 0.0
7.608111559002272 0.0
7.604377134676348 0.0
7.60064637461927 0.0
7.596919273440534 0.0
7.593195825760207 0.0
7.589476026208896 0.0
7.5857598694277275 0.0
7.582047350068314 0.0
7.578338462792736 0.0
7.574633202273515 0.0
7.570931563193583 0.0
7.567233540246262 0.0
7.563539128135236 0.0
7.559848321574528 0.0
7.556161115288476 0.0
7.552477504011701 0.0
7.548797482489088 0.0
7.545121045475761 0.0
7.541448187737054 0.0
7.537778904048494 0.0
7.534113189195762 0.0
7.530451037974683 0.0
7.526792445191198 0.0
7.523137405661333 0.0
7.5194859142111765 0.0
7.5158379656768615 0.0
7.5121935549045356 0.0
7.508552676750339 0.0
7.504915326080376 0.0
7.5012814977706945 0.0
7.497651186707265 0.0
7.494024387785953 0.0
7.490401095912489 0.0
7.486781306002457 0.0
7.483165012981263 0.0
7.479552211784113 0.0
7.475942897355988 0.0
7.472337064651622 0.0
7.468734708635478 0.0
7.465135824281728 0.0
7.461540406574222 0.0
7.45794845050647 0.0
7.454359951081617 0.0
7.450774903312427 0.0
7.447193302221244 0.0
7.443615142839985 0.0
7.440040420210105 0.0
7.436469129382588 0.0
7.432901265417908 0.0
7.429336823386019 0.0
7.4257757983663195 0.0
7.42221818544765 0.0
7.418663979728247 0.0
7.415113176315739 0.0
7.411565770327107 0.0
7.408021756888686 0.0
7.404481131136115 0.0
7.400943888214337 0.0
7.397410023277559 0.0
7.393879531489252 0.0
7.390352408022103 0.0
7.386828648058013 0.0
7.383308246788063 0.0
7.379791199412501 0.0
7.376277501140715 0.0
7.3727671471912135 0.0
7.369260132791598 0.0
7.36575645317855 0.0
7.362256103597806 0.0
7.358759079304136 0.0
7.3552653755613155 0.0
7.351774987642116 0.0
7.348287910828278 0.0
7.344804140410487 0.0
7.341323671688354 0.0
7.337846499970397 0.0
7.334372620574022 0.0
7.3309020288254905 0.0
7.327434720059911 0.0
7.323970689621211 0.0
7.320509932862121 0.0
7.317052445144151 0.0
7.313598221837567 0.0
7.310147258321373 0.0
7.306699549983296 0.0
7.303255092219757 0.0
7.299813880435851 0.0
7.296375910045333 0.0
7.292941176470588 0.0
