-1.9073846153846155 0.0
-1.9087554608691188 0.0
-1.9101282782358533 0.0
-1.9115030717425392 0.0
-1.9128798456591638 0.0
-1.9142586042680256 0.0
-1.9156393518637782 0.0
-1.9170220927534736 0.0
-1.9184068312566107 0.0
-1.9197935717051762 0.0
-1.9211823184436925 0.0
-1.9225730758292614 0.0
-1.9239658482316109 0.0
-1.925360640033141 0.0
-1.9267574556289677 0.0
-1.9281562994269712 0.0
-1.9295571758478427 0.0
-1.9309600893251277 0.0
-1.9323650443052776 0.0
-1.933772045247692 0.0
-1.9351810966247691 0.0
-1.9365922029219511 0.0
-1.9380053686377732 0.0
-1.9394205982839112 0.0
-1.940837896385228 0.0
-1.9422572674798233 0.0
-1.943678716119083 0.0
-1.945102246867725 0.0
-1.9465278643038504 0.0
-1.9479555730189915 0.0
-1.9493853776181613 0.0
-1.9508172827199035 0.0
-1.9522512929563416 0.0
-1.9536874129732285 0.0
-1.955125647429999 0.0
-1.9565660009998158 0.0
-1.9580084783696252 0.0
-1.9594530842402047 0.0
-1.9608998233262136 0.0
-1.9623487003562476 0.0
-1.9637997200728865 0.0
-1.9652528872327493 0.0
-1.966708206606543 0.0
-1.9681656829791174 0.0
-1.9696253211495165 0.0
-1.9710871259310307 0.0
-1.9725511021512507 0.0
-1.9740172546521197 0.0
-1.9754855882899875 0.0
-1.9769561079356641 0.0
-1.9784288184744727 0.0
-1.979903724806305 0.0
-1.9813808318456745 0.0
-1.9828601445217715 0.0
-1.9843416677785188 0.0
-1.9858254065746257 0.0
-1.9873113658836419 0.0
-1.9887995506940173 0.0
-1.990289966009153 0.0
-1.9917826168474622 0.0
-1.993277508242421 0.0
-1.9947746452426298 0.0
-1.9962740329118682 0.0
-1.9977756763291512 0.0
-1.9992795805887889 0.0
-2.0007857508004414 0.0
-2.0022941920891784 0.0
-2.0038049095955377 0.0
-2.0053179084755817 0.0
-2.0068331939009583 0.0
-2.008350771058957 0.0
-2.0098706451525716 0.0
-2.011392821400557 0.0
-2.0129173050374902 0.0
-2.014444101313829 0.0
-2.015973215495974 0.0
-2.0175046528663283 0.0
-2.019038418723358 0.0
-2.020574518381654 0.0
-2.022112957171992 0.0
-2.0236537404413966 0.0
-2.025196873553201 0.0
-2.026742361887111 0.0
-2.028290210839266 0.0
-2.029840425822301 0.0
-2.0313930122654136 0.0
-2.0329479756144235 0.0
-2.034505321331838 0.0
-2.0360650548969144 0.0
-2.0376271818057266 0.0
-2.039191707571229 0.0
-2.0407586377233184 0.0
-2.042327977808904 0.0
-2.0438997333919686 0.0
-2.0454739100536377 0.0
-2.0470505133922425 0.0
-2.048629549023389 0.0
-2.0502110225800227 0.0
-2.0517949397124964 0.0
-2.053381306088637 0.0
-2.0549701273938155 0.0
-2.0565614093310103 0.0
-2.0581551576208796 0.0
-2.059751378001828 0.0
-2.061350076230076 0.0
-2.062951258079729 0.0
-2.064554929342847 0.0
-2.066161095829513 0.0
-2.067769763367906 0.0
-2.069380937804369 0.0
-2.070994625003481 0.0
-2.072610830848128 0.0
-2.0742295612395747 0.0
-2.075850822097535 0.0
-2.077474619360246 0.0
-2.079100958984539 0.0
-2.0807298469459137 0.0
-2.0823612892386096 0.0
-2.0839952918756834 0.0
-2.0856318608890763 0.0
-2.0872710023296936 0.0
-2.0889127222674793 0.0
-2.0905570267914872 0.0
-2.09220392200996 0.0
-2.0938534140504013 0.0
-2.0955055090596555 0.0
-2.097160213203982 0.0
-2.098817532669132 0.0
-2.100477473660424 0.0
-2.102140042402827 0.0
-2.10380524514103 0.0
-2.105473088139528 0.0
-2.1071435776826957 0.0
-2.108816720074866 0.0
-2.1104925216404142 0.0
-2.112170988723833 0.0
-2.1138521276898152 0.0
-2.115535944923331 0.0
-2.1172224468297127 0.0
-2.1189116398347343 0.0
-2.120603530384692 0.0
-2.122298124946488 0.0
-2.123995430007712 0.0
-2.125695452076723 0.0
-2.127398197682735 0.0
-2.1291036733758983 0.0
-2.130811885727385 0.0
-2.1325228413294717 0.0
-2.134236546795626 0.0
-2.1359530087605916 0.0
-2.137672233880473 0.0
-2.13939422883282 0.0
-2.1411190003167198 0.0
-2.142846555052877 0.0
-2.144576899783706 0.0
-2.146310041273415 0.0
-2.1480459863080967 0.0
-2.149784741695817 0.0
-2.151526314266701 0.0
-2.153270710873027 0.0
-2.1550179383893124 0.0
-2.1567680037124046 0.0
-2.1585209137615746 0.0
-2.1602766754786047 0.0
-2.162035295827882 0.0
-2.163796781796491 0.0
-2.1655611403943036 0.0
-2.167328378654076 0.0
-2.1690985036315378 0.0
-2.170871522405488 0.0
-2.1726474420778916 0.0
-2.1744262697739702 0.0
-2.176208012642299 0.0
-2.1779926778549044 0.0
-2.1797802726073576 0.0
-2.1815708041188726 0.0
-2.1833642796324026 0.0
-2.1851607064147394 0.0
-2.18696009175661 0.0
-2.188762442972774 0.0
-2.190567767402127 0.0
-2.192376072407795 0.0
-2.194187365377239 0.0
-2.196001653722352 0.0
-2.1978189448795624 0.0
-2.199639246309936 0.0
-2.2014625654992748 0.0
-2.2032889099582236 0.0
-2.2051182872223705 0.0
-2.206950704852352 0.0
-2.208786170433956 0.0
-2.2106246915782277 0.0
-2.212466275921573 0.0
-2.2143109311258673 0.0
-2.2161586648785576 0.0
-2.218009484892773 0.0
-2.2198633989074303 0.0
-2.2217204146873413 0.0
-2.223580540023323 0.0
-2.225443782732306 0.0
-2.2273101506574418 0.0
-2.2291796516682156 0.0
-2.231052293660556 0.0
-2.232928084556947 0.0
-2.2348070323065365 0.0
-2.236689144885253 0.0
-2.2385744302959147 0.0
-2.2404628965683466 0.0
-2.242354551759491 0.0
-2.2442494039535235 0.0
-2.2461474612619687 0.0
-2.248048731823816 0.0
-2.2499532238056337 0.0
-2.25186094540169 0.0
-2.253771904834066 0.0
-2.255686110352777 0.0
-2.257603570235891 0.0
-2.259524292789645 0.0
-2.261448286348569 0.0
-2.263375559275605 0.0
-2.2653061199622258 0.0
-2.267239976828562 0.0
-2.269177138323518 0.0
-2.2711176129249 0.0
-2.273061409139539 0.0
-2.275008535503411 0.0
-2.276959000581769 0.0
-2.2789128129692626 0.0
-2.2808699812900652 0.0
-2.2828305141980048 0.0
-2.2847944203766857 0.0
-2.2867617085396232 0.0
-2.2887323874303656 0.0
-2.2907064658226286 0.0
-2.2926839525204254 0.0
-2.294664856358194 0.0
-2.296649186200933 0.0
-2.2986369509443296 0.0
-2.3006281595148965 0.0
-2.302622820870104 0.0
-2.3046209439985126 0.0
-2.306622537919911 0.0
-2.3086276116854494 0.0
-2.310636174377777 0.0
-2.31264823511118 0.0
-2.314663803031718 0.0
-2.316682887317362 0.0
-2.318705497178136 0.0
-2.320731641856255 0.0
-2.322761330626269 0.0
-2.324794572795198 0.0
-2.3268313777026814 0.0
-2.3288717547211175 0.0
-2.3309157132558065 0.0
-2.332963262745098 0.0
-2.3350144126605334 0.0
-2.3370691725069928 0.0
-2.339127551822843 0.0
-2.341189560180084 0.0
-2.3432552071844963 0.0
-2.345324502475794 0.0
-2.347397455727769 0.0
-2.349474076648447 0.0
-2.3515543749802363 0.0
-2.3536383605000792 0.0
-2.355726043019609 0.0
-2.3578174323853007 0.0
-2.3599125384786266 0.0
-2.362011371216212 0.0
-2.3641139405499922 0.0
-2.366220256467369 0.0
-2.368330328991369 0.0
-2.370444168180804 0.0
-2.372561784130428 0.0
-2.3746831869711 0.0
-2.376808386869946 0.0
-2.3789373940305194 0.0
-2.3810702186929653 0.0
-2.383206871134186 0.0
-2.385347361668003 0.0
-2.3874917006453273 0.0
-2.389639898454321 0.0
-2.3917919655205684 0.0
-2.393947912307247 0.0
-2.396107749315289 0.0
-2.3982714870835617 0.0
-2.4004391361890316 0.0
-2.4026107072469385 0.0
-2.4047862109109728 0.0
-2.406965657873442 0.0
-2.409149058865455 0.0
-2.4113364246570903 0.0
-2.4135277660575767 0.0
-2.415723093915473 0.0
-2.4179224191188426 0.0
-2.420125752595437 0.0
-2.4223331053128767 0.0
-2.4245444882788303 0.0
-2.4267599125412005 0.0
-2.4289793891883065 0.0
-2.4312029293490696 0.0
-2.4334305441932 0.0
-2.435662244931381 0.0
-2.4378980428154606 0.0
-2.4401379491386384 0.0
-2.4423819752356555 0.0
-2.4446301324829878 0.0
-2.4468824322990357 0.0
-2.4491388861443206 0.0
-2.451399505521675 0.0
-2.453664301976441 0.0
-2.455933287096668 0.0
-2.4582064725133055 0.0
-2.460483869900407 0.0
-2.462765490975327 0.0
-2.4650513474989224 0.0
-2.4673414512757557 0.0
-2.469635814154296 0.0
-2.471934448027125 0.0
-2.474237364831143 0.0
-2.4765445765477736 0.0
-2.4788560952031733 0.0
-2.48117193286844 0.0
-2.4834921016598206 0.0
-2.485816613738927 0.0
-2.4881454813129453 0.0
-2.4904787166348505 0.0
-2.4928163320036205 0.0
-2.495158339764453 0.0
-2.497504752308984 0.0
-2.4998555820755035 0.0
-2.5022108415491773 0.0
-2.5045705432622682 0.0
-2.506934699794357 0.0
-2.509303323772566 0.0
-2.5116764278717874 0.0
-2.514054024814903 0.0
-2.5164361273730163 0.0
-2.5188227483656807 0.0
-2.5212139006611287 0.0
-2.5236095971765025 0.0
-2.526009850878087 0.0
-2.5284146747815446 0.0
-2.530824081952149 0.0
-2.5332380855050247 0.0
-2.535656698605381 0.0
-2.538079934468753 0.0
-2.540507806361245 0.0
-2.5429403275997675 0.0
-2.5453775115522848 0.0
-2.5478193716380586 0.0
-2.5502659213278918 0.0
-2.5527171741443824 0.0
-2.5551731436621656 0.0
-2.5576338435081682 0.0
-2.560099287361862 0.0
-2.5625694889555115 0.0
-2.565044462074437 0.0
-2.5675242205572633 0.0
-2.570008778296181 0.0
-2.572498149237209 0.0
-2.5749923473804497 0.0
-2.577491386780354 0.0
-2.5799952815459877 0.0
-2.5825040458412922 0.0
-2.585017693885355 0.0
-2.5875362399526773 0.0
-2.5900596983734454 0.0
-2.5925880835338004 0.0
-2.5951214098761124 0.0
-2.597659691899256 0.0
-2.600202944158887 0.0
-2.602751181267719 0.0
-2.6053044178958067 0.0
-2.607862668770822 0.0
-2.610425948678345 0.0
-2.6129942724621387 0.0
-2.615567655024445 0.0
-2.618146111326269 0.0
-2.6207296563876654 0.0
-2.6233183052880378 0.0
-2.6259120731664254 0.0
-2.628510975221802 0.0
-2.631115026713371 0.0
-2.633724242960864 0.0
-2.636338639344843 0.0
-2.638958231307002 0.0
-2.641583034350467 0.0
-2.6442130640401094 0.0
-2.6468483360028476 0.0
-2.649488865927958 0.0
-2.6521346695673884 0.0
-2.654785762736068 0.0
-2.6574421613122254 0.0
-2.6601038812377036 0.0
-2.6627709385182796 0.0
-2.6654433492239864 0.0
-2.6681211294894336 0.0
-2.6708042955141327 0.0
-2.673492863562826 0.0
-2.6761868499658115 0.0
-2.6788862711192767 0.0
-2.6815911434856297 0.0
-2.684301483593835 0.0
-2.6870173080397475 0.0
-2.689738633486454 0.0
-2.692465476664615 0.0
-2.6951978543728026 0.0
-2.697935783477851 0.0
-2.700679280915199 0.0
-2.7034283636892424 0.0
-2.7061830488736858 0.0
-2.7089433536118905 0.0
-2.7117092951172372 0.0
-2.714480890673481 0.0
-2.717258157635108 0.0
-2.720041113427704 0.0
-2.7228297755483144 0.0
-2.7256241615658103 0.0
-2.7284242891212624 0.0
-2.731230175928306 0.0
-2.7340418397735213 0.0
-2.7368592985168014 0.0
-2.739682570091736 0.0
-2.742511672505993 0.0
-2.7453466238416953 0.0
-2.7481874422558112 0.0
-2.7510341459805407 0.0
-2.753886753323705 0.0
-2.7567452826691383 0.0
-2.759609752477085 0.0
-2.762480181284595 0.0
-2.765356587705924 0.0
-2.768238990432937 0.0
-2.7711274082355137 0.0
-2.7740218599619504 0.0
-2.776922364539378 0.0
-2.7798289409741694 0.0
-2.7827416083523553 0.0
-2.7856603858400453 0.0
-2.788585292683842 0.0
-2.791516348211269 0.0
-2.7944535718311982 0.0
-2.79739698303427 0.0
-2.8003466013933345 0.0
-2.8033024465638787 0.0
-2.806264538284463 0.0
-2.8092328963771678 0.0
-2.812207540748025 0.0
-2.815188491387469 0.0
-2.818175768370789 0.0
-2.821169391858568 0.0
-2.8241693820971476 0.0
-2.8271757594190783 0.0
-2.8301885442435775 0.0
-2.833207757076999 0.0
-2.836233418513292 0.0
-2.83926554923447 0.0
-2.8423041700110847 0.0
-2.8453493017026976 0.0
-2.8484009652583597 0.0
-2.85145918171709 0.0
-2.854523972208361 0.0
-2.8575953579525804 0.0
-2.860673360261589 0.0
-2.863758000539146 0.0
-2.8668493002814297 0.0
-2.869947281077535 0.0
-2.873051964609976 0.0
-2.876163372655192 0.0
-2.8792815270840597 0.0
-2.8824064498623985 0.0
-2.885538163051492 0.0
-2.8886766888086086 0.0
-2.8918220493875166 0.0
-2.8949742671390197 0.0
-2.8981333645114784 0.0
-2.9012993640513436 0.0
-2.904472288403703 0.0
-2.9076521603128054 0.0
-2.910839002622617 0.0
-2.9140328382773624 0.0
-2.9172336903220746 0.0
-2.9204415819031535 0.0
-2.923656536268921 0.0
-2.9268785767701817 0.0
-2.9301077268607907 0.0
-2.9333440100982213 0.0
-2.9365874501441374 0.0
-2.939838070764974 0.0
-2.9430958958325086 0.0
-2.946360949324458 0.0
-2.9496332553250566 0.0
-2.9529128380256524 0.0
-2.9561997217253033 0.0
-2.959493930831377 0.0
-2.962795489860154 0.0
-2.966104423437437 0.0
-2.969420756299166 0.0
-2.9727445132920254 0.0
-2.9760757193740743 0.0
-2.97941439961537 0.0
-2.9827605791985876 0.0
-2.9861142834196683 0.0
-2.9894755376884423 0.0
-2.992844367529279 0.0
-2.996220798581732 0.0
-2.999604856601186 0.0
-3.002996567459516 0.0
-3.0063959571457453 0.0
-3.009803051766706 0.0
-3.0132178775477128 0.0
-3.0166404608332327 0.0
-3.0200708280875608 0.0
-3.0235090058955074 0.0
-3.026955020963081 0.0
-3.030408900118179 0.0
-3.033870670311289 0.0
-3.037340358616183 0.0
-3.0408179922306275 0.0
-3.044303598477095 0.0
-3.0477972048034756 0.0
-3.0512988387838003 0.0
-3.054808528118967 0.0
-3.058326300637467 0.0
-3.0618521842961255 0.0
-3.0653862071808406 0.0
-3.0689283975073254 0.0
-3.0724787836218654 0.0
-3.076037394002069 0.0
-3.07960425725763 0.0
-3.0831794021311 0.0
-3.086762857498651 0.0
-3.0903546523708596 0.0
-3.093954815893489 0.0
-3.0975633773482736 0.0
-3.101180366153718 0.0
-3.104805811865893 0.0
-3.108439744179242 0.0
-3.1120821929273905 0.0
-3.1157331880839654 0.0
-3.119392759763413 0.0
-3.1230609382218306 0.0
-3.126737753857798 0.0
-3.1304232372132184 0.0
-3.1341174189741645 0.0
-3.137820329971729 0.0
-3.1415320011828824 0.0
-3.145252463731337 0.0
-3.1489817488884184 0.0
-3.1527198880739395 0.0
-3.1564669128570824 0.0
-3.160222854957291 0.0
-3.16398774624516 0.0
-3.167761618743344 0.0
-3.171544504627458 0.0
-3.1753364362269956 0.0
-3.1791374460262496 0.0
-3.18294756666524 0.0
-3.1867668309406474 0.0
-3.1905952718067536 0.0
-3.1944329223763908 0.0
-3.1982798159218957 0.0
-3.202135985876071 0.0
-3.2060014658331544 0.0
-3.2098762895497908 0.0
-3.2137604909460222 0.0
-3.21765410410627 0.0
-3.2215571632803366 0.0
-3.225469702884407 0.0
-3.229391757502063 0.0
-3.2333233618852995 0.0
-3.2372645509555524 0.0
-3.241215359804734 0.0
-3.245175823696269 0.0
-3.249145978066151 0.0
-3.253125858523995 0.0
-3.2571155008541024 0.0
-3.261114941016533 0.0
-3.265124215148189 0.0
-3.269143359563899 0.0
-3.2731724107575157 0.0
-3.2772114054030235 0.0
-3.2812603803556457 0.0
-3.285319372652971 0.0
-3.289388419516079 0.0
-3.29346755835068 0.0
-3.29755682674826 0.0
-3.3016562624872354 0.0
-3.3057659035341187 0.0
-3.3098857880446877 0.0
-3.314015954365168 0.0
-3.318156441033421 0.0
-3.3223072867801458 0.0
-3.326468530530083 0.0
-3.330640211403234 0.0
-3.3348223687160865 0.0
-3.3390150419828477 0.0
-3.343218270916693 0.0
-3.347432095431015 0.0
-3.351656555640691 0.0
-3.3558916918633517 0.0
-3.360137544620668 0.0
-3.364394154639642 0.0
-3.3686615628539074 0.0
-3.372939810405044 0.0
-3.3772289386438983 0.0
-3.3815289891319176 0.0
-3.38584000364249 0.0
-3.390162024162298 0.0
-3.394495092892683 0.0
-3.398839252251017 0.0
-3.4031945448720884 0.0
-3.4075610136094947 0.0
-3.41193870153705 0.0
-3.4163276519502004 0.0
-3.4207279083674504 0.0
-3.4251395145318044 0.0
-3.4295625144122126 0.0
-3.433996952205034 0.0
-3.4384428723355067 0.0
-3.4429003194592345 0.0
-3.447369338463678 0.0
-3.4518499744696656 0.0
-3.4563422728329076 0.0
-3.46084627914553 0.0
-3.465362039237616 0.0
-3.46988959917876 0.0
-3.474429005279634 0.0
-3.478980304093567 0.0
-3.4835435424181385 0.0
-3.4881187672967777 0.0
-3.4927060260203846 0.0
-3.497305366128957 0.0
-3.501916835413233 0.0
-3.5065404819163484 0.0
-3.5111763539355025 0.0
-3.5158245000236397 0.0
-3.5204849689911475 0.0
-3.525157809907561 0.0
-3.5298430721032896 0.0
-3.5345408051713485 0.0
-3.539251058969112 0.0
-3.5439738836200734 0.0
-3.5487093295156287 0.0
-3.553457447316864 0.0
-3.558218287956362 0.0
-3.5629919026400274 0.0
-3.5677783428489183 0.0
-3.5725776603411004 0.0
-3.57738990715351 0.0
-3.582215135603835 0.0
-3.587053398292413 0.0
-3.5919047481041395 0.0
-3.5967692382103995 0.0
-3.6016469220710032 0.0
-3.6065378534361514 0.0
-3.6114420863484047 0.0
-3.6163596751446776 0.0
-3.6212906744582427 0.0
-3.6262351392207544 0.0
-3.6311931246642906 0.0
-3.636164686323407 0.0
-3.6411498800372133 0.0
-3.646148761951459 0.0
-3.6511613885206464 0.0
-3.6561878165101533 0.0
-3.661228102998375 0.0
-3.666282305378889 0.0
-3.6713504813626265 0.0
-3.6764326889800762 0.0
-3.681528986583494 0.0
-3.6866394328491405 0.0
-3.691764086779527 0.0
-3.6969030077056924 0.0
-3.702056255289491 0.0
-3.7072238895258987 0.0
-3.7124059707453454 0.0
-3.717602559616058 0.0
-3.7228137171464333 0.0
-3.7280395046874215 0.0
-3.733279983934937 0.0
-3.7385352169322816 0.0
-3.7438052660725973 0.0
-3.749090194101336 0.0
-3.7543900641187458 0.0
-3.759704939582386 0.0
-3.7650348843096553 0.0
-3.7703799624803533 0.0
-3.7757402386392487 0.0
-3.7811157776986835 0.0
-3.786506644941189 0.0
-3.7919129060221306 0.0
-3.7973346269723742 0.0
-3.8027718742009715 0.0
-3.808224714497875 0.0
-3.813693215036669 0.0
-3.8191774433773307 0.0
-3.8246774674690123 0.0
-3.8301933556528462 0.0
-3.8357251766647757 0.0
-3.841272999638411 0.0
-3.8468368941079096 0.0
-3.8524169300108793 0.0
-3.8580131776913102 0.0
-3.8636257079025307 0.0
-3.869254591810188 0.0
-3.8748999009952585 0.0
-3.8805617074570793 0.0
-3.88624008361641 0.0
-3.8919351023185227 0.0
-3.897646836836312 0.0
-3.9033753608734454 0.0
-3.909120748567524 0.0
-3.914883074493288 0.0
-3.920662413665841 0.0
-3.926458841543904 0.0
-3.9322724340331026 0.0
-3.9381032674892764 0.0
-3.943951418721825 0.0
-3.949816964997079 0.0
-3.9556999840417046 0.0
-3.9616005540461354 0.0
-3.9675187536680365 0.0
-3.9734546620358002 0.0
-3.9794083587520737 0.0
-3.985379923897315 0.0
-3.9913694380333857 0.0
-3.9973769822071716 0.0
-4.00340263795424 0.0
-4.009446487302529 0.0
-4.015508612776068 0.0
-4.021589097398735 0.0
-4.027688024698045 0.0
-4.033805478708977 0.0
-4.039941543977835 0.0
-4.046096305566135 0.0
-4.052269849054548 0.0
-4.058462260546854 0.0
-4.0646736266739545 0.0
-4.07090403459791 0.0
-4.07715357201601 0.0
-4.083422327164901 0.0
-4.089710388824726 0.0
-4.096017846323327 0.0
-4.1023447895404646 0.0
-4.108691308912095 0.0
-4.115057495434675 0.0
-4.121443440669512 0.0
-4.127849236747156 0.0
-4.134274976371825 0.0
-4.140720752825882 0.0
-4.147186659974346 0.0
-4.153672792269452 0.0
-4.160179244755246 0.0
-4.166706113072226 0.0
-4.173253493462036 0.0
-4.179821482772188 0.0
-4.1864101784608465 0.0
-4.193019678601636 0.0
-4.199650081888519 0.0
-4.2063014876407046 0.0
-4.212973995807603 0.0
-4.2196677069738415 0.0
-4.226382722364308 0.0
-4.2331191438492635 0.0
-4.239877073949484 0.0
-4.246656615841472 0.0
-4.253457873362695 0.0
-4.260280951016901 0.0
-4.267125953979457 0.0
-4.273992988102765 0.0
-4.28088215992171 0.0
-4.287793576659171 0.0
-4.294727346231592 0.0
-4.301683577254584 0.0
-4.308662379048613 0.0
-4.315663861644711 0.0
-4.322688135790269 0.0
-4.329735312954877 0.0
-4.33680550533621 0.0
-4.343898825865997 0.0
-4.3510153882160205 0.0
-4.358155306804196 0.0
-4.365318696800705 0.0
-4.372505674134181 0.0
-4.379716355497969 0.0
-4.38695085835644 0.0
-4.394209300951369 0.0
-4.401491802308375 0.0
-4.4087984822434345 0.0
-4.416129461369441 0.0
-4.42348486110285 0.0
-4.4308648036703815 0.0
-4.438269412115787 0.0
-4.44569881030669 0.0
-4.453153122941494 0.0
-4.460632475556356 0.0
-4.4681369945322365 0.0
-4.475666807102017 0.0
-4.48322204135769 0.0
-4.4908028262576245 0.0
-4.498409291633901 0.0
-4.506041568199722 0.0
-4.513699787556905 0.0
-4.521384082203443 0.0
-4.5290945855411415 0.0
-4.536831431883351 0.0
-4.544594756462752 0.0
-4.552384695439241 0.0
-4.5602013859078925 0.0
-4.5680449659069975 0.0
-4.5759155744261895 0.0
-4.583813351414659 0.0
-4.591738437789442 0.0
-4.599690975443806 0.0
-4.607671107255716 0.0
-4.615678977096394 0.0
-4.623714729838961 0.0
-4.631778511367176 0.0
-4.639870468584264 0.0
-4.647990749421839 0.0
-4.656139502848914 0.0
-4.6643168788810145 0.0
-4.6725230285893815 0.0
-4.6807581041102795 0.0
-4.689022258654393 0.0
-4.697315646516329 0.0
-4.705638423084225 0.0
-4.713990744849445 0.0
-4.722372769416397 0.0
-4.730784655512438 0.0
-4.739226562997898 0.0
-4.747698652876205 0.0
-4.756201087304126 0.0
-4.764734029602103 0.0
-4.773297644264716 0.0
-4.781892096971257 0.0
-4.790517554596406 0.0
-4.799174185221039 0.0
-4.807862158143144 0.0
-4.816581643888854 0.0
-4.825332814223607 0.0
-4.834115842163428 0.0
-4.842930901986325 0.0
-4.851778169243818 0.0
-4.8606578207726 0.0
-4.869570034706306 0.0
-4.878514990487437 0.0
-4.887492868879397 0.0
-4.896503851978666 0.0
-4.905548123227127 0.0
-4.914625867424493 0.0
-4.923737270740913 0.0
-4.932882520729685 0.0
-4.942061806340135 0.0
-4.951275317930622 0.0
-4.960523247281704 0.0
-4.969805787609438 0.0
-4.979123133578843 0.0
-4.988475481317502 0.0
-4.997863028429331 0.0
-5.007285974008486 0.0
-5.016744518653445 0.0
-5.026238864481245 0.0
-5.035769215141872 0.0
-5.045335775832824 0.0
-5.054938753313847 0.0
-5.064578355921816 0.0
-5.0742547935858076 0.0
-5.083968277842346 0.0
-5.093719021850814 0.0
-5.103507240409033 0.0
-5.1133331499690575 0.0
-5.123196968653117 0.0
-5.13309891626976 0.0
-5.143039214330176 0.0
-5.153018086064722 0.0
-5.1630357564396325 0.0
-5.173092452173914 0.0
-5.183188401756466 0.0
-5.193323835463371 0.0
-5.203498985375412 0.0
-5.21371408539578 0.0
-5.2239693712680015 0.0
-5.234265080594073 0.0
-5.2446014528528115 0.0
-5.254978729418416 0.0
-5.265397153579268 0.0
-5.275856970556937 0.0
-5.286358427525415 0.0
-5.2969017736306006 0.0
-5.307487260009991 0.0
-5.3181151398126305 0.0
-5.328785668219277 0.0
-5.339499102462842 0.0
-5.350255701849055 0.0
-5.361055727777378 0.0
-5.371899443762191 0.0
-5.382787115454216 0.0
-5.3937190106622195 0.0
-5.404695399374955 0.0
-5.415716553783409 0.0
-5.426782748303293 0.0
-5.437894259597807 0.0
-5.4490513666007185 0.0
-5.460254350539687 0.0
-5.471503494959901 0.0
-5.482799085747992 0.0
-5.494141411156262 0.0
-5.5055307618272025 0.0
-5.516967430818311 0.0
-5.52845171362724 0.0
-5.5399839082172395 0.0
-5.551564315042928 0.0
-5.563193237076383 0.0
-5.5748709798335705 0.0
-5.586597851401099 0.0
-5.5983741624633 0.0
-5.610200226329687 0.0
-5.622076358962727 0.0
-5.634002879005987 0.0
-5.64598010781262 0.0
-5.658008369474245 0.0
-5.670087990850173 0.0
-5.682219301597005 0.0
-5.694402634198638 0.0
-5.706638323996623 0.0
-5.71892670922095 0.0
-5.731268131021195 0.0
-5.743662933498109 0.0
-5.756111463735586 0.0
-5.768614071833063 0.0
-5.781171110938351 0.0
-5.793782937280872 0.0
-5.806449910205359 0.0
-5.819172392205964 0.0
-5.831950748960866 0.0
-5.844785349367289 0.0
-5.857676565577001 0.0
-5.870624773032289 0.0
-5.883630350502413 0.0
-5.896693680120531 0.0
-5.909815147421124 0.0
-5.922995141377938 0.0
-5.936234054442407 0.0
-5.949532282582608 0.0
-5.962890225322749 0.0
-5.976308285783172 0.0
-5.989786870720904 0.0
-6.003326390570761 0.0
-6.016927259487014 0.0
-6.030589895385615 0.0
-6.044314719986997 0.0
-6.058102158859471 0.0
-6.0719526414632154 0.0
-6.085866601194863 0.0
-6.099844475432698 0.0
-6.113886705582505 0.0
-6.127993737124024 0.0
-6.142166019658051 0.0
-6.156404006954219 0.0
-6.170708156999419 0.0
-6.185078932046912 0.0
-6.199516798666112 0.0
-6.214022227793098 0.0
-6.22859569478181 0.0
-6.243237679455967 0.0
-6.257948666161744 0.0
-6.272729143821172 0.0
-6.287579605986305 0.0
-6.302500550894145 0.0
-6.317492481522386 0.0
-6.332555905645919 0.0
-6.3476913358941545 0.0
-6.3628992898091905 0.0
-6.378180289904795 0.0
-6.393534863726251 0.0
-6.408963543911058 0.0
-6.424466868250541 0.0
-6.440045379752316 0.0
-6.4556996267037094 0.0
-6.4714301627360555 0.0
-6.487237546889994 0.0
-6.503122343681682 0.0
-6.519085123169985 0.0
-6.535126461024696 0.0
-6.5512469385957175 0.0
-6.56744714298331 0.0
-6.583727667109342 0.0
-6.600089109789652 0.0
-6.616532075807458 0.0
-6.633057175987871 0.0
-6.6496650272735405 0.0
-6.666356252801434 0.0
-6.6831314819807695 0.0
-6.699991350572125 0.0
-6.716936500767772 0.0
-6.733967581273207 0.0
-6.751085247389925 0.0
-6.768290161099482 0.0
-6.785582991148828 0.0
-6.802964413136952 0.0
-6.820435109602863 0.0
-6.837995770114943 0.0
-6.85564709136167 0.0
-6.87338977724374 0.0
-6.891224538967659 0.0
-6.90915209514076 0.0
-6.927173171867724 0.0
-6.945288502848605 0.0
-6.963498829478416 0.0
-6.98180490094827 0.0
-7.000207474348115 0.0
-7.018707314771119 0.0
-7.037305195419703 0.0
-7.056001897713258 0.0
-7.074798211397585 0.0
-7.09369493465611 0.0
-7.112692874222862 0.0
-7.1317928454972686 0.0
-7.150995672660834 0.0
-7.17030218879568 0.0
-7.18971323600503 0.0
-7.20922966553563 0.0
-7.228852337902207 0.0
-7.248582123013943 0.0
-7.268419900303003 0.0
-7.288366558855239 0.0
-7.308422997542998 0.0
-7.328590125160148 0.0
-7.348868860559346 0.0
-7.369260132791597 0.0
-7.389764881248141 0.0
-7.410384055804686 0.0
-7.431118616968124 0.0
-7.451969536025654 0.0
-7.472937795196465 0.0
-7.494024387785954 0.0
-7.5152303183425975 0.0
-7.536556602817476 0.0
-7.558004268726499 0.0
-7.579574355315464 0.0
-7.601267913727895 0.0
-7.623086007175811 0.0
-7.645029711113398 0.0
-7.667100113413754 0.0
-7.689298314548655 0.0
-7.711625427771443 0.0
-7.734082579303174 0.0
-7.756670908521957 0.0
-7.779391568155669 0.0
-7.802245724478021 0.0
-7.825234557508157 0.0
-7.848359261213725 0.0
-7.871621043717584 0.0
-7.89502112750823 0.0
-7.918560749653924 0.0
-7.942241162020724 0.0
-7.966063631494378 0.0
-7.990029440206298 0.0
-8.014139885763557 0.0
-8.038396281483086 0.0
-8.062799956630165 0.0
-8.087352256661228 0.0
-8.112054543471151 0.0
-8.13690819564504 0.0
-8.161914608714742 0.0
-8.18707519542002 0.0
-8.212391385974604 0.0
-8.237864628337212 0.0
-8.26349638848761 0.0
-8.28928815070784 0.0
-8.315241417868727 0.0
-8.341357711721818 0.0
-8.367638573196803 0.0
-8.394085562704598 0.0
-8.420700260446157 0.0
-8.447484266727253 0.0
-8.474439202279207 0.0
-8.501566708585804 0.0
-8.52886844821654 0.0
-8.556346105166263 0.0
-8.584001385201436 0.0
-8.611836016213088 0.0
-8.63985174857674 0.0
-8.668050355519295 0.0
-8.696433633493163 0.0
-8.725003402557785 0.0
-8.753761506768688 0.0
-8.782709814574233 0.0
-8.811850219220288 0.0
-8.841184639163002 0.0
-8.870715018489806 0.0
-8.900443327348897 0.0
-8.930371562387416 0.0
-8.960501747198458 0.0
-8.990835932777177 0.0
-9.021376197986172 0.0
-9.052124650030434 0.0
-9.083083424941986 0.0
-9.114254688074523 0.0
-9.145640634608291 0.0
-9.177243490065408 0.0
-9.209065510835918 0.0
-9.241108984714804 0.0
-9.273376231450307 0.0
-9.305869603303721 0.0
-9.338591485621 0.0
-9.371544297416511 0.0
-9.404730491969142 0.0
-9.43815255743115 0.0
-9.47181301745001 0.0
-9.505714431803657 0.0
-9.539859397049396 0.0
-9.57425054718682 0.0
-9.608890554335186 0.0
-9.643782129425496 0.0
-9.678928022907723 0.0
-9.71433102547355 0.0
-9.74999396879507 0.0
-9.785919726279781 0.0
-9.822111213842296 0.0
-9.85857139069336 0.0
-9.895303260146374 0.0
-9.932309870442104 0.0
-9.969594315591905 0.0
-10.007159736240077 0.0
-10.045009320545732 0.0
-10.08314630508475 0.0
-10.121573975772428 0.0
-10.160295668807214 0.0
-10.199314771636269 0.0
-10.238634723943278 0.0
-10.278259018659297 0.0
-10.318191202997093 0.0
-10.358434879509685 0.0
-10.398993707173826 0.0
-10.439871402498948 0.0
-10.481071740662445 0.0
-10.52259855667186 0.0
-10.56445574655491 0.0
-10.606647268577957 0.0
-10.649177144493775 0.0
-10.692049460819558 0.0
-10.735268370145807 0.0
-10.778838092477178 0.0
-10.82276291660603 0.0
-10.867047201519805 0.0
-10.911695377843001 0.0
-10.956711949314872 0.0
-11.002101494303895 0.0
-11.047868667359976 0.0
-11.094018200805618 0.0
-11.140554906367045 0.0
-11.187483676846702 0.0
-11.234809487838051 0.0
-11.282537399484152 0.0
-11.330672558281277 0.0
-11.379220198928845 0.0
-11.42818564622715 0.0
-11.477574317024237 0.0
-11.527391722213613 0.0
-11.577643468784066 0.0
-11.628335261923386 0.0
-11.679472907177638 0.0
-11.731062312667616 0.0
-11.783109491364293 0.0
-11.83562056342512 0.0
-11.88860175859313 0.0
-11.942059418660671 0.0
-11.996000000000008 0.0
-12.0504300761627 0.0
-12.105356340550223 0.0
-12.160785609157818 0.0
-12.216724823394125 0.0
-12.273181052979043 0.0
-12.330161498922235 0.0
-12.38767349658505 0.0
-12.445724518828456 0.0
-12.504322179250043 0.0
-12.563474235512766 0.0
-12.623188592768637 0.0
-12.683473307180627 0.0
-12.744336589545844 0.0
-12.805786809023601 0.0
-12.8678324969718 0.0
-12.930482350895499 0.0
-12.99374523851128 0.0
-13.057630201931525 0.0
-13.122146461972829 0.0
-13.187303422592658 0.0
-13.25311067545893 0.0
-13.319578004657 0.0
-13.386715391539157 0.0
-13.45453301972138 0.0
-13.523041280232778 0.0
-13.592250776823253 0.0
-13.66217233143487 0.0
-13.73281698984304 0.0
-13.804196027473553 0.0
-13.87632095540213 0.0
-13.949203526542876 0.0
-14.02285574203282 0.0
-14.097289857819911 0.0
-14.17251839146179 0.0
-14.248554129143525 0.0
-14.325410132922373 0.0
-14.403099748208408 0.0
-14.48163661148979 0.0
-14.561034658312131 0.0
-14.64130813152196 0.0
-14.722471589784202 0.0
-14.804539916384643 0.0
-14.887528328328335 0.0
-14.971452385745925 0.0
-15.056328001619777 0.0
-15.142171451842813 0.0
-15.228999385623599 0.0
-15.31682883625129 0.0
-15.405677232235357 0.0
-15.495562408835184 0.0
-15.586502619995814 0.0
-15.67851655070632 0.0
-15.771623329798526 0.0
-15.865842543204614 0.0
-15.961194247692639 0.0
-16.057698985100426 0.0
-16.155377797088864 0.0
-16.254252240437165 0.0
-16.35434440290303 0.0
-16.455676919672506 0.0
-16.5582729904253 0.0
-16.66215639704235 0.0
-16.76735152198423 0.0
-16.873883367370105 0.0
-16.98177757478877 0.0
-17.091060445874533 0.0
-17.201758963682643 0.0
-17.313900814901057 0.0
-17.427514412936493 0.0
-17.542628921915565 0.0
-17.659274281643327 0.0
-17.777481233564433 0.0
-17.89728134777379 0.0
-18.018707051126743 0.0
-18.141791656501596 0.0
-18.26656939326947 0.0
-18.393075439030444 0.0
-18.52134595267747 0.0
-18.651418108853782 0.0
-18.783330133872216 0.0
-18.917121343169697 0.0
-19.052832180374082 0.0
-19.19050425806452 0.0
-19.330180400311956 0.0
-19.47190468709088 0.0
-19.615722500659466 0.0
-19.761680574010096 0.0
-19.90982704149935 0.0
-20.060211491772336 0.0
-20.21288502310411 0.0
-20.367900301287346 0.0
-20.52531162020427 0.0
-20.685174965229496 0.0
-20.84754807961873 0.0
-21.01249053404919 0.0
-21.18006379948734 0.0
-21.350331323571638 0.0
-21.52335861070915 0.0
-21.69921330609865 0.0
-21.877965283907045 0.0
-22.05968673983981 0.0
-22.244452288363775 0.0
-22.432339064856727 0.0
-22.623426832978407 0.0
-22.817798097575977 0.0
-23.015538223460254 0.0
-23.216735560412125 0.0
-23.421481574803153 0.0
-23.629870988242804 0.0
-23.842001923693513 0.0
-24.05797605952767 0.0
-24.277898792033994 0.0
-24.501879406919304 0.0
-24.730031260392433 0.0
-24.962471970459887 0.0
-25.199323619112203 0.0
-25.44071296613071 0.0
-25.686771675302257 0.0
-25.937636553889128 0.0
-26.193449806269847 0.0
-26.45435930273926 0.0
-26.720518864534682 0.0
-26.992088566243236 0.0
-27.269235056839044 0.0
-27.552131900703976 0.0
-27.840959940097395 0.0
-28.135907680665948 0.0
-28.437171701720864 0.0
-28.744957093158103 0.0
-29.059477921062967 0.0
-29.38095772421971 0.0
-29.70963004394728 0.0
-30.045738989899053 0.0
-30.38953984470785 0.0
-30.741299710624254 0.0
-31.101298201589305 0.0
-31.469828184511275 0.0
-31.847196573875845 0.0
-32.23372518422195 0.0
-32.62975164545861 0.0
-33.035630386494944 0.0
-33.45173369320741 0.0
-33.87845284738042 0.0
-34.31619935394561 0.0
-34.76540626460968 0.0
-35.22652960682144 0.0
-35.70004992798857 0.0
-36.186473965936806 0.0
-36.68633645781948 0.0
-37.200202101050536 0.0
-37.7286676813801 0.0
-38.27236438497176 0.0
-38.83196031331596 0.0
-39.40816322204569 0.0
-40.00172350726206 0.0
-40.6134374658657 0.0
-41.244150859678335 0.0
-41.89476281690152 0.0
-42.56623010875795 0.0
-43.25957184409545 0.0
-43.975874630396355 0.0
-44.71629825616366 0.0
-45.48208195718661 0.0
-46.27455133789673 0.0
-47.0951260291325 0.0
-47.945328175370825 0.0
-48.82679185817471 0.0
-49.741273578595504 0.0
-50.69066394001377 0.0
-51.67700069492712 0.0
-52.702483345145325 0.0
-53.769489515546105 0.0
-54.88059335793372 0.0
-56.038586284853125 0.0
-57.24650038491172 0.0
-58.50763493312371 0.0
-59.825586484312275 0.0
-61.204283127572076 0.0
-62.64802358887978 0.0
-64.16152200172581 0.0
-65.74995932802841 0.0
-67.41904261106077 0.0
-69.17507348837236 0.0
-71.02502769818547 0.0
-72.97664769381755 0.0
-75.03855095862802 0.0
-77.2203572170304 0.0
-79.53283850267397 0.0
-81.98809702315329 0.0
-84.59977701934058 0.0
-87.38331844888394 0.0
-90.35626245443513 0.0
-93.53862138364839 0.0
-96.95332985658455 0.0
-100.62679837618431 0.0
-104.58959774964845 0.0
-108.87731185944432 0.0
-113.53160916030583 0.0
-118.60160127591732 0.0
-124.14558263773063 0.0
-130.23328196147193 0.0
-136.94881031307602 0.0
-144.39457087378656 0.0
-152.69651745380014 0.0
-162.01133769063284 0.0
-172.53643619489614 0.0
-184.5240794044689 0.0
-198.30187733333528 0.0
-214.3031815561973 0.0
-233.11349216300988 0.0
-255.54365635739225 0.0
-282.7498250950602 0.0
-316.4391659574488 0.0
-359.24253140097534 0.0
-415.43689385475733 0.0
-492.47154966888155 0.0
-604.5788943089467 0.0
-782.7705684210902 0.0
-1109.8985671642295 0.0
-1906.7488205128955 0.0
-6760.291272730561 0.0
4374.3061176460715 0.0
1652.515644444359 0.0
1018.6740273972489 0.0
736.2693465346197 0.0
576.4589457364202 0.0
473.6509808917149 0.0
401.9632648648531 0.0
349.123023474172 0.0
308.5610124481297 0.0
276.4431375464675 0.0
250.38115824915428 0.0
228.8098584615362 0.0
210.66063456090552 0.0
195.17901312335675 0.0
181.81712469437477 0.0
170.16751487414092 0.0
159.92086881720397 0.0
150.83814198782815 0.0
142.7316775431853 0.0
135.45210200364255 0.0
128.87903639514607 0.0
122.91438677685868 0.0
117.47741548183207 0.0
112.5010650529499 0.0
107.92917851959285 0.0
103.71437099023662 0.0
99.81638120805344 0.0
96.20078137128002 0.0
92.83795755305819 0.0
89.70229674306364 0.0
86.77153325554248 0.0
84.02621920903908 0.0
81.44929244249695 0.0
79.02572157279474 0.0
76.74221259029882 0.0
74.58696489468375 0.0
72.54946731707298 0.0
70.62032668565995 0.0
68.79112303422725 0.0
67.05428674481493 0.0
65.40299384344756 0.0
63.83107639484946 0.0
62.33294551550691 0.0
60.90352497952484 0.0
59.53819375500394 0.0
58.23273610023469 0.0
56.98329808429103 0.0
55.786349587396764 0.0
54.63865099191747 0.0
53.53722390208767 0.0
52.47932533521514 0.0
51.46242491349476 0.0
50.48418465716208 0.0
49.54244103930701 0.0
48.63518901242635 0.0
47.760567758509936 0.0
46.916847949526684 0.0
46.10242033477983 0.0
45.315785496648346 0.0
44.555544637507346 0.0
43.820391278727065 0.0
43.109103768115894 0.0
42.420538505419266 0.0
41.75362380684998 0.0
41.10735433941397 0.0
40.48078606423514 0.0
39.87303163538863 0.0
39.28325620707863 0.0
38.71067360749605 0.0
38.15454284248331 0.0
37.61416489630745 0.0
37.088879800498695 0.0
36.578063944908976 0.0
36.081127607957214 0.0
35.59751268549539 0.0
35.12669059990549 0.0
34.66816037296036 0.0
34.22144684767595 0.0
33.786099045888186 0.0
33.36168864961864 0.0
32.947808595480645 0.0
32.54407177242883 0.0
32.15010981409422 0.0
31.76557197778726 0.0
31.39012410299698 0.0
31.0234476428869 0.0
30.665238762886574 0.0
30.315207501019092 0.0
29.97307698508661 0.0
29.63858270227179 0.0
29.311471817106806 0.0
28.991502534113007 0.0
28.678443501735405 0.0
28.372073254483002 0.0
28.072179690449165 0.0
27.778559581621177 0.0
27.491018114602564 0.0
27.20936845956823 0.0
26.93343136544725 0.0
26.663034779490825 0.0
26.39801348952785 0.0
26.13820878734617 0.0
25.883468151757707 0.0
25.63364495001721 0.0
25.38859815636735 0.0
25.148192086574188 0.0
24.912296147403655 0.0
24.680784600066364 1.0
24.453536336731293 1.0
24.230434669273347 1.0
24.01136712948012 1.0
23.79622527999999 1.0
23.58490453536311 1.0
23.377303992455175 1.0
23.173326269865985 1.0
22.97287735557611 1.0
22.775866462480828 1.0
22.582205891284524 1.0
22.39181090033122 1.0
22.204599581964732 1.0
22.020492745039952 1.0
21.839413803230528 1.0
21.661288668802758 1.0
21.48604565154577 1.0
21.313615362568054 1.0
21.143930622689787 1.0
20.976926375176273 1.0
20.812539602574844 1.0
20.650709247431255 1.0
20.491376136676735 1.0
20.334482909488624 1.0
20.179973948439603 1.0
20.02779531376245 1.0
19.877894680566666 1.0
19.73022127885379 1.0
19.58472583618645 1.0
19.441360522875787 1.0
19.300078899558763 1.0
19.16083586704456 1.0
19.023587618316697 1.0
18.888291592583162 1.0
18.75490643127363 1.0
18.623391935887796 1.0
18.49370902760507 1.0
18.365819708569997 1.0
18.239687024773104 1.0
18.11527503045066 1.0
17.992548753931743 1.0
17.871474164864196 1.0
17.752018142754824 1.0
17.6341484467631 1.0
17.517833686690206 1.0
17.40304329510881 1.0
17.289747500581253 1.0
17.17791730191728 1.0
17.067524443424357 1.0
16.95854139110603 1.0
16.850941309766593 1.0
16.744698040981746 1.0
16.639786081897505 1.0
16.536180564820985 1.0
16.43385723756904 1.0
16.332792444542047 1.0
16.232963108491585 1.0
16.134346712952915 1.0
16.036921285313763 1.0
15.940665380493023 1.0
15.84555806520349 1.0
15.751578902774817 1.0
15.658707938513357 1.0
15.566925685576713 1.0
15.476213111342348 1.0
15.386551624249933 1.0
15.297923061098528 1.0
15.210309674780111 1.0
15.123694122432362 1.0
15.038059453993922 1.0
14.953389101146183 1.0
14.869666866626671 1.0
14.786876913899368 1.0
14.70500375716827 1.0
14.624032251720742 1.0
14.543947584588286 1.0
14.464735265512534 1.0
14.386381118204675 1.0
14.308871271887625 1.0
14.232192153110034 1.0
14.156330477822188 1.0
14.081273243703839 1.0
14.007007722734963 1.0
13.933521454000363 1.0
13.86080223671947 1.0
13.788838123493413 1.0
13.717617413761287 1.0
13.64712864745824 1.0
13.577360598867989 1.0
13.50830227066302 1.0
13.43994288812578 1.0
13.372271893544319 1.0
13.305278940776521 1.0
13.238953889976845 1.0
13.173286802480064 1.0
13.108267935836414 1.0
13.043887738993146 1.0
12.980136847617375 1.0
12.917006079555318 1.0
12.854486430423506 1.0
12.792569069327358 1.0
12.731245334702953 1.0
12.670506730277726 1.0
12.610344921146334 1.0
12.550751729957797 1.0
12.49171913321014 1.0
12.43323925764922 1.0
12.37530437676817 1.0
12.317906907404332 1.0
12.261039406430333 1.0
12.204694567536505 1.0
12.148865218101609 1.0
12.09354431614896 1.0
12.03872494738546 1.0
11.984400322320697 1.0
11.930563773463815 1.0
11.877208752595429 1.0
11.824328828112565 1.0
11.77191768244419 1.0
11.71996910953506 1.0
11.668477012396043 1.0
11.617435400718627 1.0
11.566838388551867 1.0
11.516680192039642 1.0
11.466955127216643 1.0
11.417657607861193 1.0
11.368782143403143 1.0
11.320323336885368 1.0
11.2722758829771 1.0
11.224634566037729 1.0
11.177394258229365 1.0
11.130549917676992 1.0
11.084096586674606 1.0
11.038029389936169 1.0
10.992343532889873 1.0
10.947034300014712 1.0
10.902097053217997 1.0
10.857527230252588 1.0
10.813320343172894 1.0
10.769471976828378 1.0
10.725977787393619 1.0
10.68283350093377 1.0
10.64003491200457 1.0
10.597577882285872 1.0
10.55545833924769 1.0
10.513672274848012 1.0
10.472215744261364 1.0
10.431084864637391 1.0
10.390275813888497 1.0
10.349784829505907 1.0
10.309608207403295 1.0
10.26974230078718 1.0
10.230183519053513 1.0
10.1909283267096 1.0
10.151973242320814 1.0
10.113314837481298 1.0
10.074949735808149 1.0
10.036874611958423 1.0
9.999086190668276 1.0
9.961581245813795 1.0
9.924356599492853 1.0
9.887409121127506 1.0
9.850735726586299 1.0
9.814333377326111 1.0
9.77819907955292 1.0
9.742329883401018 1.0
9.706722882130268 1.0
9.67137521134087 1.0
9.636284048205257 1.0
9.601446610716588 1.0
9.56686015695355 1.0
9.532521984360974 1.0
9.498429429045851 1.0
9.464579865088455 1.0
9.430970703868098 1.0
9.397599393403254 1.0
9.364463417705576 1.0
9.331560296147565 1.0
9.29888758284356 1.0
9.266442866043612 1.0
9.234223767540046 1.0
9.20222794208637 1.0
9.170453076828212 1.0
9.138896890745972 1.0
9.107557134108996 1.0
9.07643158794092 1.0
9.045518063495923 1.0
9.014814401745664 1.0
8.984318472876641 1.0
8.954028175797708 1.0
8.923941437657504 1.0
8.894056213371599 1.0
8.864370485159132 1.0
8.834882262088627 1.0
8.805589579632917 1.0
8.776490499232851 1.0
8.747583107869659 1.0
8.718865517645677 1.0
8.690335865373372 1.0
8.661992312172389 1.0
8.633833043074418 1.0
8.605856266635804 1.0
8.578060214557615 1.0
8.550443141313092 1.0
8.523003323782232 1.0
8.495739060893401 1.0
8.468648673271833 1.0
8.441730502894764 1.0
8.414982912753196 1.0
8.388404286520016 1.0
8.361993028224441 1.0
8.335747561932516 1.0
8.309666331433673 1.0
8.283747799933158 1.0
8.25799044975013 1.0
8.232392782021476 1.0
8.206953316410987 1.0
8.181670590824075 1.0
8.15654316112756 1.0
8.131569600874789 1.0
8.106748501035648 1.0
8.082078469731547 1.0
8.05755813197529 1.0
8.033186129415578 1.0
8.008961120086157 1.0
7.984881778159554 1.0
7.96094679370517 1.0
7.937154872451697 1.0
7.913504735553893 1.0
7.889995119363394 1.0
7.866624775203634 1.0
7.843392469148825 1.0
7.820296981806707 1.0
7.797337108105269 1.0
7.774511657083115 1.0
7.751819451683517 1.0
7.7292593285521205 1.0
7.706830137838118 1.0
7.68453074299886 1.0
7.662360020607927 1.0
7.640316860166443 1.0
7.618400163917627 1.0
7.596608846664616 1.0
7.574941835591319 1.0
7.553398070086334 1.0
7.531976501569939 1.0
7.510676093323904 1.0
7.489495820324298 1.0
7.468434669077031 1.0
7.4474916374561815 1.0
7.426665734545085 1.0
7.405955980480032 1.0
7.38536140629655 1.0
7.364881053778344 1.0
7.34451397530864 1.0
7.324259233724018 1.0
7.304115902170704 1.0
7.284083063963168 1.0
7.264159812445048 1.0
7.244345250852412 1.0
7.224638492179149 1.0
7.205038659044662 1.0
7.1855448835636295 1.0
7.166156307217883 1.0
7.146872080730413 1.0
7.12769136394134 1.0
7.1086133256858774 1.0
7.08963714367432 1.0
7.0707620043738695 1.0
7.051987102892363 1.0
7.033311642863899 1.0
7.014734836336193 1.0
6.996255903659795 1.0
6.977874073379 1.0
6.959588582124471 1.0
6.941398674507603 1.0
6.923303603016479 1.0
6.905302627913453 1.0
6.887395017134384 1.0
6.869580046189375 1.0
6.851856998065048 1.0
6.834225163128384 1.0
6.816683839031991 1.0
6.799232330620825 1.0
6.781869949840402 1.0
6.764596015646319 1.0
6.747409853915248 1.0
6.730310797357228 1.0
6.713298185429267 1.0
6.696371364250333 1.0
6.679529686517561 1.0
6.662772511423705 1.0
6.646099204575918 1.0
6.6295091379156625 1.0
6.613001689639837 1.0
6.596576244123121 1.0
6.580232191841429 1.0
6.563968929296493 1.0
6.547785858941623 1.0
6.531682389108475 1.0
6.515657933934983 1.0
6.499711913294293 1.0
6.483843752724734 1.0
6.468052883360873 1.0
6.45233874186551 1.0
6.436700770362674 1.0
6.421138416371639 1.0
6.405651132741838 1.0
6.390238377588723 1.0
6.374899614230599 1.0
6.359634311126314 1.0
6.344441941813835 1.0
6.329321984849775 1.0
6.314273923749679 1.0
6.299297246929264 1.0
6.284391447646413 1.0
6.269556023944016 1.0
6.254790478593654 1.0
6.240094319040026 1.0
6.225467057346168 1.0
6.2109082101394755 1.0
6.196417298558453 1.0
6.18199384820018 1.0
6.167637389068586 1.0
6.153347455523376 1.0
6.139123586229667 1.0
6.124965324108394 1.0
6.1108722162872855 1.0
6.096843814052632 1.0
6.082879672801636 1.0
6.068979351995428 1.0
6.055142415112773 1.0
6.041368429604354 1.0
6.027656966847692 1.0
6.014007602102706 1.0
6.000419914467844 1.0
5.986893486836806 1.0
5.973427905855887 1.0
5.960022761881862 1.0
5.94667764894042 1.0
5.933392164685231 1.0
5.920165910357454 1.0
5.906998490745886 1.0
5.893889514147579 1.0
5.880838592328981 1.0
5.867845340487647 1.0
5.854909377214392 1.0
5.842030324455965 1.0
5.829207807478244 1.0
5.816441454829878 1.0
5.803730898306405 1.0
5.791075772914878 1.0
5.778475716838915 1.0
5.765930371404199 1.0
5.753439381044488 1.0
5.7410023932679675 1.0
5.72861905862414 1.0
5.716289030671073 1.0
5.704011965943083 1.0
5.691787523918864 1.0
5.679615366989994 1.0
5.667495160429843 1.0
5.655426572362913 1.0
5.6434092737345365 1.0
5.631442938280951 1.0
5.619527242499812 1.0
5.607661865620994 1.0
5.595846489577843 1.0
5.584080798978749 1.0
5.572364481079054 1.0
5.560697225753381 1.0
5.549078725468248 1.0
5.537508675255043 1.0
5.525986772683359 1.0
5.514512717834631 1.0
5.503086213276103 1.0
5.491706964035148 1.0
5.480374677573881 1.0
5.469089063764064 1.0
5.457849834862386 1.0
5.446656705485972 1.0
5.4355093925882585 1.0
5.424407615435116 1.0
5.413351095581276 1.0
5.402339556847074 1.0
5.391372725295439 1.0
5.3804503292091725 1.0
5.369572099068522 1.0
5.358737767529004 1.0
5.347947069399494 1.0
5.337199741620609 1.0
5.32649552324332 1.0
5.315834155407819 1.0
5.30521538132268 1.0
5.294638946244214 1.0
5.284104597456119 1.0
5.273612084249344 1.0
5.263161157902186 1.0
5.252751571660659 1.0
5.242383080719069 1.0
5.2320554422008 1.0
5.221768415139383 1.0
5.211521760459738 1.0
5.20131524095964 1.0
5.191148621291445 1.0
5.181021667943983 1.0
5.17093414922467 1.0
5.160885835241863 1.0
5.150876497887372 1.0
5.1409059108192166 1.0
5.13097384944456 1.0
5.121080090902829 1.0
5.111224414049072 1.0
5.101406599437469 1.0
5.091626429305031 1.0
5.081883687555522 1.0
5.072178159743537 1.0
5.062509633058749 1.0
5.052877896310386 1.0
5.043282739911834 1.0
5.033723955865429 1.0
5.024201337747449 1.0
5.014714680693235 1.0
5.005263781382511 1.0
4.995848438024858 1.0
4.986468450345335 1.0
4.977123619570307 1.0
4.967813748413388 1.0
4.958538641061544 1.0
4.949298103161395 1.0
4.940091941805619 1.0
4.930919965519526 1.0
4.921781984247796 1.0
4.912677809341348 1.0
4.903607253544343 1.0
4.894570130981373 1.0
4.885566257144733 1.0
4.876595448881892 1.0
4.86765752438306 1.0
4.858752303168897 1.0
4.849879606078391 1.0
4.841039255256819 1.0
4.832231074143868 1.0
4.8234548874618906 1.0
4.8147105212042725 1.0
4.805997802623923 1.0
4.797316560221918 1.0
4.788666623736235 1.0
4.780047824130614 1.0
4.771459993583574 1.0
4.762902965477486 1.0
4.754376574387825 1.0
4.745880656072499 1.0
4.737415047461297 1.0
4.728979586645466 1.0
4.72057411286739 1.0
4.712198466510359 1.0
4.703852489088491 1.0
4.695536023236723 1.0
4.6872489127009125 1.0
4.678991002328069 1.0
4.670762138056654 1.0
4.662562166907014 1.0
4.654390936971897 1.0
4.646248297407059 1.0
4.638134098422003 1.0
4.63004819127078 1.0
4.621990428242897 1.0
4.613960662654338 1.0
4.60595874883865 1.0
4.59798454213813 1.0
4.590037898895127 1.0
4.582118676443403 1.0
4.574226733099586 1.0
4.566361928154744 1.0
4.558524121865995 1.0
4.550713175448257 1.0
4.542928951066039 1.0
4.535171311825333 1.0
4.5274401217656 1.0
4.51973524585182 1.0
4.512056549966627 1.0
4.504403900902536 1.0
4.496777166354236 1.0
4.489176214910955 1.0
4.481600916048934 1.0
4.474051140123939 1.0
4.466526758363864 1.0
4.459027642861425 1.0
4.451553666566895 1.0
4.4441047032809395 1.0
4.436680627647515 1.0
4.429281315146821 1.0
4.42190664208836 1.0
4.414556485604036 1.0
4.4072307236413195 1.0
4.39992923495651 1.0
4.392651899108039 1.0
4.385398596449842 1.0
4.378169208124813 1.0
4.370963616058308 1.0
4.363781702951703 1.0
4.356623352276056 1.0
4.3494884482657765 1.0
4.342376875912407 1.0
4.335288520958433 1.0
4.328223269891158 1.0
4.321181009936659 1.0
4.314161629053779 1.0
4.307165015928177 1.0
4.300191059966458 1.0
4.293239651290341 1.0
4.286310680730876 1.0
4.279404039822752 1.0
4.2725196207986205 1.0
4.26565731658349 1.0
4.258817020789187 1.0
4.251998627708844 1.0
4.245202032311467 1.0
4.238427130236535 1.0
4.231673817788652 1.0
4.224941991932274 1.0
4.218231550286459 1.0
4.211542391119668 1.0
4.2048744133446405 1.0
4.1982275165132945 1.0
4.191601600811678 1.0
4.184996567054982 1.0
4.178412316682587 1.0
4.171848751753154 1.0
4.165305774939786 1.0
4.158783289525194 1.0
4.15228119939695 1.0
4.145799409042761 1.0
4.139337823545782 1.0
4.132896348580001 1.0
4.126474890405637 1.0
4.12007335586459 1.0
4.1136916523759455 1.0
4.10732968793151 1.0
4.100987371091379 1.0
4.09466461097957 1.0
4.0883613172796744 1.0
4.082077400230552 1.0
4.075812770622088 1.0
4.0695673397909475 1.0
4.063341019616413 1.0
4.05713372251623 1.0
4.0509453614425 1.0
4.044775849877616 1.0
4.038625101830228 1.0
4.032493031831245 1.0
4.02637955492988 1.0
4.0202845866897325 1.0
4.014208043184884 1.0
4.008149840996066 1.0
4.002109897206823 1.0
3.996088129399751 1.0
3.9900844556527337 1.0
3.9840987945352255 1.0
3.9781310651045834 1.0
3.9721811869024086 1.0
3.96624907995093 1.0
3.9603346647494257 1.0
3.9544378622706726 1.0
3.948558593957414 1.0
3.9426967817188885 1.0
3.9368523479273647 1.0
3.931025215414705 1.0
3.9252153074689895 1.0
3.9194225478311275 1.0
3.913646860691541 1.0
3.9078881706868462 1.0
3.9021464028965727 1.0
3.896421482839925 1.0
3.8907133364725577 1.0
3.885021890183375 1.0
3.8793470707913804 1.0
3.8736888055425327 1.0
3.8680470221066305 1.0
3.862421648574246 1.0
3.8568126134536587 1.0
3.851219845667822 1.0
3.845643274551378 1.0
3.8400828298476624 1.0
3.8345384417057686 1.0
3.829010040677617 1.0
3.823497557715049 1.0
3.8180009241669643 1.0
3.812520071776467 1.0
3.807054932678031 1.0
3.8016054393947125 1.0
3.7961715248353665 1.0
3.790753122291888 1.0
3.785350165436496 1.0
3.7799625883190155 1.0
3.7745903253641937 1.0
3.7692333113690504 1.0
3.763891481500227 1.0
3.758564771291381 1.0
3.7532531166405896 1.0
3.747956453807771 1.0
3.7426747194121477 1.0
3.7374078504297126 1.0
3.7321557841907143 1.0
3.726918458377185 1.0
3.721695811020469 1.0
3.7164877804987744 1.0
3.711294305534759 1.0
3.706115325193122 1.0
3.7009507788782154 1.0
3.695800606331693 1.0
3.6906647476301546 1.0
3.6855431431828305 1.0
3.680435733729275 1.0
3.675342460337072 1.0
3.670263264399584 1.0
3.665198087633693 1.0
3.66014687207757 1.0
3.6551095600884724 1.0
3.650086094340548 1.0
3.6450764178226547 1.0
3.6400804738362114 1.0
3.6350982059930583 1.0
3.6301295582133255 1.0
3.625174474723346 1.0
3.620232900053551 1.0
3.615304779036413 1.0
3.610390056804389 1.0
3.6054886787878777 1.0
3.600600590713212 1.0
3.5957257386006476 1.0
3.590864068762373 1.0
3.5860155278005483 1.0
3.581180062605345 1.0
3.5763576203530025 1.0
3.5715481485039127 1.0
3.5667515948007096 1.0
3.5619679072663684 1.0
3.557197034202344 1.0
3.5524389241866903 1.0
3.547693526072228 1.0
3.542960788984706 1.0
3.5382406623209772 1.0
3.533533095747207 1.0
3.5288380391970766 1.0
3.5241554428700055 1.0
3.5194852572293986 1.0
3.5148274330008977 1.0
3.5101819211706387 1.0
3.505548672983548 1.0
3.500927639941622 1.0
3.496318773802246 1.0
3.491722026576513 1.0
3.4871373505275494 1.0
3.4825646981688743 1.0
3.4780040222627564 1.0
3.47345527581858 1.0
3.468918412091243 1.0
3.464393384579548 1.0
3.459880147024612 1.0
3.4553786534082973 1.0
3.450888857951645 1.0
3.446410715113314 1.0
3.4419441795880585 1.0
3.437489206305181 1.0
3.4330457504270333 1.0
3.4286137673475032 1.0
3.4241932126905184 1.0
3.4197840423085757 1.0
3.4153862122812653 1.0
3.4109996789138104 1.0
3.4066243987356257 1.0
3.402260328498879 1.0
3.3979074251770607 1.0
3.3935656459635815 1.0
3.389234948270361 1.0
3.3849152897264316 1.0
3.380606628176569 1.0
3.3763089216799087 1.0
3.3720221285085916 1.0
3.3677462071464155 1.0
3.3634811162874843 1.0
3.3592268148348903 1.0
3.3549832618993904 1.0
3.3507504167980886 1.0
3.346528239053147 1.0
3.3423166883904893 1.0
3.3381157247385187 1.0
3.3339253082268536 1.0
3.329745399185062 1.0
3.325575958141406 1.0
3.3214169458216087 1.0
3.3172683231476103 1.0
3.3131300512363544 1.0
3.309002091398567 1.0
3.3048844051375488 1.0
3.3007769541479854 1.0
3.296679700314758 1.0
3.292592605711755 1.0
3.288515632600715 1.0
3.28444874343006 1.0
3.2803919008337368 1.0
3.2763450676300816 1.0
3.2723082068206817 1.0
3.26828128158924 1.0
3.2642642553004695 1.0
3.260257091498969 1.0
3.2562597539081306 1.0
3.25227220642904 1.0
3.2482944131393867 1.0
3.244326338292394 1.0
3.2403679463157435 1.0
3.2364192018105054 1.0
3.2324800695500966 1.0
3.228550514479225 1.0
3.2246305017128476 1.0
3.2207199965351454 1.0
3.2168189643984944 1.0
3.2129273709224444 1.0
3.2090451818927197 1.0
3.205172363260204 1.0
3.2013088811399535 1.0
3.1974547018102077 1.0
3.1936097917114012 1.0
3.189774117445201 1.0
3.185947645773531 1.0
3.1821303436176125 1.0
3.1783221780570146 1.0
3.174523116328708 1.0
3.1707331258261195 1.0
3.166952174098206 1.0
3.1631802288485256 1.0
3.159417257934315 1.0
3.1556632293655844 1.0
3.1519181113042 1.0
3.148181872062994 1.0
3.1444544801048666 1.0
3.1407359040418963 1.0
3.137026112634464 1.0
3.1333250747903763 1.0
3.129632759563991 1.0
3.1259491361553646 1.0
3.122274173909392 1.0
3.1186078423149497 1.0
3.114950111004063 1.0
3.111300949751056 1.0
3.1076603284717277 1.0
3.1040282172225235 1.0
3.1004045861997076 1.0
3.096789405738557 1.0
3.093182646312549 1.0
3.0895842785325516 1.0
3.0859942731460337 1.0
3.0824126010362694 1.0
3.0788392332215455 1.0
3.0752741408543884 1.0
3.071717295220785 1.0
3.068168667739406 1.0
3.064628229960849 1.0
3.0610959535668707 1.0
3.0575718103696383 1.0
3.054055772310978 1.0
3.050547811461623 1.0
3.0470479000204866 1.0
3.043556010313919 1.0
3.040072114794979 1.0
3.0365961860427118 1.0
3.0331281967614308 1.0
3.029668119779995 1.0
3.0262159280511116 1.0
3.022771594650623 1.0
3.019335092776807 1.0
3.0159063957496857 1.0
3.0124854770103298 1.0
3.0090723101201786 1.0
3.0056668687603567 1.0
3.0022691267309938 1.0
2.9988790579505573 1.0
2.9954966364551865 1.0
2.9921218363980198 1.0
2.9887546320485496 1.0
2.9853949977919627 1.0
2.982042908128483 1.0
2.978698337672741 1.0
2.9753612611531226 1.0
2.9720316534111335 1.0
2.9687094894007746 1.0
2.9653947441879005 1.0
2.962087392949611 1.0
2.9587874109736205 1.0
2.955494773657644 1.0
2.952209456508793 1.0
2.948931435142959 1.0
2.9456606852842135 1.0
2.9423971827642137 1.0
2.9391409035215994 1.0
2.935891823601405 1.0
2.932649919154473 1.0
2.9294151664368715 1.0
2.9261875418093095 1.0
2.9229670217365666 1.0
2.9197535827869174 1.0
2.9165472016315634 1.0
2.913347855044074 1.0
2.9101555198998157 1.0
2.9069701731754027 1.0
2.9037917919481426 1.0
2.9006203533954826 1.0
2.897455834794466 1.0
2.8942982135211923 1.0
2.8911474670502693 1.0
2.888003572954288 1.0
2.8848665089032854 1.0
2.8817362526642114 1.0
2.8786127821004146 1.0
2.8754960751711067 1.0
2.8723861099308574 1.0
2.8692828645290738 1.0
2.866186317209481 1.0
2.8630964463096285 1.0
2.8600132302603742 1.0
2.8569366475853846 1.0
2.85386667690064 1.0
2.8508032969139347 1.0
2.847746486424386 1.0
2.8446962243219454 1.0
2.8416524895869153 1.0
2.83861526128946 1.0
2.8355845185891324 1.0
2.8325602407343915 1.0
2.829542407062135 1.0
2.826530996997225 1.0
2.8235259900520178 1.0
2.8205273658259045 1.0
2.817535104004849 1.0
2.8145491843609243 1.0
2.811569586751861 1.0
2.8085962911205953 1.0
2.8056292774948117 1.0
2.802668525986507 1.0
2.7997140167915364 1.0
2.796765730189175 1.0
2.793823646541684 1.0
2.7908877462938633 1.0
2.7879580099726304 1.0
2.785034418186585 1.0
2.7821169516255746 1.0
2.779205591060282 1.0
2.7763003173417955 1.0
2.7734011114011854 1.0
2.7705079542490956 1.0
2.767620826975324 1.0
2.7647397107484095 1.0
2.7618645868152276 1.0
2.7589954365005744 1.0
2.7561322412067746 1.0
2.7532749824132696 1.0
2.7504236416762207 1.0
2.7475782006281166 1.0
2.744738640977374 1.0
2.7419049445079455 1.0
2.739077093078934 1.0
2.736255068624204 1.0
2.7334388531519935 1.0
2.7306284287445366 1.0
2.7278237775576826 1.0
2.725024881820513 1.0
2.7222317238349745 1.0
2.719444285975498 1.0
2.716662550688634 1.0
2.7138865004926824 1.0
2.7111161179773227 1.0
2.708351385803255 1.0
2.7055922867018376 1.0
2.7028388034747204 1.0
2.7000909189934994 1.0
2.697348616199354 1.0
2.6946118781026915 1.0
2.6918806877828048 1.0
2.6891550283875163 1.0
2.6864348831328337 1.0
2.6837202353026095 1.0
2.681011068248188 1.0
2.678307365388078 1.0
2.6756091102076063 1.0
2.672916286258581 1.0
2.6702288771589635 1.0
2.6675468665925313 1.0
2.664870238308546 1.0
2.6621989761214326 1.0
2.6595330639104464 1.0
2.65687248561935 1.0
2.6542172252560934 1.0
2.6515672668924934 1.0
2.6489225946639112 1.0
2.6462831927689403 1.0
2.643649045469089 1.0
2.6410201370884674 1.0
2.638396452013482 1.0
2.6357779746925174 1.0
2.633164689635635 1.0
2.63055658141427 1.0
2.627953634660918 1.0
2.6253558340688428 1.0
2.622763164391775 1.0
2.620175610443606 1.0
2.6175931570981015 1.0
2.6150157892886026 1.0
2.612443492007728 1.0
2.609876250307093 1.0
2.607314049297009 1.0
2.604756874146204 1.0
2.602204710081534 1.0
2.599657542387694 1.0
2.5971153564069422 1.0
2.5945781375388157 1.0
2.592045871239847 1.0
2.5895185430232956 1.0
2.5869961384588622 1.0
2.5844786431724183 1.0
2.5819660428457345 1.0
2.5794583232162056 1.0
2.576955470076584 1.0
2.57445746927471 1.0
2.5719643067132427 1.0
2.5694759683494 1.0
2.5669924401946904 1.0
2.564513708314653 1.0
2.562039758828595 1.0
2.5595705779093376 1.0
2.5571061517829508 1.0
2.554646466728502 1.0
2.552191509077805 1.0
2.5497412652151548 1.0
2.54729572157709 1.0
2.5448548646521334 1.0
2.542418680980546 1.0
2.53998715715408 1.0
2.5375602798157306 1.0
2.5351380356594952 1.0
2.5327204114301285 1.0
2.5303073939228957 1.0
2.5278989699833425 1.0
2.525495126507047 1.0
2.5230958504393843 1.0
2.520701128775295 1.0
2.5183109485590434 1.0
2.515925296883986 1.0
2.5135441608923443 1.0
2.511167527774963 1.0
2.5087953847710938 1.0
2.506427719168155 1.0
2.5040645183015116 1.0
2.501705769554247 1.0
2.4993514603569387 1.0
2.497001578187435 1.0
2.494656110570632 1.0
2.492315045078258 1.0
2.4899783693286452 1.0
2.487646070986518 1.0
2.485318137762775 1.0
2.4829945574142704 1.0
2.480675317743603 1.0
2.4783604065989 1.0
2.476049811873605 1.0
2.4737435215062704 1.0
2.4714415234803413 1.0
2.4691438058239523 1.0
2.4668503566097195 1.0
2.4645611639545284 1.0
2.4622762160193363 1.0
2.4599955010089647 1.0
2.4577190071718933 1.0
2.4554467228000654 1.0
2.4531786362286807 1.0
2.4509147358359966 1.0
2.448655010043136 1.0
2.4463994473138793 1.0
2.444148036154478 1.0
2.4419007651134534 1.0
2.439657622781404 1.0
2.437418597790815 1.0
2.4351836788158625 1.0
2.4329528545722225 1.0
2.4307261138168856 1.0
2.4285034453479635 1.0
2.426284838004502 1.0
2.4240702806662964 1.0
2.421859762253704 1.0
2.4196532717274586 1.0
2.4174507980884887 1.0
2.415252330377732 1.0
2.4130578576759576 1.0
2.410867369103582 1.0
2.4086808538204902 1.0
2.406498301025856 1.0
2.4043196999579677 1.0
2.4021450398940463 1.0
2.3999743101500717 1.0
2.3978075000806114 1.0
2.3956445990786372 1.0
2.3934855965753634 1.0
2.391330482040068 1.0
2.389179244979919 1.0
2.3870318749398134 1.0
2.3848883615021963 1.0
2.3827486942869034 1.0
2.3806128629509877 1.0
2.378480857188549 1.0
2.376352666730578 1.0
2.3742282813447844 1.0
2.3721076908354326 1.0
2.3699908850431837 1.0
2.367877853844929 1.0
2.365768587153628 1.0
2.363663074918153 1.0
2.361561307123122 1.0
2.3594632737887484 1.0
2.357368964970677 1.0
2.3552783707598257 1.0
2.3531914812822374 1.0
2.3511082866989153 1.0
2.349028777205673 1.0
2.34695294303298 1.0
2.3448807744458104 1.0
2.342812261743486 1.0
2.340747395259529 1.0
2.338686165361512 1.0
2.336628562450903 1.0
2.334574576962923 1.0
2.3325241993663934 1.0
2.3304774201635894 1.0
2.3284342298900964 1.0
2.3263946191146565 1.0
2.324358578439033 1.0
2.322326098497861 1.0
2.3202971699585007 1.0
2.318271783520902 1.0
2.316249929917458 1.0
2.3142315999128615 1.0
2.31221678430397 1.0
2.3102054739196616 1.0
2.3081976596206966 1.0
2.3061933322995816 1.0
2.304192482880426 1.0
2.302195102318813 1.0
2.3002011816016577 1.0
2.298210711747071 1.0
2.2962236838042296 1.0
2.2942400888532375 1.0
2.2922599180049934 1.0
2.290283162401059 1.0
2.288309813213527 1.0
2.2863398616448882 1.0
2.2843732989279015 1.0
2.2824101163254653 1.0
2.280450305130485 1.0
2.2784938566657473 1.0
2.2765407622837897 1.0
2.2745910133667753 1.0
2.2726446013263653 1.0
2.2707015176035905 1.0
2.2687617536687306 1.0
2.2668253010211856 1.0
2.264892151189352 1.0
2.2629622957305005 1.0
2.2610357262306544 1.0
2.259112434304462 1.0
2.2571924115950823 1.0
2.2552756497740574 1.0
2.253362140541195 1.0
2.2514518756244515 1.0
2.2495448467798043 1.0
2.2476410457911435 1.0
2.2457404644701477 1.0
2.2438430946561656 1.0
2.2419489282161047 1.0
2.240057957044311 1.0
2.2381701730624526 1.0
2.236285568219408 1.0
2.2344041344911507 1.0
2.2325258638806327 1.0
2.2306507484176734 1.0
2.228778780158849 1.0
2.2269099511873742 1.0
2.2250442536129977 1.0
2.2231816795718853 1.0
2.2213222212265133 1.0
2.219465870765557 1.0
2.217612620403781 1.0
2.2157624623819308 1.0
2.213915388966626 1.0
2.212071392450248 1.0
2.210230465150839 1.0
2.2083925994119915 1.0
2.2065577876027413 1.0
2.2047260221174647 1.0
2.2028972953757737 1.0
2.2010715998224057 1.0
2.199248927927129 1.0
2.197429272184628 1.0
2.1956126251144106 1.0
2.1937989792607016 1.0
2.1919883271923357 1.0
2.190180661502665 1.0
2.188375974809452 1.0
2.1865742597547704 1.0
2.184775509004906 1.0
2.182979715250257 1.0
2.1811868712052322 1.0
2.179396969608159 1.0
2.1776100032211776 1.0
2.1758259648301483 1.0
2.174044847244555 1.0
2.1722666432974025 1.0
2.1704913458451296 1.0
2.1687189477675055 1.0
2.166949441967538 1.0
2.165182821371378 1.0
2.163419078928228 1.0
2.1616582076102437 1.0
2.159900200412442 1.0
2.1581450503526134 1.0
2.156392750471219 1.0
2.1546432938313096 1.0
2.1528966735184274 1.0
2.1511528826405155 1.0
2.149411914327832 1.0
2.1476737617328516 1.0
2.1459384180301844 1.0
2.1442058764164815 1.0
2.1424761301103454 1.0
2.1407491723522463 1.0
2.1390249964044297 1.0
2.137303595550829 1.0
2.135584963096981 1.0
2.1338690923699386 1.0
2.1321559767181806 1.0
2.1304456095115314 1.0
2.1287379841410696 1.0
2.1270330940190494 1.0
2.1253309325788106 1.0
2.123631493274695 1.0
2.1219347695819657 1.0
2.120240754996721 1.0
2.1185494430358105 1.0
2.1168608272367555 1.0
2.1151749011576637 1.0
2.113491658377149 1.0
2.1118110924942486 1.0
2.1101331971283446 1.0
2.1084579659190785 1.0
2.1067853925262767 1.0
2.1051154706298654 1.0
2.1034481939297933 1.0
2.101783556145954 1.0
2.1001215510181024 1.0
2.0984621723057812 1.0
2.0968054137882417 1.0
2.0951512692643615 1.0
2.0934997325525737 1.0
2.091850797490787 1.0
2.0902044579363066 1.0
2.0885607077657626 1.0
2.0869195408750314 1.0
2.0852809511791586 1.0
2.0836449326122897 1.0
2.082011479127586 1.0
2.08038058469716 1.0
2.078752243311995 1.0
2.0771264489818715 1.0
2.0755031957352976 1.0
2.0738824776194327 1.0
2.0722642887000133 1.0
2.0706486230612864 1.0
2.069035474805932 1.0
2.0674248380549916 1.0
2.0658167069478006 1.0
2.0642110756419147 1.0
2.0626079383130387 1.0
2.061007289154957 1.0
2.059409122379462 1.0
2.0578134322162875 1.0
2.056220212913037 1.0
2.054629458735114 1.0
2.0530411639656547 1.0
2.051455322905459 1.0
2.0498719298729218 1.0
2.0482909792039656 1.0
2.0467124652519746 1.0
2.0451363823877227 1.0
2.0435627249993122 1.0
2.0419914874921052 1.0
2.040422664288654 1.0
2.0388562498286404 1.0
2.037292238568806 1.0
2.0357306249828895 1.0
2.0341714035615612 1.0
2.0326145688123542 1.0
2.031060115259607 1.0
2.029508037444393 1.0
2.027958329924459 1.0
2.0264109872741636 1.0
2.024866004084411 1.0
2.0233233749625876 1.0
2.0217830945325033 1.0
2.020245157434323 1.0
2.0187095583245105 1.0
2.0171762918757628 1.0
2.015645352776949 1.0
2.0141167357330514 1.0
2.0125904354651003 1.0
2.011066446710117 1.0
2.0095447642210504 1.0
2.0080253827667214 1.0
2.0065082971317554 1.0
2.00499350211653 1.0
2.003480992537112 1.0
2.001970763225198 1.0
2.000462809028058 1.0
1.9989571248084728 1.0
1.9974537054446797 1.0
1.9959525458303138 1.0
1.994453640874346 1.0
1.9929569855010312 1.0
1.9914625746498487 1.0
1.989970403275442 1.0
1.9884804663475673 1.0
1.9869927588510352 1.0
1.985507275785651 1.0
1.9840240121661636 1.0
1.9825429630222078 1.0
1.9810641233982464 1.0
1.9795874883535205 1.0
1.9781130529619873 1.0
1.976640812312272 1.0
1.9751707615076097 1.0
1.9737028956657905 1.0
1.9722372099191083 1.0
1.9707736994143057 1.0
1.969312359312518 1.0
1.9678531847892238 1.0
1.9663961710341906 1.0
1.96494131325142 1.0
1.9634886066590969 1.0
1.9620380464895382 1.0
1.9605896279891373 1.0
1.9591433464183152 1.0
1.9576991970514674 1.0
1.9562571751769127 1.0
1.9548172760968427 1.0
1.9533794951272687 1.0
1.951943827597973 1.0
1.950510268852459 1.0
1.9490788142478963 1.0
1.9476494591550766 1.0
1.9462221989583606 1.0
1.9447970290556262 1.0
1.943373944858225 1.0
1.9419529417909276 1.0
1.940534015291876 1.0
1.9391171608125375 1.0
1.9377023738176509 1.0
1.9362896497851838 1.0
1.934878984206281 1.0
1.9334703725852158 1.0
1.932063810439346 1.0
1.9306592932990625 1.0
1.9292568167077437 1.0
1.927856376221709 1.0
1.9264579674101705 1.0
1.9250615858551863 1.0
1.9236672271516149 1.0
1.9222748869070696 1.0
1.9208845607418692 1.0
1.919496244288996 1.0
1.9181099331940465 1.0
1.9167256231151888 1.0
1.9153433097231163 1.0
1.913962988701001 1.0
1.9125846557444506 1.0
1.911208306561464 1.0
1.9098339368723833 1.0
1.9084615424098543 1.0
1.9070911189187802 1.0
1.9057226621562744 1.0
1.9043561678916228 1.0
1.9029916319062363 1.0
1.9016290499936064 1.0
1.900268417959267 1.0
1.8989097316207448 1.0
1.897552986807522 1.0
1.8961981793609914 1.0
1.8948453051344116 1.0
1.89349435999287 1.0
1.8921453398132362 1.0
1.8907982404841206 1.0
1.889453057905836 1.0
1.8881097879903515 1.0
1.8867684266612537 1.0
1.8854289698537054 1.0
1.8840914135144033 1.0
1.8827557536015391 1.0
1.8814219860847563 1.0
1.8800901069451113 1.0
1.878760112175033 1.0
1.8774319977782825 1.0
1.8761057597699118 1.0
1.8747813941762255 1.0
1.8734588970347414 1.0
1.8721382643941489 1.0
1.8708194923142716 1.0
1.869502576866028 1.0
1.8681875141313902 1.0
1.8668743002033488 1.0
1.8655629311858708 1.0
1.8642534031938625 1.0
1.8629457123531328 1.0
1.8616398548003503 1.0
1.8603358266830106 1.0
1.8590336241593959 1.0
1.8577332433985356 1.0
1.8564346805801728 1.0
1.8551379318947236 1.0
1.85384299354324 1.0
1.8525498617373752 1.0
1.8512585326993451 1.0
1.8499690026618898 1.0
1.8486812678682412 1.0
1.8473953245720813 1.0
1.8461111690375112 1.0
1.844828797539011 1.0
1.8435482063614048 1.0
1.8422693917998263 1.0
1.840992350159681 1.0
1.8397170777566114 1.0
1.8384435709164622 1.0
1.837171825975245 1.0
1.835901839279101 1.0
1.834633607184269 1.0
1.8333671260570497 1.0
1.8321023922737685 1.0
1.8308394022207448 1.0
1.829578152294255 1.0
1.8283186389004986 1.0
1.827060858455566 1.0
1.8258048073854007 1.0
1.8245504821257692 1.0
1.8232978791222263 1.0
1.8220469948300784 1.0
1.8207978257143551 1.0
1.8195503682497736 1.0
1.8183046189207028 1.0
1.8170605742211359 1.0
1.8158182306546526 1.0
1.8145775847343886 1.0
1.8133386329830037 1.0
1.812101371932646 1.0
1.8108657981249237 1.0
1.8096319081108705 1.0
1.8083996984509128 1.0
1.8071691657148408 1.0
1.8059403064817736 1.0
1.8047131173401283 1.0
1.8034875948875897 1.0
1.8022637357310776 1.0
1.8010415364867154 1.0
1.7998209937797995 1.0
1.7986021042447693 1.0
1.797384864525173 1.0
1.7961692712736406 1.0
1.79495532115185 1.0
1.7937430108304986 1.0
1.792532336989273 1.0
1.7913232963168162 1.0
1.7901158855106998 1.0
1.788910101277394 1.0
1.7877059403322353 1.0
1.7865033993993988 1.0
1.7853024752118694 1.0
1.7841031645114078 1.0
1.782905464048526 1.0
1.7817093705824567 1.0
1.7805148808811202 1.0
1.7793219917211016 1.0
1.778130699887616 1.0
1.776941002174484 1.0
1.775752895384101 1.0
1.7745663763274069 1.0
1.7733814418238616 1.0
1.772198088701413 1.0
1.77101631379647 0.0
1.7698361139538754 0.0
1.7686574860268758 0.0
1.7674804268770943 0.0
1.7663049333745042 0.0
1.7651310023973983 0.0
1.7639586308323645 0.0
1.7627878155742562 0.0
1.7616185535261646 0.0
1.7604508415993936 0.0
1.7592846767134305 0.0
1.7581200557959191 0.0
1.756956975782634 0.0
1.755795433617453 0.0
1.7546354262523298 0.0
1.7534769506472678 0.0
1.7523200037702946 0.0
1.751164582597433 0.0
1.7500106841126772 0.0
1.7488583053079654 0.0
1.7477074431831532 0.0
1.7465580947459896 0.0
1.7454102570120875 0.0
1.7442639270049018 0.0
1.743119101755702 0.0
1.7419757783035439 0.0
1.7408339536952495 0.0
1.7396936249853783 0.0
1.7385547892362 0.0
1.7374174435176744 0.0
1.7362815849074225 0.0
1.7351472104907013 0.0
1.7340143173603824 0.0
1.7328829026169223 0.0
1.7317529633683424 0.0
1.7306244967302007 0.0
1.729497499825569 0.0
1.7283719697850084 0.0
1.727247903746545 0.0
1.726125298855644 0.0
1.7250041522651878 0.0
1.723884461135452 0.0
1.7227662226340783 0.0
1.721649433936054 0.0
1.7205340922236874 0.0
1.7194201946865821 0.0
1.7183077385216163 0.0
1.7171967209329175 0.0
1.716087139131839 0.0
1.7149789903369386 0.0
1.7138722717739516 0.0
1.7127669806757717 0.0
1.7116631142824261 0.0
1.7105606698410505 0.0
1.7094596446058705 0.0
1.7083600358381767 0.0
1.7072618408062994 0.0
1.706165056785591 0.0
1.7050696810583998 0.0
1.7039757109140483 0.0
1.7028831436488125 0.0
1.7017919765658966 0.0
1.7007022069754143 0.0
1.6996138321943637 0.0
1.6985268495466066 0.0
1.6974412563628476 0.0
1.6963570499806098 0.0
1.6952742277442148 0.0
1.6941927870047613 0.0
1.6931127251201017 0.0
1.6920340394548223 0.0
1.690956727380221 0.0
1.6898807862742868 0.0
1.6888062135216766 0.0
1.6877330065136968 0.0
1.6866611626482795 0.0
1.685590679329963 0.0
1.684521553969872 0.0
1.6834537839856925 0.0
1.6823873668016556 0.0
1.6813222998485156 0.0
1.6802585805635264 0.0
1.679196206390425 0.0
1.67813517477941 0.0
1.6770754831871177 0.0
1.676017129076607 0.0
1.6749601099173366 0.0
1.6739044231851432 0.0
1.6728500663622252 0.0
1.671797036937119 0.0
1.6707453324046817 0.0
1.669694950266071 0.0
1.6686458880287218 0.0
1.6675981432063325 0.0
1.6665517133188408 0.0
1.665506595892405 0.0
1.664462788459386 0.0
1.6634202885583267 0.0
1.6623790937339322 0.0
1.6613392015370523 0.0
1.6603006095246597 0.0
1.6592633152598342 0.0
1.6582273163117403 0.0
1.65719261025561 0.0
1.656159194672724 0.0
1.6551270671503926 0.0
1.6540962252819358 0.0
1.6530666666666667 0.0
