-41.32666666666667 0.0
-41.37265160787804 0.0
-41.41873899966581 0.0
-41.46492918478867 0.0
-41.51122250753601 0.0
-41.557619313736446 0.0
-41.604119950766474 0.0
-41.65072476755909 0.0
-41.69743411461254 0.0
-41.744248343999104 0.0
-41.79116780937395 0.0
-41.83819286598402 0.0
-41.885323870677034 0.0
-41.93256118191046 0.0
-41.97990515976065 0.0
-42.027356165931955 0.0
-42.07491456376599 0.0
-42.122580718250816 0.0
-42.17035499603039 0.0
-42.218237765413875 0.0
-42.26622939638513 0.0
-42.31433026061227 0.0
-42.36254073145722 0.0
-42.41086118398541 0.0
-42.459291994975445 0.0
-42.507833542929006 0.0
-42.55648620808058 0.0
-42.605250372407475 0.0
-42.65412641963979 0.0
-42.70311473527048 0.0
-42.75221570656548 0.0
-42.80142972257396 0.0
-42.85075717413853 0.0
-42.90019845390562 0.0
-42.94975395633592 0.0
-42.999424077714814 0.0
-43.04920921616302 0.0
-43.09910977164715 0.0
-43.149126145990486 0.0
-43.1992587428837 0.0
-43.24950796789578 0.0
-43.299874228484924 0.0
-43.35035793400956 0.0
-43.400959495739464 0.0
-43.451679326866895 0.0
-43.50251784251785 0.0
-43.55347545976338 0.0
-43.604552597631056 0.0
-43.655749677116354 0.0
-43.70706712119431 0.0
-43.758505354831115 0.0
-43.81006480499588 0.0
-43.86174590067241 0.0
-43.913549072871156 0.0
-43.96547475464113 0.0
-44.01752338108204 0.0
-44.069695389356404 0.0
-44.121991218701794 0.0
-44.174411310443155 0.0
-44.22695610800524 0.0
-44.279626056925096 0.0
-44.33242160486466 0.0
-44.38534320162349 0.0
-44.43839129915143 0.0
-44.491566351561566 0.0
-44.54486881514317 0.0
-44.59829914837472 0.0
-44.65185781193708 0.0
-44.7055452687267 0.0
-44.75936198386903 0.0
-44.81330842473184 0.0
-44.86738506093882 0.0
-44.92159236438324 0.0
-44.97593080924157 0.0
-45.0304008719874 0.0
-45.08500303140536 0.0
-45.13973776860507 0.0
-45.194605567035374 0.0
-45.24960691249848 0.0
-45.30474229316438 0.0
-45.360012199585206 0.0
-45.415417124709904 0.0
-45.470957563898736 0.0
-45.52663401493817 0.0
-45.58244697805566 0.0
-45.63839695593471 0.0
-45.69448445372987 0.0
-45.750709979082075 0.0
-45.80707404213379 0.0
-45.8635771555446 0.0
-45.92021983450661 0.0
-45.97700259676023 0.0
-46.033925962609885 0.0
-46.09099045493987 0.0
-46.14819659923048 0.0
-46.205544923574 0.0
-46.263035958691056 0.0
-46.32067023794693 0.0
-46.3784482973681 0.0
-46.43637067565879 0.0
-46.49443791421783 0.0
-46.552650557155374 0.0
-46.61100915131002 0.0
-46.66951424626585 0.0
-46.728166394369744 0.0
-46.786966150748704 0.0
-46.84591407332745 0.0
-46.90501072284597 0.0
-46.96425666287735 0.0
-47.023652459845714 0.0
-47.083198683044195 0.0
-47.14289590465324 0.0
-47.20274469975879 0.0
-47.26274564637092 0.0
-47.32289932544228 0.0
-47.38320632088697 0.0
-47.44366721959934 0.0
-47.504282611473116 0.0
-47.56505308942049 0.0
-47.62597924939158 0.0
-47.68706169039374 0.0
-47.74830101451136 0.0
-47.80969782692556 0.0
-47.87125273593408 0.0
-47.932966352971505 0.0
-47.9948392926294 0.0
-48.05687217267675 0.0
-48.1190656140805 0.0
-48.18142024102631 0.0
-48.243936680939406 0.0
-48.30661556450565 0.0
-48.369457525692724 0.0
-48.432463201771526 0.0
-48.495633233337685 0.0
-48.558968264333295 0.0
-48.622468942068785 0.0
-48.68613591724499 0.0
-48.74996984397536 0.0
-48.813971379808315 0.0
-48.87814118574997 0.0
-48.942479926286694 0.0
-49.0069882694082 0.0
-49.07166688663059 0.0
-49.136516453019695 0.0
-49.2015376472145 0.0
-49.26673115145091 0.0
-49.332097651585514 0.0
-49.39763783711971 0.0
-49.463352401223894 0.0
-49.529242040761964 0.0
-49.595307456315865 0.0
-49.6615493522105 0.0
-49.727968436538724 0.0
-49.79456542118656 0.0
-49.86134102185866 0.0
-49.92829595810394 0.0
-49.995430953341405 0.0
-50.062746734886225 0.0
-50.130244033976005 0.0
-50.19792358579722 0.0
-50.265786129511966 0.0
-50.33383240828483 0.0
-50.40206316931002 0.0
-50.47047916383874 0.0
-50.539081147206744 0.0
-50.607869878862125 0.0
-50.67684612239335 0.0
-50.746010645557526 0.0
-50.81536422030887 0.0
-50.884907622827434 0.0
-50.954641633548036 0.0
-51.02456703718952 0.0
-51.094684622784115 0.0
-51.16499518370717 0.0
-51.23549951770704 0.0
-51.30619842693529 0.0
-51.377092717977064 0.0
-51.44818320188183 0.0
-51.51947069419427 0.0
-51.59095601498543 0.0
-51.66263998888426 0.0
-51.734523445109225 0.0
-51.80660721750035 0.0
-51.87889214455142 0.0
-51.95137906944251 0.0
-52.02406884007276 0.0
-52.09696230909346 0.0
-52.17006033394135 0.0
-52.24336377687228 0.0
-52.31687350499507 0.0
-52.39059039030577 0.0
-52.46451530972203 0.0
-52.53864914511799 0.0
-52.612992783359275 0.0
-52.68754711633839 0.0
-52.76231304101036 0.0
-52.837291459428734 0.0
-52.91248327878185 0.0
-52.987889411429386 0.0
-53.06351077493935 0.0
-53.1393482921252 0.0
-53.21540289108344 0.0
-53.291675505231474 0.0
-53.36816707334578 0.0
-53.444878539600396 0.0
-53.52181085360588 0.0
-53.59896497044832 0.0
-53.67634185072904 0.0
-53.75394246060431 0.0
-53.83176777182569 0.0
-53.909818761780485 0.0
-53.988096413532745 0.0
-54.06660171586448 0.0
-54.14533566331731 0.0
-54.22429925623451 0.0
-54.30349350080327 0.0
-54.38291940909757 0.0
-54.46257799912113 0.0
-54.542470294851114 0.0
-54.62259732628177 0.0
-54.702960129468885 0.0
-54.78355974657433 0.0
-54.864397225911176 0.0
-54.945473621989066 0.0
-55.02678999556016 0.0
-55.108347413665335 0.0
-55.190146949680866 0.0
-55.272189683365546 0.0
-55.35447670090815 0.0
-55.4370090949754 0.0
-55.51978796476033 0.0
-55.60281441603111 0.0
-55.68608956118017 0.0
-55.76961451927404 0.0
-55.85339041610335 0.0
-55.93741838423349 0.0
-56.0216995630556 0.0
-56.10623509883809 0.0
-56.191026144778604 0.0
-56.27607386105645 0.0
-56.361379414885555 0.0
-56.44694398056779 0.0
-56.5327687395469 0.0
-56.618854880462926 0.0
-56.70520359920696 0.0
-56.791816098976625 0.0
-56.87869359033196 0.0
-56.965837291251724 0.0
-57.053248427190425 0.0
-57.140928231135696 0.0
-57.22887794366632 0.0
-57.31709881301063 0.0
-57.40559209510577 0.0
-57.49435905365703 0.0
-57.58340096019823 0.0
-57.67271909415232 0.0
-57.762314742892656 0.0
-57.85218920180488 0.0
-57.94234377434939 0.0
-58.03277977212424 0.0
-58.123498514928876 0.0
-58.21450133082825 0.0
-58.305789556217654 0.0
-58.39736453588818 0.0
-58.48922762309265 0.0
-58.581380179612424 0.0
-58.67382357582453 0.0
-58.76655919076972 0.0
-58.859588412220994 0.0
-58.95291263675282 0.0
-59.04653326981102 0.0
-59.140451725783365 0.0
-59.23466942807074 0.0
-59.32918780915909 0.0
-59.42400831069203 0.0
-59.5191323835441 0.0
-59.614561487894825 0.0
-59.71029709330335 0.0
-59.80634067878399 0.0
-59.90269373288223 0.0
-59.99935775375182 0.0
-60.096334249232264 0.0
-60.19362473692731 0.0
-60.29123074428409 0.0
-60.38915380867306 0.0
-60.48739547746869 0.0
-60.58595730813101 0.0
-60.68484086828791 0.0
-60.78404773581822 0.0
-60.883579498935646 0.0
-60.983437756273574 0.0
-61.0836241169706 0.0
-61.18414020075694 0.0
-61.28498763804187 0.0
-61.38616807000165 0.0
-61.487683148668765 0.0
-61.5895345370217 0.0
-61.69172390907583 0.0
-61.79425294997507 0.0
-61.89712335608457 0.0
-62.00033683508421 0.0
-62.103895106063135 0.0
-62.20779989961519 0.0
-62.312052957935315 0.0
-62.416656034916905 0.0
-62.5216108962502 0.0
-62.62691931952165 0.0
-62.73258309431416 0.0
-62.83860402230861 0.0
-62.94498391738615 0.0
-63.05172460573174 0.0
-63.1588279259385 0.0
-63.2662957291135 0.0
-63.37412987898415 0.0
-63.482332252006145 0.0
-63.59090473747221 0.0
-63.69984923762207 0.0
-63.80916766775356 0.0
-63.91886195633488 0.0
-64.02893404511796 0.0
-64.13938588925306 0.0
-64.25021945740453 0.0
-64.36143673186776 0.0
-64.47303970868737 0.0
-64.58503039777662 0.0
-64.69741082303811 0.0
-64.81018302248562 0.0
-64.92334904836738 0.0
-65.03691096729054 0.0
-65.15087086034694 0.0
-65.2652308232403 0.0
-65.37999296641463 0.0
-65.49515941518408 0.0
-65.61073230986412 0.0
-65.7267138059042 0.0
-65.8431060740216 0.0
-65.95991130033705 0.0
-66.07713168651146 0.0
-66.19476944988429 0.0
-66.31282682361334 0.0
-66.43130605681615 0.0
-66.55020941471273 0.0
-66.66953917876995 0.0
-66.78929764684749 0.0
-66.90948713334534 0.0
-67.0301099693528 0.0
-67.15116850279935 0.0
-67.27266509860684 0.0
-67.39460213884357 0.0
-67.51698202287997 0.0
-67.63980716754594 0.0
-67.76308000728996 0.0
-67.88680299433996 0.0
-68.01097859886593 0.0
-68.13560930914421 0.0
-68.26069763172389 0.0
-68.38624609159463 0.0
-68.51225723235675 0.0
-68.63873361639283 0.0
-68.7656778250416 0.0
-68.8930924587734 0.0
-69.02098013736773 0.0
-69.149343500093 0.0
-69.27818520588784 0.0
-69.40750793354489 0.0
-69.5373143818964 0.0
-69.66760727000188 0.0
-69.79838933733808 0.0
-69.92966334399098 0.0
-70.06143207084982 0.0
-70.19369831980366 0.0
-70.32646491393984 0.0
-70.45973469774495 0.0
-70.59351053730776 0.0
-70.72779532052502 0.0
-70.86259195730894 0.0
-70.9979033797976 0.0
-71.13373254256744 0.0
-71.27008242284839 0.0
-71.40695602074132 0.0
-71.54435635943814 0.0
-71.68228648544438 0.0
-71.82074946880434 0.0
-71.95974840332882 0.0
-72.09928640682567 0.0
-72.23936662133282 0.0
-72.37999221335409 0.0
-72.52116637409792 0.0
-72.6628923197186 0.0
-72.80517329156059 0.0
-72.94801255640573 0.0
-73.09141340672302 0.0
-73.2353791609218 0.0
-73.37991316360765 0.0
-73.52501878584141 0.0
-73.67069942540122 0.0
-73.81695850704784 0.0
-73.96379948279292 0.0
-74.11122583217063 0.0
-74.25924106251249 0.0
-74.40784870922553 0.0
-74.5570523360738 0.0
-74.70685553546312 0.0
-74.85726192872961 0.0
-75.00827516643132 0.0
-75.15989892864361 0.0
-75.31213692525826 0.0
-75.46499289628578 0.0
-75.61847061216189 0.0
-75.77257387405747 0.0
-75.92730651419237 0.0
-76.08267239615306 0.0
-76.23867541521427 0.0
-76.39531949866449 0.0
-76.55260860613548 0.0
-76.71054672993604 0.0
-76.8691378953897 0.0
-77.0283861611767 0.0
-77.18829561968029 0.0
-77.34887039733722 0.0
-77.5101146549927 0.0
-77.67203258825987 0.0
-77.83462842788362 0.0
-77.99790644010909 0.0
-78.16187092705486 0.0
-78.3265262270908 0.0
-78.49187671522061 0.0
-78.65792680346944 0.0
-78.82468094127624 0.0
-78.99214361589124 0.0
-79.16031935277836 0.0
-79.32921271602304 0.0
-79.49882830874492 0.0
-79.66917077351617 0.0
-79.84024479278506 0.0
-80.01205508930494 0.0
-80.18460642656889 0.0
-80.35790360925006 0.0
-80.53195148364739 0.0
-80.7067549381376 0.0
-80.88231890363281 0.0
-81.05864835404405 0.0
-81.23574830675115 0.0
-81.41362382307861 0.0
-81.59228000877772 0.0
-81.77172201451506 0.0
-81.95195503636764 0.0
-82.13298431632427 0.0
-82.31481514279389 0.0
-82.49745285112047 0.0
-82.68090282410496 0.0
-82.86517049253399 0.0
-83.05026133571587 0.0
-83.23618088202373 0.0
-83.42293470944583 0.0
-83.61052844614346 0.0
-83.79896777101646 0.0
-83.98825841427605 0.0
-84.17840615802581 0.0
-84.36941683685048 0.0
-84.56129633841255 0.0
-84.75405060405743 0.0
-84.94768562942654 0.0
-85.142207465079 0.0
-85.33762221712186 0.0
-85.53393604784908 0.0
-85.73115517638921 0.0
-85.92928587936215 0.0
-86.12833449154505 0.0
-86.32830740654748 0.0
-86.52921107749594 0.0
-86.73105201772802 0.0
-86.93383680149638 0.0
-87.13757206468246 0.0
-87.34226450552032 0.0
-87.54792088533081 0.0
-87.75454802926599 0.0
-87.9621528270641 0.0
-88.1707422338155 0.0
-88.38032327073925 0.0
-88.59090302597092 0.0
-88.80248865536183 0.0
-89.01508738328945 0.0
-89.22870650347971 0.0
-89.44335337984123 0.0
-89.65903544731131 0.0
-89.87576021271452 0.0
-90.09353525563364 0.0
-90.31236822929318 0.0
-90.53226686145607 0.0
-90.75323895533316 0.0
-90.97529239050648 0.0
-91.1984351238656 0.0
-91.42267519055814 0.0
-91.6480207049544 0.0
-91.8744798616259 0.0
-92.10206093633886 0.0
-92.33077228706233 0.0
-92.5606223549913 0.0
-92.79161966558522 0.0
-93.02377282962222 0.0
-93.25709054426889 0.0
-93.49158159416646 0.0
-93.7272548525334 0.0
-93.96411928228457 0.0
-94.20218393716745 0.0
-94.44145796291592 0.0
-94.68195059842118 0.0
-94.9236711769211 0.0
-95.16662912720757 0.0
-95.41083397485245 0.0
-95.65629534345254 0.0
-95.90302295589373 0.0
-96.15102663563486 0.0
-96.40031630801143 0.0
-96.65090200155966 0.0
-96.90279384936149 0.0
-97.15600209041025 0.0
-97.41053707099817 0.0
-97.66640924612557 0.0
-97.92362918093231 0.0
-98.1822075521521 0.0
-98.44215514958961 0.0
-98.70348287762144 0.0
-98.96620175672079 0.0
-99.23032292500667 0.0
-99.49585763981803 0.0
-99.76281727931313 0.0
-100.0312133440947 0.0
-100.30105745886162 0.0
-100.57236137408711 0.0
-100.84513696772444 0.0
-101.11939624694045 0.0
-101.3951513498773 0.0
-101.67241454744327 0.0
-101.95119824513297 0.0
-102.23151498487763 0.0
-102.51337744692582 0.0
-102.79679845175559 0.0
-103.08179096201829 0.0
-103.36836808451487 0.0
-103.65654307220518 0.0
-103.94632932625105 0.0
-104.23774039809365 0.0
-104.53078999156592 0.0
-104.82549196504088 0.0
-105.12186033361607 0.0
-105.41990927133541 0.0
-105.71965311344897 0.0
-106.02110635871117 0.0
-106.3242836717186 0.0
-106.62919988528822 0.0
-106.93587000287603 0.0
-107.24430920103835 0.0
-107.5545328319352 0.0
-107.86655642587758 0.0
-108.18039569391911 0.0
-108.49606653049315 0.0
-108.81358501609598 0.0
-109.13296742001761 0.0
-109.4542302031204 0.0
-109.77739002066727 0.0
-110.10246372519988 0.0
-110.42946836946838 0.0
-110.75842120941317 0.0
-111.08933970720047 0.0
-111.42224153431225 0.0
-111.7571445746919 0.0
-112.09406692794694 0.0
-112.4330269126096 0.0
-112.77404306945706 0.0
-113.117134164892 0.0
-113.4623191943851 0.0
-113.80961738598101 0.0
-114.1590482038686 0.0
-114.51063135201724 0.0
-114.86438677788077 0.0
-115.22033467616983 0.0
-115.57849549269507 0.0
-115.9388899282819 0.0
-116.30153894275882 0.0
-116.666463759021 0.0
-117.03368586717028 0.0
-117.40322702873381 0.0
-117.77510928096292 0.0
-118.14935494121386 0.0
-118.52598661141216 0.0
-118.90502718260313 0.0
-119.28649983958935 0.0
-119.67042806565819 0.0
-120.05683564740072 0.0
-120.44574667962424 0.0
-120.83718557036075 0.0
-121.23117704597328 0.0
-121.62774615636246 0.0
-122.02691828027565 0.0
-122.42871913072109 0.0
-122.83317476048892 0.0
-123.24031156778256 0.0
-123.65015630196208 0.0
-124.06273606940273 0.0
-124.47807833947104 0.0
-124.89621095062142 0.0
-125.3171621166161 0.0
-125.74096043287116 0.0
-126.1676348829318 0.0
-126.59721484508002 0.0
-127.02973009907757 0.0
-127.46521083304766 0.0
-127.90368765049882 0.0
-128.34519157749395 0.0
-128.7897540699688 0.0
-129.23740702120264 0.0
-129.6881827694454 0.0
-130.14211410570528 0.0
-130.59923428170003 0.0
-131.05957701797672 0.0
-131.52317651220375 0.0
-131.99006744763935 0.0
-132.46028500178127 0.0
-132.93386485520202 0.0
-133.4108432005741 0.0
-133.89125675189052 0.0
-134.3751427538851 0.0
-134.86253899165763 0.0
-135.35348380050962 0.0
-135.8480160759956 0.0
-136.34617528419506 0.0
-136.84800147221196 0.0
-137.35353527890652 0.0
-137.86281794586577 0.0
-138.37589132861928 0.0
-138.89279790810608 0.0
-139.4135808023997 0.0
-139.93828377869778 0.0
-140.46695126558367 0.0
-140.99962836556693 0.0
-141.5363608679102 0.0
-142.07719526175012 0.0
-142.62217874952054 0.0
-143.17135926068542 0.0
-143.72478546579046 0.0
-144.28250679084206 0.0
-144.8445734320218 0.0
-145.41103637074696 0.0
-145.9819473890852 0.0
-146.5573590855341 0.0
-147.1373248911753 0.0
-147.72189908621374 0.0
-148.31113681691264 0.0
-148.90509411293553 0.0
-149.50382790510656 0.0
-150.10739604360114 0.0
-150.71585731657885 0.0
-151.3292714692715 0.0
-151.94769922353905 0.0
-152.57120229790723 0.0
-153.1998434281005 0.0
-153.83368638808437 0.0
-154.47279601163274 0.0
-155.1172382144347 0.0
-155.7670800167574 0.0
-156.4223895666807 0.0
-157.08323616392056 0.0
-157.74969028425963 0.0
-158.42182360460163 0.0
-159.09970902866922 0.0
-159.78342071336488 0.0
-160.47303409581357 0.0
-161.16862592110968 0.0
-161.87027427078803 0.0
-162.57805859204194 0.0
-163.29205972771186 0.0
-164.01235994706659 0.0
-164.7390429774036 0.0
-165.47219403649308 0.0
-166.2118998658918 0.0
-166.9582487651549 0.0
-167.7113306269734 0.0
-168.47123697326688 0.0
-169.23806099226218 0.0
-170.01189757658895 0.0
-170.79284336242537 0.0
-171.58099676972773 0.0
-172.37645804357908 0.0
-173.17932929669308 0.0
-173.98971455311178 0.0
-174.80771979313585 0.0
-175.6334529995276 0.0
-176.46702420503084 0.0
-177.3085455412494 0.0
-178.15813128893146 0.0
-179.0158979297063 0.0
-179.88196419932268 0.0
-180.75645114244043 0.0
-181.63948216902787 0.0
-182.53118311242022 0.0
-183.43168228909718 0.0
-184.341110560238 0.0
-185.2596013951171 0.0
-186.18729093640462 0.0
-187.1243180674383 0.0
-188.07082448153764 0.0
-189.0269547534316 0.0
-189.99285641287682 0.0
-190.96868002054438 0.0
-191.95457924625708 0.0
-192.95071094966266 0.0
-193.95723526343244 0.0
-194.97431567907708 0.0
-196.00211913547707 0.0
-197.0408161102279 0.0
-198.09058071390518 0.0
-199.15159078735942 0.0
-200.22402800215403 0.0
-201.3080779642664 0.0
-202.40393032117578 0.0
-203.51177887246848 0.0
-204.6318216840946 0.0
-205.76426120641946 0.0
-206.9093043962159 0.0
-208.0671628427532 0.0
-209.2380528981429 0.0
-210.4221958121109 0.0
-211.61981787137165 0.0
-212.83115054378936 0.0
-214.05643062751872 0.0
-215.2959004053272 0.0
-216.54980780430986 0.0
-217.81840656121855 0.0
-219.10195639363587 0.0
-220.40072317723764 0.0
-221.71497912939768 0.0
-223.04500299940008 0.0
-224.3910802655401 0.0
-225.75350333940494 0.0
-227.132571777642 0.0
-228.52859250153656 0.0
-229.94188002473717 0.0
-231.37275668948348 0.0
-232.82155291170946 0.0
-234.28860743541276 0.0
-235.7742675967026 0.0
-237.2788895979579 0.0
-238.8028387925498 0.0
-240.34648998060769 0.0
-241.9102277163304 0.0
-243.49444662737386 0.0
-245.09955174686877 0.0
-246.72595885865954 0.0
-248.37409485637937 0.0
-250.04439811701423 0.0
-251.73731888964116 0.0
-253.45331970006802 0.0
-255.1928757721345 0.0
-256.95647546648223 0.0
-258.7446207376479 0.0
-260.55782761037125 0.0
-262.39662667607627 0.0
-264.26156361051875 0.0
-266.15319971367217 0.0
-268.0721124729631 0.0
-270.01889615105307 0.0
-271.99416239941473 0.0
-273.9985408990421 0.0
-276.03268002969554 0.0
-278.0972475691849 0.0
-280.1929314242652 0.0
-282.3204403948365 0.0
-284.4805049732211 0.0
-286.6738781804162 0.0
-288.9013364413364 0.0
-291.16368050117444 0.0
-293.4617363851618 0.0
-295.7963564041367 0.0
-298.16842020850044 0.0
-300.5788358932901 0.0
-303.02854115729434 0.0
-305.5185045193097 0.0
-308.0497265948634 0.0
-310.6232414369256 0.0
-313.2401179443978 0.0
-315.90146134239586 0.0
-318.6084147386463 0.0
-321.3621607605877 0.0
-324.1639232781166 0.0
-327.01496921723833 0.0
-329.91661047027486 0.0
-332.870205908684 0.0
-335.8771635049682 0.0
-338.93894257064727 0.0
-342.0570561177551 0.0
-345.23307335190356 0.0
-348.4686223055293 0.0
-351.76539262062454 0.0
-355.12513849092636 0.0
-358.5496817743493 0.0
-362.0409152872443 0.0
-365.60080629301893 0.0
-369.2314001986097 0.0
-372.93482447341995 0.0
-376.7132928064843 0.0
-380.5691095189352 0.0
-384.50467425025863 0.0
-388.5224869383487 0.0
-392.6251531151004 0.0
-396.81538954108834 0.0
-401.0960302049624 0.0
-405.470032715376 0.0
-409.9404851157665 0.0
-414.5106131549608 0.0
-419.1837880496057 0.0
-423.963534777651 0.0
-428.8535409457904 0.0
-433.8576662777129 0.0
-438.97995277449775 0.0
-444.2246356033453 0.0
-449.59615477629944 0.0
-455.0991676866586 0.0
-460.738562577447 0.0
-466.5194730238395 0.0
-472.4472935196947 0.0
-478.52769626769646 0.0
-484.7666492829201 0.0
-491.1704359313081 0.0
-497.745676037483 0.0
-504.4993487109909 0.0
-511.438817056396 0.0
-518.571854951186 0.0
-525.906676096181 0.0
-533.4519655667139 0.0
-541.2169141193596 0.0
-549.2112555391427 0.0
-557.4453073463269 0.0
-565.9300152206995 0.0
-574.6770015455953 0.0
-583.6986185243322 0.0
-593.0080063795857 0.0
-602.6191572123172 0.0
-612.5469851729823 0.0
-622.8074036850918 0.0
-633.4174105621811 0.0
-644.3951819757363 0.0
-655.7601763668438 0.0
-667.5332495511668 0.0
-679.7367824497246 0.0
-692.3948230912476 0.0
-705.5332447817825 0.0
-719.1799226305611 0.0
-733.3649309664684 0.0
-748.1207645875255 0.0
-763.4825872689929 0.0
-779.4885115303988 0.0
-796.1799143468943 0.0
-813.6017943107228 0.0
-831.8031767337801 0.0
-850.8375743707104 0.0
-870.7635128805616 0.0
-891.6451318944858 0.0
-913.5528746928743 0.0
-936.5642821158668 0.0
-960.7649095607235 0.0
-986.2493899204222 0.0
-1013.1226702997278 0.0
-1041.501456582631 0.0
-1071.5159077809803 0.0
-1103.3116320474758 0.0
-1137.0520489296646 0.0
-1172.9211987381686 0.0
-1211.1271009772004 0.0
-1251.9057912457897 0.0
-1295.5262020905948 0.0
-1342.296101083031 0.0
-1392.5693632958835 0.0
-1446.7549416342404 0.0
-1505.3280161943262 0.0
-1568.8439662447254 0.0
-1637.956035242285 0.0
-1713.4378801843322 0.0
-1796.2126570048247 0.0
-1887.3909644670068 0.0
-1988.3209625668383 0.0
-2100.655480225992 0.0
-2226.4432335329275 0.0
-2368.2549044586044 0.0
-2529.3606802721024 0.0
-2713.985547445265 0.0
-2927.6851968503875 0.0
-3177.9147008547175 0.0
-3474.9160747663495 0.0
-3833.1548453607875 0.0
-4273.747356321836 0.0
-4828.779480519428 0.0
-5549.4928358209 0.0
-6523.088070175355 0.0
-7910.979148936197 0.0
-10049.081621621453 0.0
-13770.963703703841 0.0
-21871.53058823464 0.0
-53116.57428571715 0.0
123938.67333334986 0.0
28601.232307691236 0.0
16165.913913043682 0.0
11267.152121211917 0.0
8646.884186046547 0.0
7015.396603773712 0.0
5901.841587301594 0.0
5093.37013698636 0.0
4479.7110843373475 0.0
3998.0217204301393 0.0
3609.864271844655 0.0
3290.4072566371865 0.0
3022.8944715447087 0.0
2795.6091729323416 0.0
2600.112027972021 0.0
2430.1700653594835 0.0
2281.079877300607 0.0
2149.2255491329515 0.0
2031.7815300546383 0.0
1926.5078756476705 0.0
1831.6060098522255 0.0
1745.6151173708927 0.0
1667.3364125560604 0.0
1595.7769098712445 0.0
1530.1070781893052 0.0
1469.6285375494065 0.0
1413.7491254752886 0.0
1361.963443223442 0.0
1313.8375265017692 0.0
1268.9966552901008 0.0
1227.1155775577577 0.0
1187.910607028752 0.0
1151.1331888544903 0.0
1116.5646246246226 0.0
1084.0117201166188 0.0
1053.3031728045355 0.0
1024.2865564738295 0.0
996.8257908847208 0.0
970.7990078328982 0.0
946.0967430025463 0.0
922.6203970223322 0.0
900.2809200968537 0.0
878.9976832151295 0.0
858.6975057736731 0.0
839.3138148984192 0.0
820.785916114791 0.0
803.0583585313167 0.0
786.0803805496835 0.0
769.8054244306409 0.0
754.1907099391484 0.0
739.1968588469199 0.0
724.7875633528266 0.0
710.9292925430221 0.0
697.5910318949343 0.0
684.7440515653785 0.0
672.361699819168 0.0
660.4192184724698 0.0
648.8935776614308 0.0
637.7633276157811 0.0
627.0084654300165 0.0
616.6103150912111 0.0
606.5514192495917 0.0
596.8154414125204 0.0
587.3870774091622 0.0
578.2519751166409 0.0
569.3966615620224 0.0
560.8084766214179 0.0
552.4755126300156 0.0
544.3865592972181 0.0
536.531053391054 0.0
528.8990327169273 0.0
521.4810939691449 0.0
514.2683540802212 0.0
507.2524147339704 0.0
500.42532974427974 0.0
493.77957503320084 0.0
487.3080209698556 0.0
481.00390685640383 0.0
474.8608173690929 0.0
468.8726607818412 0.0
463.0336488169371 0.0
457.33827798277986 0.0
451.78131227217546 0.0
446.35776710684274 0.0
441.0628944246742 0.0
435.8921688159437 0.0
430.84127462340706 0.0
425.90609392898045 0.0
421.08269535673867 0.0
416.36732362821937 0.0
411.75638981173887 0.0
407.2464622124861 0.0
402.8342578548214 0.0
398.5166345123256 0.0
394.290583244963 0.0
390.15322140608646 0.0
386.1017860851506 0.0
382.13362795477946 0.0
378.2462054933876 0.0
374.4370795568986 0.0
370.7039082751745 0.0
367.04444225074064 0.0
363.4565200391006 0.0
359.9380638915781 0.0
356.4870757430488 0.0
353.10163342830026 0.0
349.7798871119472 0.0
346.52005591798707 0.0
343.32042474607556 0.0
340.1793412625801 0.0
337.09521305530404 0.0
334.06650494159936 0.0
331.09173642030305 0.0
328.16947925860546 0.0
325.29835520559953 0.0
322.47703382480483 0.0
319.7042304385213 0.0
316.97870417732304 0.0
314.29925612848706 0.0
311.6647275775356 0.0
309.07399833748974 0.0
306.52598516075835 0.0
304.0196402289453 0.0
301.55394971613936 0.0
299.1279324215608 0.0
296.7406384676778 0.0
294.39114806017426 0.0
292.07857030636313 0.0
289.80204208885425 0.0
287.5607269914928 0.0
285.35381427475056 0.0
283.1805178979438 0.0
281.04007558578985 0.0
278.9317479369844 0.0
276.8548175725986 0.0
274.808588322247 0.0
272.7923844460747 0.0
270.8055498907503 0.0
268.8474475777295 0.0
266.9174587221824 0.0
265.0149821810408 0.0
263.1394338287332 0.0
261.29024595924125 0.0
259.4668667131891 0.0
257.6687595287597 0.0
255.89540261527873 0.0
254.14628844839385 0.0
252.42092328581123 0.0
250.7188267026299 0.0
249.0395311453449 0.0
247.38258150365942 0.0
245.74753469927293 0.0
244.13395929087335 0.0
242.5414350945857 0.0
240.96955281918343 0.0
239.41791371538974 0.0
237.88612923864366 0.0
236.37382072472997 0.0
234.88061907770057 0.0
233.40616446955443 0.0
231.95010605115408 0.0
230.51210167389968 0.0
229.09181762168822 0.0
227.68892835272516 0.0
226.30311625076078 0.0
224.93407138536003 0.0
223.58149128081777 0.0
222.24508069336528 0.0
220.92455139631605 0.0
219.61962197282932 0.0
218.33001761597197 0.0
217.0554699357852 0.0
215.79571677307035 0.0
214.5505020196192 0.0
213.3195754446358 0.0
212.1026925270964 0.0
210.89961429381745 0.0
209.71010716300054 0.0
208.5339427930455 0.0
207.37089793641937 0.0
206.22075429839163 0.0
205.08329840044124 0.0
203.95832144816242 0.0
202.84561920349148 0.0
201.74499186109608 0.0
200.6562439287643 0.0
199.5791841116479 0.0
198.51362520021365 0.0
197.45938396176317 0.0
196.41628103539364 0.0
195.384140830268 0.0
194.36279142707795 0.0
193.35206448257927 0.0
192.35179513709267 0.0
191.36182192485845 0.0
190.38198668714801 0.0
189.4121344880285 0.0
188.45211353269138 0.0
187.50177508825007 0.0
186.56097340692426 0.0
185.6295656515228 0.0
184.70741182314956 0.0
183.794374691053 0.0
182.890319724545 0.0
181.99511502692127 0.0
181.1086312713103 0.0
180.23074163839075 0.0
179.3613217559093 0.0
178.50024963994247 0.0
177.6474056378404 0.0
176.80267237280083 0.0
175.9659346900142 0.0
175.13707960433354 0.0
174.31599624941396 0.0
173.50257582827814 0.0
172.69671156525786 0.0
171.89829865926956 0.0
171.1072342383802 0.0
170.32341731562073 0.0
169.5467487460101 0.0
168.77713118474807 0.0
168.0144690465432 0.0
167.2586684660369 0.0
166.50963725929248 0.0
165.76728488631298 0.0
165.0315224145584 0.0
164.30226248342905 0.0
163.5794192696877 0.0
162.86290845378883 0.0
162.15264718709116 0.0
161.44855405992195 0.0
160.75054907047127 0.0
160.05855359448995 0.0
159.37249035576514 0.0
158.6922833973539 0.0
158.01785805354868 0.0
157.3491409225561 0.0
156.68605983986515 0.0
156.0285438522871 0.0
155.37652319264518 0.0
154.72992925509783 0.0
154.08869457107335 0.0
153.45275278580274 0.0
152.8220386354295 0.0
152.1964879246828 0.0
151.57603750509588 0.0
150.9606252537556 0.0
150.3501900525678 0.0
149.74467176802256 0.0
149.14401123144813 0.0
148.5481502197363 0.0
147.9570314365301 0.0
147.37059849385653 0.0
146.78879589419665 0.0
146.21156901297678 0.0
145.63886408147283 0.0
145.07062817011314 0.0
144.50680917217258 0.0
143.94735578784358 0.0
143.39221750867722 0.0
142.84134460238195 0.0
142.2946880979717 0.0
141.75219977125434 0.0
141.21383213064948 0.0
140.6795384033296 0.0
140.1492725216736 0.0
139.62298911002634 0.0
139.10064347175458 0.0
138.5821915765934 0.0
138.06759004827327 0.0
137.55679615242326 0.0
137.04976778474014 0.0
136.54646345941978 0.0
136.04684229784118 0.0
135.55086401749912 0.0
135.05848892117695 0.0
134.56967788635544 0.0
134.0843923548504 0.0
133.60259432267338 0.0
133.12424633011105 0.0
132.64931145201572 0.0
132.17775328830433 0.0
131.70953595465818 0.0
131.24462407342043 0.0
130.7829827646852 0.0
130.32457763757452 0.0
129.8693747816975 0.0
129.41734075878875 0.0
128.9684425945196 0.0
128.5226477704805 0.0
128.07992421632798 0.0
127.64024030209407 0.0
127.20356483065348 0.0
126.76986703034437 0.0
126.33911654774043 0.0
125.91128344056891 0.0
125.48633817077291 0.0
125.06425159771274 0.0
124.64499497150523 0.0
124.22853992649516 0.0
123.8148584748585 0.0
123.40392300033189 0.0
122.9957062520675 0.0
122.59018133860862 0.0
122.1873217219849 0.0
121.78710121192275 0.0
121.38949396016977 0.0
120.99447445493009 0.0
120.60201751540707 0.0
120.21209828645333 0.0
119.8246922333226 0.0
119.43977513652429 0.0
119.05732308677554 0.0
118.67731248005109 0.0
118.29972001272668 0.0
117.92452267681576 0.0
117.55169775529559 0.0
117.18122281752287 0.0
116.81307571473452 0.0
116.44723457563421 0.0
116.0836778020606 0.0
115.72238406473703 0.0
115.36333229910025 0.0
115.00650170120632 0.0
114.65187172371266 0.0
114.2994220719336 0.0
113.94913269996938 0.0
113.60098380690498 0.0
113.25495583307952 0.0
112.91102945642271 0.0
112.56918558885863 0.0
112.22940537277391 0.0
111.89167017755042 0.0
111.5559615961596 0.0
111.22226144181874 0.0
110.89055174470627 0.0
110.56081474873626 0.0
110.2330329083902 0.0
109.9071888856045 0.0
109.58326554671386 0.0
109.26124595944755 0.0
108.94111338997952 0.0
108.62285130002921 0.0
108.30644334401401 0.0
107.99187336625036 0.0
107.67912539820448 0.0
107.36818365578978 0.0
107.0590325367118 0.0
106.75165661785816 0.0
106.44604065273404 0.0
106.14216956894094 0.0
105.84002846569885 0.0
105.53960261141076 0.0
105.24087744126805 0.0
104.94383855489701 0.0
104.64847171404448 0.0
104.35476284030314 0.0
104.06269801287434 0.0
103.77226346636898 0.0
103.48344558864459 0.0
103.19623091867889 0.0
102.91060614447827 0.0
102.62655810102127 0.0
102.3440737682356 0.0
102.06314026900907 0.0
101.78374486723246 0.0
101.50587496587497 0.0
101.22951810509124 0.0
100.95466196035842 0.0
100.68129434064448 0.0
100.40940318660546 0.0
100.1389765688123 0.0
99.8700026860059 0.0
99.60246986338069 0.0
99.336366550895 0.0
99.0716813216094 0.0
98.80840287005049 0.0
98.54652001060165 0.0
98.28602167591858 0.0
98.02689691537044 0.0
97.76913489350511 0.0
97.51272488853922 0.0
97.25765629087107 0.0
97.00391860161754 0.0
96.7515014311736 0.0
96.50039449779392 0.0
96.25058762619729 0.0
96.00207074619159 0.0
95.75483389132116 0.0
95.50886719753403 0.0
95.26416090187038 0.0
95.02070534117045 0.0
94.77849095080296 0.0
94.53750826341215 0.0
94.29774790768451 0.0
94.0592006071338 0.0
93.82185717890488 0.0
93.58570853259505 0.0
93.35074566909364 0.0
93.11695967943905 0.0
92.88434174369223 0.0
92.65288312982807 0.0
92.42257519264231 0.0
92.19340937267545 0.0
91.96537719515212 0.0
91.73847026893661 0.0
91.51268028550332 0.0
91.28799901792291 0.0
91.06441831986285 0.0
90.841930124603 0.0
90.6205264440653 0.0
90.40019936785804 0.0
90.18094106233328 0.0
89.96274376965884 0.0
89.74559980690323 0.0
89.52950156513364 0.0
89.31444150852752 0.0
89.10041217349628 0.0
88.88740616782216 0.0
88.67541616980682 0.0
88.46443492743279 0.0
88.2544552575362 0.0
88.04547004499173 0.0
87.8374722419088 0.0
87.63045486683951 0.0
87.42441100399716 0.0
87.21933380248652 0.0
87.01521647554415 0.0
86.81205229978987 0.0
86.60983461448872 0.0
86.4085568208227 0.0
86.20821238117323 0.0
86.00879481841314 0.0
85.81029771520888 0.0
85.6127147133318 0.0
85.41603951297957 0.0
85.22026587210634 0.0
85.02538760576265 0.0
84.83139858544375 0.0
84.63829273844753 0.0
84.44606404724051 0.0
84.254706548833 0.0
84.06421433416234 0.0
83.87458154748478 0.0
83.6858023857754 0.0
83.49787109813609 0.0
83.31078198521176 0.0
83.1245293986139 0.0
82.93910774035245 0.0
82.75451146227465 0.0
82.5707350655119 0.0
82.38777309993353 0.0
82.20562016360824 0.0
82.02427090227222 0.0
81.84372000880477 0.0
81.6639622227103 0.0
81.48499232960772 0.0
81.30680516072601 0.0
81.12939559240672 0.0
80.95275854561291 0.0
80.77688898544427 0.0
80.60178192065902 0.0
80.4274324032014 0.0
80.25383552773582 0.0
80.08098643118673 0.0
79.90888029228456 0.0
79.7375123311173 0.0
79.56687780868822 0.0
79.39697202647875 0.0
79.22779032601748 0.0
79.05932808845417 0.0
78.89158073413962 0.0
78.72454372221048 0.0
78.55821255017959 0.0
78.39258275353154 0.0
78.22764990532296 0.0
78.06340961578839 0.0
77.89985753195056 0.0
77.73698933723607 0.0
77.57480075109534 0.0
77.41328752862795 0.0
77.25244546021193 0.0
77.0922703711383 0.0
76.93275812124973 0.0
76.77390460458395 0.0
76.61570574902122 0.0
76.45815751593666 0.0
76.30125589985637 0.0
76.14499692811796 0.0
75.98937666053547 0.0
75.83439118906793 0.0
75.68003663749238 0.0
75.52630916108063 0.0
75.37320494628017 0.0
75.22072021039854 0.0
75.06885120129215 0.0
74.91759419705824 0.0
74.76694550573096 0.0
74.61690146498093 0.0
74.46745844181856 0.0
74.31861283230062 0.0
74.17036106124078 0.0
74.02269958192316 0.0
73.8756248758196 0.0
73.72913345231015 0.0
73.58322184840688 0.0
73.43788662848115 0.0
73.2931243839937 0.0
73.14893173322842 0.0
73.00530532102887 0.0
72.86224181853812 0.0
72.71973792294152 0.0
72.57779035721258 0.0
72.43639586986167 0.0
72.29555123468793 0.0
72.15525325053368 0.0
72.01549874104204 0.0
71.87628455441718 0.0
71.73760756318735 0.0
71.59946466397075 0.0
71.4618527772439 0.0
71.324768847113 0.0
71.1882098410875 0.0
71.0521727498567 0.0
70.91665458706848 0.0
70.781652389111 0.0
70.64716321489644 0.0
70.51318414564764 0.0
70.37971228468673 0.0
70.24674475722654 0.0
70.11427871016404 0.0
69.98231131187654 0.0
69.85083975201955 0.0
69.71986124132758 0.0
69.58937301141682 0.0
69.45937231458996 0.0
69.32985642364349 0.0
69.20082263167691 0.0
69.07226825190415 0.0
68.94419061746709 0.0
68.81658708125117 0.0
68.68945501570293 0.0
68.56279181264983 0.0
68.43659488312167 0.0
68.31086165717436 0.0
68.18558958371538 0.0
68.06077613033133 0.0
67.93641878311713 0.0
67.81251504650739 0.0
67.68906244310942 0.0
67.56605851353808 0.0
67.44350081625251 0.0
67.32138692739453 0.0
67.19971444062897 0.0
67.07848096698538 0.0
66.95768413470196 0.0
66.83732158907065 0.0
66.71739099228424 0.0
66.59789002328496 0.0
66.47881637761489 0.0
66.36016776726753 0.0
66.2419419205416 0.0
66.1241365818958 0.0
66.00674951180544 0.0
65.8897784866206 0.0
65.77322129842563 0.0
65.65707575490025 0.0
65.54133967918209 0.0
65.42601090973079 0.0
65.31108730019322 0.0
65.19656671927056 0.0
65.08244705058638 0.0
64.96872619255636 0.0
64.8554020582592 0.0
64.74247257530908 0.0
64.62993568572918 0.0
64.51778934582683 0.0
64.40603152606964 0.0
64.29466021096317 0.0
64.18367339892976 0.0
64.07306910218853 0.0
63.96284534663686 0.0
63.85300017173279 0.0
63.74353163037889 0.0
63.634437788807126 0.0
63.52571672646507 0.0
63.41736653590312 0.0
63.30938532266305 0.0
63.20177120516743 0.0
63.09452231461056 0.0
62.987636794850076 0.0
62.881112802300024 0.0
62.77494850582476 0.0
62.66914208663409 0.0
62.56369173817939 0.0
62.45859566605073 0.0
62.35385208787524 0.0
62.24945923321614 0.0
62.14541534347318 0.0
62.04171867178375 0.0
61.938367482925216 1.0
61.835360053218025 1.0
61.73269467043001 1.0
61.63036963368144 1.0
61.52838325335099 1.0
61.42673385098298 1.0
61.32541975919514 1.0
61.22443932158737 1.0
61.123790892651655 1.0
61.02347283768258 1.0
60.92348353268886 1.0
60.82382136430559 1.0
60.72448472970767 1.0
60.62547203652372 1.0
60.526781702751116 1.0
60.428412156671556 1.0
60.33036183676781 1.0
60.23262919164101 1.0
60.13521267992885 1.0
60.038110770224456 1.0
59.94132194099629 1.0
59.84484468050863 1.0
59.74867748674274 1.0
59.65281886731911 1.0
59.55726733942014 1.0
59.46202142971376 1.0
59.36707967427751 1.0
59.27244061852383 1.0
59.17810281712557 1.0
59.08406483394249 1.0
58.990325241948284 1.0
58.89688262315857 1.0
58.80373556855922 1.0
58.7108826780357 1.0
58.61832256030271 1.0
58.52605383283488 1.0
58.43407512179791 1.0
58.342385061980245 1.0
58.25098229672568 1.0
58.15986547786641 1.0
58.069033265656735 1.0
57.978484328707324 1.0
57.88821734392029 1.0
57.79823099642468 1.0
57.70852397951267 1.0
57.61909499457617 1.0
57.5299427510444 1.0
57.44106596632164 1.0
57.35246336572576 1.0
57.264133682427236 1.0
57.1760756573889 1.0
57.08828803930599 1.0
57.000769584546994 1.0
56.91351905709476 1.0
56.82653522848846 1.0
56.739816877765925 1.0
56.65336279140638 1.0
56.567171763274004 1.0
56.48124259456174 1.0
56.3955740937358 1.0
56.310165076480395 1.0
56.22501436564343 1.0
56.14012079118224 1.0
56.055483190110074 1.0
55.97110040644288 1.0
55.88697129114685 1.0
55.80309470208614 1.0
55.71946950397124 1.0
55.63609456830765 1.0
55.552968773345285 1.0
55.47009100402806 1.0
55.387460151944 1.0
55.305075115275926 1.0
55.222934798752405 1.0
55.1410381135993 1.0
55.05938397749149 1.0
54.977971314505396 1.0
54.8967990550716 1.0
54.81586613592807 1.0
54.73517150007361 1.0
54.65471409672203 1.0
54.57449288125642 1.0
54.49450681518395 1.0
54.41475486609103 1.0
54.33523600759901 1.0
54.25594921932002 1.0
54.176893486813356 1.0
54.098067801542264 1.0
54.01947116083103 1.0
53.94110256782244 1.0
53.86296103143561 1.0
53.78504556632432 1.0
53.70735519283547 1.0
53.629888936968136 1.0
53.552645830332715 1.0
53.47562491011074 1.0
53.39882521901478 1.0
53.32224580524883 1.0
53.245885722468856 1.0
53.169744029744024 1.0
53.09381979151794 1.0
53.01811207757024 1.0
52.94261996297878 1.0
52.8673425280819 1.0
52.79227885844102 1.0
52.71742804480363 1.0
52.64278918306669 1.0
52.56836137424006 1.0
52.49414372441057 1.0
52.420135344706054 1.0
52.34633535126003 1.0
52.272742865176426 1.0
52.199357012494744 1.0
52.12617692415534 1.0
52.053201735965274 1.0
51.98043058856425 1.0
51.90786262739077 1.0
51.83549700264882 1.0
51.76333286927467 1.0
51.69136938690395 1.0
51.619605719838965 1.0
51.548041037016496 1.0
51.47667451197563 1.0
51.40550532282595 1.0
51.334532652215934 1.0
51.26375568730181 1.0
51.19317361971636 1.0
51.1227856455383 1.0
51.05259096526157 1.0
50.98258878376525 1.0
50.91277831028346 1.0
50.8431587583755 1.0
50.77372934589649 1.0
50.70448929496795 1.0
50.635437831948806 1.0
50.56657418740651 1.0
50.49789759608855 1.0
50.42940729689406 1.0
50.36110253284574 1.0
50.29298255106182 1.0
50.22504660272862 1.0
50.15729394307297 1.0
50.08972383133505 1.0
50.02233553074129 1.0
49.95512830847776 1.0
49.88810143566351 1.0
49.821254187324136 1.0
49.754585842365856 1.0
49.68809568354938 1.0
49.62178299746431 1.0
49.55564707450354 1.0
49.48968720883801 1.0
49.42390269839159 1.0
49.35829284481615 1.0
49.292856953466796 1.0
49.22759433337747 1.0
49.162504297236545 1.0
49.09758616136275 1.0
49.03283924568113 1.0
48.96826287369946 1.0
48.90385637248456 1.0
48.83961907263892 1.0
48.77555030827758 1.0
48.711649417005106 1.0
48.647915739892724 1.0
48.584348621455646 1.0
48.52094740963069 1.0
48.45771145575394 1.0
48.3946401145386 1.0
48.33173274405304 1.0
48.26898870569908 1.0
48.20640736419032 1.0
48.14398808753076 1.0
48.0817302469934 1.0
48.01963321709932 1.0
47.95769637559656 1.0
47.895919103439404 1.0
47.834300784767784 1.0
47.7728408068868 1.0
47.71153856024638 1.0
47.65039343842113 1.0
47.58940483809037 1.0
47.528572159018275 1.0
47.46789480403422 1.0
47.40737217901314 1.0
47.34700369285623 1.0
47.286788757471705 1.0
47.22672678775563 1.0
47.16681720157301 1.0
47.10705941973901 1.0
47.04745286600026 1.0
46.98799696701631 1.0
46.92869115234128 1.0
46.86953485440565 1.0
46.81052750849806 1.0
46.7516685527474 1.0
46.69295742810498 1.0
46.63439357832684 1.0
46.575976449956165 1.0
46.51770549230578 1.0
46.45958015744096 1.0
46.40159990016223 1.0
46.34376417798829 1.0
46.286072451139056 1.0
46.22852418251895 1.0
46.171118837700256 1.0
46.11385588490637 1.0
46.05673479499567 1.0
45.999755041445006 1.0
45.94291610033363 1.0
45.886217450327045 1.0
45.82965857266117 1.0
45.77323895112643 1.0
45.716958072052144 1.0
45.66081542429081 1.0
45.60481049920275 1.0
45.54894279064069 1.0
45.493211794934545 1.0
45.43761701087622 1.0
45.382157939704626 1.0
45.32683408509083 1.0
45.2716449531231 1.0
45.216590052292354 1.0
45.16166889347746 1.0
45.106880989930865 1.0
45.052225857264034 1.0
44.99770301343338 1.0
44.94331197872597 1.0
44.88905227574551 1.0
44.83492342939829 1.0
44.78092496687945 1.0
44.727056417659085 1.0
44.67331731346871 1.0
44.619707188287535 1.0
44.56622557832914 1.0
44.51287202202802 1.0
44.45964606002631 1.0
44.40654723516064 1.0
44.353575092449006 1.0
44.30072917907781 1.0
44.248009044388915 1.0
44.19541423986687 1.0
44.142944319126194 1.0
44.090598837898746 1.0
44.03837735402109 1.0
43.98627942742222 1.0
43.934304620111064 1.0
43.88245249616429 1.0
43.83072262171402 1.0
43.77911456493583 1.0
43.72762789603671 1.0
43.67626218724305 1.0
43.62501701278892 1.0
43.57389194890425 1.0
43.52288657380312 1.0
43.472000467672174 1.0
43.42123321265912 1.0
43.3705843928613 1.0
43.32005359431435 1.0
43.2696404049808 1.0
43.21934441473904 1.0
43.169165215372104 1.0
43.11910240055666 1.0
43.06915556585197 1.0
43.019324308689114 1.0
42.969608228360116 1.0
42.92000692600716 1.0
42.87052000461201 1.0
42.821147068985375 1.0
42.771887725756365 1.0
42.722741583362065 1.0
42.67370825203719 1.0
42.62478734380373 1.0
42.57597847246079 1.0
42.527281253574294 1.0
42.478695304467045 1.0
42.4302202442086 1.0
42.38185569360539 1.0
42.33360127519071 1.0
42.285456613215054 1.0
42.23742133363627 1.0
42.18949506410985 1.0
42.141677433979375 1.0
42.093968074266954 1.0
42.0463666176637 1.0
41.99887269852028 1.0
41.951485952837636 1.0
41.90420601825763 1.0
41.85703253405382 1.0
41.809965141122234 1.0
41.76300348197237 1.0
41.71614720071805 1.0
41.66939594306848 1.0
41.622749356319275 1.0
41.57620708934362 1.0
41.5297687925835 1.0
41.48343411804084 1.0
41.43720271926892 1.0
41.39107425136368 1.0
41.3450483709552 1.0
41.299124736199055 1.0
41.25330300676801 1.0
41.20758284384351 1.0
41.16196391010739 1.0
41.1164458697335 1.0
41.07102838837954 1.0
41.02571113317886 1.0
40.98049377273229 1.0
40.93537597710008 1.0
40.89035741779391 1.0
40.84543776776888 1.0
40.800616701415564 1.0
40.75589389455224 1.0
40.71126902441695 1.0
40.66674176965986 1.0
40.62231181033541 1.0
40.577978827894796 1.0
40.53374250517823 1.0
40.4896025264075 1.0
40.445558577178296 1.0
40.4016103444529 1.0
40.357757516552695 1.0
40.31399978315083 1.0
40.270336835264814 1.0
40.22676836524938 1.0
40.18329406678916 1.0
40.13991363489151 1.0
40.096626765879435 1.0
40.05343315738446 1.0
40.010332508339616 1.0
39.967324518972376 1.0
39.924408890797814 1.0
39.88158532661161 1.0
39.83885353048324 1.0
39.79621320774912 1.0
39.75366406500588 1.0
39.71120581010359 1.0
39.66883815213913 1.0
39.626560801449436 1.0
39.584373469605026 1.0
39.54227586940339 1.0
39.50026771486243 1.0
39.45834872121405 1.0
39.4165186048977 1.0
39.374777083553965 1.0
39.3331238760182 1.0
39.291558702314276 1.0
39.25008128364826 1.0
39.2086913424022 1.0
39.167388602127886 1.0
39.12617278754078 1.0
39.08504362451382 1.0
39.04400084007141 1.0
39.003044162383304 1.0
38.962173320758666 1.0
38.92138804564012 1.0
38.88068806859773 1.0
38.840073122323204 1.0
38.79954294062402 1.0
38.759097258417604 1.0
38.71873581172551 1.0
38.67845833766774 1.0
38.63826457445703 1.0
38.598154261393134 1.0
38.55812713885721 1.0
38.518182948306226 1.0
38.47832143226741 1.0
38.43854233433268 1.0
38.39884539915316 1.0
38.359230372433714 1.0
38.31969700092756 1.0
38.28024503243077 1.0
38.240874215777026 1.0
38.20158430083222 1.0
38.162375038489174 1.0
38.12324618066237 1.0
38.084197480282704 1.0
38.04522869129234 1.0
38.00633956863948 1.0
37.96752986827326 1.0
37.92879934713863 1.0
37.8901477631713 1.0
37.85157487529269 1.0
37.813080443404864 1.0
37.77466422838565 1.0
37.736325992083636 1.0
37.698065497313195 1.0
37.659882507849694 1.0
37.62177678842457 1.0
37.58374810472052 1.0
37.54579622336666 1.0
37.50792091193382 1.0
37.47012193892976 1.0
37.43239907379443 1.0
37.39475208689531 1.0
37.35718074952276 1.0
37.319684833885375 1.0
37.28226411310539 1.0
37.24491836121406 1.0
37.2076473531472 1.0
37.17045086474059 1.0
37.13332867272546 1.0
37.09628055472414 1.0
37.05930628924549 1.0
37.02240565568058 1.0
36.98557843429822 1.0
36.94882440624069 1.0
36.91214335351931 1.0
36.875535059010225 1.0
36.83899930645002 1.0
36.802535880431556 1.0
36.76614456639968 1.0
36.72982515064705 1.0
36.693577420309886 1.0
36.65740116336389 1.0
36.62129616862012 1.0
36.585262225720754 1.0
36.549299125135164 1.0
36.51340665815575 1.0
36.47758461689396 1.0
36.4418327942762 1.0
36.406150984039954 1.0
36.37053898072973 1.0
36.334996579693154 1.0
36.29952357707703 1.0
36.264119769823466 1.0
36.228784955665986 1.0
36.193518933125674 1.0
36.158321501507345 1.0
36.12319246089575 1.0
36.088131612151805 1.0
36.053138756908766 1.0
36.01821369756854 1.0
35.983356237297976 1.0
35.948566180025146 1.0
35.913843330435625 1.0
35.87918749396893 1.0
35.84459847681481 1.0
35.81007608590967 1.0
35.77562012893294 1.0
35.741230414303566 1.0
35.70690675117641 1.0
35.672648949438745 1.0
35.6384568197067 1.0
35.60433017332184 1.0
35.570268822347664 1.0
35.536272579566095 1.0
35.502341258474175 1.0
35.46847467328055 1.0
35.43467263890213 1.0
35.400934970960684 1.0
35.367261485779515 1.0
35.33365200038012 1.0
35.30010633247888 1.0
35.266624300483734 1.0
35.23320572349095 1.0
35.19985042128183 1.0
35.1665582143195 1.0
35.13332892374563 1.0
35.10016237137732 1.0
35.067058379703866 1.0
35.03401677188354 1.0
35.001037371740566 1.0
34.968120003761875 1.0
34.93526449309406 1.0
34.90247066554023 1.0
34.869738347556975 1.0
34.83706736625128 1.0
34.80445754937752 1.0
34.771908725334335 1.0
34.73942072316173 1.0
34.70699337253804 1.0
34.674626503776935 1.0
34.64231994782447 1.0
34.61007353625617 1.0
34.57788710127407 1.0
34.54576047570381 1.0
34.51369349299174 1.0
34.48168598720208 1.0
34.449737793013995 1.0
34.417848745718786 1.0
34.38601868121706 1.0
34.35424743601589 1.0
34.32253484722607 1.0
34.29088075255926 1.0
34.259284990325256 1.0
34.22774739942925 1.0
34.19626781936908 1.0
34.16484609023248 1.0
34.13348205269439 1.0
34.102175548014316 1.0
34.070926418033544 1.0
34.039734505172575 1.0
34.00859965242842 1.0
33.97752170337203 1.0
33.94650050214554 1.0
33.91553589345982 1.0
33.884627722591816 1.0
33.85377583538196 1.0
33.8229800782316 1.0
33.79224029810052 1.0
33.76155634250431 1.0
33.73092805951194 1.0
33.70035529774314 1.0
33.66983790636602 1.0
33.63937573509455 1.0
33.608968634186034 1.0
33.57861645443873 1.0
33.54831904718939 1.0
33.518076264310835 1.0
33.4878879582095 1.0
33.45775398182309 1.0
33.42767418861818 1.0
33.39764843258781 1.0
33.36767656824913 1.0
33.33775845064108 1.0
33.30789393532204 1.0
33.2780828783675 1.0
33.248325136367704 1.0
33.21862056642544 1.0
33.188969026153714 1.0
33.15937037367342 1.0
33.12982446761116 1.0
33.10033116709695 1.0
33.07089033176199 1.0
33.04150182173643 1.0
33.01216549764717 1.0
32.98288122061563 1.0
32.95364885225561 1.0
32.92446825467104 1.0
32.89533929045386 1.0
32.86626182268187 1.0
32.837235714916545 1.0
32.80826083120092 1.0
32.77933703605748 1.0
32.75046419448604 1.0
32.72164217196163 1.0
32.692870834432426 1.0
32.664150048317666 1.0
32.63547968050558 1.0
32.60685959835131 1.0
32.57828966967493 1.0
32.54976976275934 1.0
32.52129974634829 1.0
32.49287948964433 1.0
32.46450886230682 1.0
32.436187734449966 1.0
32.407915976640815 1.0
32.37969345989724 1.0
32.351520055686066 1.0
32.323395635921074 1.0
32.295320072961005 1.0
32.267293239607746 1.0
32.23931500910431 1.0
32.21138525513299 1.0
32.183503851813384 1.0
32.1556706737006 1.0
32.12788559578329 1.0
32.10014849348183 1.0
32.07245924264643 1.0
32.04481771955529 1.0
32.01722380091277 1.0
31.989677363847548 1.0
31.962178285910774 1.0
31.934726445074293 1.0
31.90732171972883 1.0
31.87996398868216 1.0
31.85265313115737 1.0
31.82538902679106 1.0
31.798171555631583 1.0
31.771000598137235 1.0
31.743876035174594 1.0
31.716797748016717 1.0
31.689765618341436 1.0
31.662779528229585 1.0
31.635839360163367 1.0
31.60894499702457 1.0
31.58209632209293 1.0
31.555293219044387 1.0
31.52853557194946 1.0
31.501823265271547 1.0
31.475156183865234 1.0
31.448534212974714 1.0
31.421957238232064 1.0
31.39542514565567 1.0
31.36893782164853 1.0
31.34249515299671 1.0
31.31609702686768 1.0
31.289743330808726 1.0
31.263433952745316 1.0
31.237168780979587 1.0
31.2109477041887 1.0
31.184770611423303 1.0
31.158637392105927 1.0
31.132547936029475 1.0
31.10650213335565 1.0
31.080499874613395 1.0
31.054541050697406 1.0
31.02862555286656 1.0
31.00275327274244 1.0
30.97692410230776 1.0
30.95113793390494 1.0
30.92539466023455 1.0
30.899694174353865 1.0
30.874036369675334 1.0
30.848421139965154 1.0
30.822848379341785 1.0
30.797317982274503 1.0
30.771829843581894 1.0
30.746383858430498 1.0
30.720979922333314 1.0
30.695617931148355 1.0
30.67029778107729 1.0
30.645019368663977 1.0
30.619782590793058 1.0
30.59458734468856 1.0
30.569433527912523 1.0
30.544321038363588 1.0
30.519249774275632 1.0
30.494219634216357 1.0
30.469230517085965 1.0
30.44428232211578 1.0
30.419374948866896 1.0
30.39450829722881 1.0
30.369682267418113 1.0
30.344896759977154 1.0
30.320151675772657 1.0
30.29544691599446 1.0
30.270782382154195 1.0
30.246157976083957 1.0
30.221573599934977 1.0
30.1970291561764 1.0
30.17252454759393 1.0
30.148059677288582 1.0
30.123634448675364 1.0
30.09924876548207 1.0
30.074902531747956 1.0
30.05059565182252 1.0
30.026328030364212 1.0
30.002099572339226 1.0
29.977910183020242 1.0
29.95375976798518 1.0
29.929648233115994 1.0
29.905575484597442 1.0
29.88154142891586 1.0
29.85754597285795 1.0
29.83358902350959 1.0
29.80967048825463 1.0
29.785790274773696 1.0
29.761948291042987 1.0
29.73814444533312 1.0
29.714378646207944 1.0
29.69065080252336 1.0
29.66696082342616 1.0
29.643308618352865 1.0
29.619694097028603 1.0
29.596117169465895 1.0
29.572577745963578 1.0
29.549075737105618 1.0
29.52561105376003 1.0
29.502183607077683 1.0
29.47879330849124 1.0
29.45544006971401 1.0
29.432123802738865 1.0
29.408844419837067 1.0
29.38560183355726 1.0
29.362395956724313 1.0
29.339226702438257 1.0
29.31609398407317 1.0
29.29299771527614 1.0
29.26993780996616 1.0
29.24691418233305 1.0
29.22392674683644 1.0
29.200975418204663 1.0
29.178060111433734 1.0
29.155180741786246 1.0
29.13233722479041 1.0
29.10952947623894 1.0
29.086757412188067 1.0
29.064020948956465 1.0
29.041320003124266 1.0
29.018654491532036 1.0
28.996024331279738 1.0
28.97342943972571 1.0
28.950869734485714 1.0
28.92834513343189 1.0
28.905855554691755 1.0
28.883400916647247 1.0
28.860981137933713 1.0
28.838596137438927 1.0
28.816245834302105 1.0
28.793930147912956 1.0
28.7716489979107 1.0
28.7494023041831 1.0
28.727189986865486 1.0
28.705011966339846 1.0
28.68286816323382 1.0
28.6607584984198 1.0
28.638682893013943 1.0
28.61664126837528 1.0
28.59463354610475 1.0
28.57265964804427 1.0
28.55071949627582 1.0
28.52881301312054 1.0
28.50694012113778 1.0
28.48510074312419 1.0
28.463294802112838 1.0
28.441522221372296 1.0
28.419782924405723 1.0
28.398076834949975 1.0
28.376403876974738 1.0
28.35476397468161 1.0
28.333157052503243 1.0
28.31158303510242 1.0
28.290041847371224 1.0
28.268533414430173 1.0
28.24705766162729 1.0
28.225614514537313 1.0
28.20420389896078 1.0
28.18282574092322 1.0
28.161479966674246 1.0
28.14016650268675 1.0
28.118885275656055 1.0
28.097636212499058 1.0
28.076419240353395 1.0
28.055234286576624 1.0
28.034081278745383 1.0
28.012960144654567 1.0
27.9918708123165 1.0
27.97081320996013 1.0
27.949787266030224 1.0
27.928792909186512 1.0
27.90783006830294 1.0
27.886898672466813 1.0
27.865998650978046 1.0
27.845129933348314 1.0
27.82429244930031 1.0
27.803486128766917 1.0
27.78271090189046 1.0
27.76196669902188 1.0
27.741253450719988 1.0
27.720571087750688 1.0
27.6999195410862 1.0
27.679298741904265 1.0
27.658708621587444 1.0
27.6381491117223 1.0
27.617620144098645 1.0
27.59712165070883 1.0
27.57665356374694 1.0
27.5562158156081 1.0
27.535808338887655 1.0
27.515431066380525 1.0
27.495083931080384 1.0
27.474766866178975 1.0
27.45447980506535 1.0
27.434222681325167 1.0
27.413995428739952 1.0
27.393797981286383 1.0
27.37363027313554 1.0
27.353492238652247 1.0
27.33338381239433 1.0
27.313304929111883 1.0
27.293255523746605 1.0
27.273235531431084 1.0
27.253244887488094 1.0
27.233283527429872 1.0
27.213351386957477 1.0
27.193448401960065 1.0
27.173574508514218 1.0
27.153729642883228 1.0
27.13391374151646 1.0
27.11412674104864 1.0
27.09436857829921 1.0
27.07463919027161 1.0
27.05493851415266 1.0
27.035266487311862 1.0
27.01562304730074 1.0
26.99600813185218 1.0
26.97642167887978 1.0
26.956863626477205 1.0
26.937333912917484 1.0
26.91783247665243 1.0
26.898359256311945 1.0
26.878914190703394 1.0
26.859497218810954 1.0
26.84010827979499 1.0
26.820747312991415 1.0
26.801414257911052 1.0
26.782109054238997 1.0
26.76283164183402 1.0
26.743581960727905 1.0
26.72435995112485 1.0
26.70516555340085 1.0
26.685998708103064 1.0
26.666859355949224 1.0
26.647747437826993 1.0
26.628662894793386 1.0
26.609605668074142 1.0
26.59057569906315 1.0
26.571572929321807 1.0
26.552597300578448 1.0
26.533648754727754 1.0
26.51472723383014 1.0
26.495832680111167 1.0
26.476965035960976 1.0
26.458124243933685 1.0
26.439310246746786 1.0
26.42052298728061 1.0
26.401762408577717 1.0
26.38302845384234 1.0
26.364321066439768 1.0
26.345640189895843 1.0
26.32698576789634 1.0
26.308357744286425 1.0
26.289756063070072 1.0
26.271180668409524 1.0
26.252631504624727 1.0
26.234108516192766 1.0
26.215611647747306 1.0
26.197140844078067 1.0
26.17869605013026 1.0
26.160277211004015 1.0
26.14188427195388 1.0
26.12351717838825 1.0
26.105175875868852 1.0
26.086860310110154 1.0
26.068570426978898 1.0
26.05030617249352 1.0
26.032067492823643 1.0
26.013854334289515 1.0
25.99566664336153 1.0
25.977504366659677 1.0
25.959367450953014 1.0
25.941255843159148 1.0
25.923169490343724 1.0
25.905108339719924 1.0
25.88707233864792 1.0
25.869061434634386 1.0
25.851075575331986 1.0
25.83311470853888 1.0
25.815178782198156 1.0
25.79726774439742 1.0
25.77938154336823 1.0
25.76152012748563 1.0
25.743683445267607 1.0
25.725871445374665 1.0
25.70808407660928 1.0
25.69032128791543 1.0
25.6725830283781 1.0
25.6548692472228 1.0
25.637179893815077 1.0
25.61951491766003 1.0
25.601874268401847 1.0
25.5842578958233 1.0
25.566665749845292 1.0
25.549097780526353 1.0
25.531553938062213 1.0
25.514034172785287 1.0
25.496538435164236 1.0
25.47906667580347 1.0
25.461618845442718 1.0
25.444194894956546 1.0
25.426794775353898 1.0
25.409418437777628 1.0
25.392065833504066 1.0
25.37473691394254 1.0
25.357431630634935 1.0
25.340149935255234 1.0
25.322891779609073 1.0
25.3056571156333 1.0
25.2884458953955 1.0
25.271258071093595 1.0
25.254093595055355 1.0
25.236952419738007 1.0
25.21983449772774 1.0
25.202739781739307 1.0
25.185668224615593 1.0
25.168619779327155 1.0
25.151594398971795 1.0
25.13459203677415 1.0
25.117612646085256 1.0
25.1006561803821 1.0
25.083722593267222 1.0
25.066811838468283 1.0
25.049923869837638 1.0
25.033058641351918 1.0
25.01621610711162 1.0
24.99939622134068 1.0
24.98259893838608 1.0
24.965824212717386 1.0
24.949071998926392 1.0
24.93234225172668 1.0
24.91563492595323 1.0
24.89894997656198 1.0
24.88228735862946 1.0
24.865647027352374 1.0
24.849028938047187 1.0
24.83243304614974 1.0
24.815859307214843 1.0
24.799307676915898 1.0
24.78277811104446 0.0
24.766270565509892 0.0
24.74978499633895 0.0
24.733321359675386 0.0
24.716879611779564 0.0
24.700459709028102 0.0
24.684061607913424 0.0
24.667685265043456 0.0
24.651330637141157 0.0
24.63499768104419 0.0
24.618686353704565 0.0
24.602396612188187 0.0
24.586128413674533 0.0
24.56988171545629 0.0
24.553656474938922 0.0
24.537452649640336 0.0
24.521270197190535 0.0
24.505109075331177 0.0
24.4889692419153 0.0
24.472850654906868 0.0
24.45675327238045 0.0
24.440677052520872 0.0
24.424621953622815 0.0
24.40858793409046 0.0
24.392574952437187 0.0
24.37658296728513 0.0
24.36061193736487 0.0
24.344661821515096 0.0
24.328732578682192 0.0
24.312824167919963 0.0
24.29693654838921 0.0
24.281069679357408 0.0
24.265223520198397 0.0
24.249398030391973 0.0
24.233593169523562 0.0
24.217808897283923 0.0
24.202045173468722 0.0
24.186301957978277 0.0
24.17057921081714 0.0
24.154876892093807 0.0
24.139194962020387 0.0
24.123533380912225 0.0
24.107892109187574 0.0
24.09227110736733 0.0
24.076670336074603 0.0
24.061089756034427 0.0
24.045529328073467 0.0
24.02998901311962 0.0
24.014468772201766 0.0
23.99896856644937 0.0
23.983488357092178 0.0
23.96802810545994 0.0
23.952587772982035 0.0
23.93716732118715 0.0
23.92176671170302 0.0
23.906385906256034 0.0
23.89102486667095 0.0
23.875683554870612 0.0
23.860361932875566 0.0
23.845059962803823 0.0
23.829777606870476 0.0
23.814514827387434 0.0
23.799271586763112 0.0
23.784047847502087 0.0
23.768843572204823 0.0
23.753658723567373 0.0
23.738493264381024 0.0
23.72334715753206 0.0
23.708220366001406 0.0
23.69311285286433 0.0
23.6780245812902 0.0
23.6629555145421 0.0
23.64790561597659 0.0
23.63287484904341 0.0
23.61786317728515 0.0
23.602870564336953 0.0
23.587896973926288 0.0
23.572942369872564 0.0
23.55800671608693 0.0
23.543089976571903 0.0
23.52819211542112 0.0
23.513313096819076 0.0
23.49845288504077 0.0
23.48361144445146 0.0
23.468788739506408 0.0
23.453984734750524 0.0
23.439199394818132 0.0
23.42443268443269 0.0
23.409684568406472 0.0
23.39495501164035 0.0
23.380243979123442 0.0
23.365551435932883 0.0
23.350877347233563 0.0
23.336221678277795 0.0
23.32158439440507 0.0
23.306965461041813 0.0
23.292364843701055 0.0
23.27778250798222 0.0
23.263218419570794 0.0
23.248672544238104 0.0
23.234144847841034 0.0
23.219635296321744 0.0
23.20514385570742 0.0
23.190670492110026 0.0
23.176215171725993 0.0
23.16177786083598 0.0
23.14735852580465 0.0
23.132957133080318 0.0
23.1185736491948 0.0
23.10420804076307 0.0
23.089860274483012 0.0
23.075530317135236 0.0
23.061218135582717 0.0
23.046923696770595 0.0
23.032646967725952 0.0
23.01838791555749 0.0
23.0041465074553 0.0
22.98992271069066 0.0
22.975716492615707 0.0
22.96152782066325 0.0
22.947356662346483 0.0
22.933202985258742 0.0
22.919066757073292 0.0
22.904947945543032 0.0
22.89084651850028 0.0
22.876762443856524 0.0
22.862695689602162 0.0
22.848646223806305 0.0
22.834614014616477 0.0
22.820599030258393 0.0
22.80660123903576 0.0
22.792620609329987 0.0
22.778657109599948 0.0
22.764710708381806 0.0
22.750781374288692 0.0
22.736869076010517 0.0
22.72297378231376 0.0
22.709095462041166 0.0
22.695234084111583 0.0
22.681389617519677 0.0
22.66756203133573 0.0
22.65375129470542 0.0
22.639957376849544 0.0
22.626180247063836 0.0
22.61241987471873 0.0
22.598676229259105 0.0
22.584949280204093 0.0
22.57123899714685 0.0
22.55754534975429 0.0
22.543868307766935 0.0
22.530207840998614 0.0
22.51656391933628 0.0
22.502936512739822 0.0
22.489325591241766 0.0
22.475731124947107 0.0
22.46215308403311 0.0
22.448591438749016 0.0
22.43504615941592 0.0
22.421517216426462 0.0
22.40800458024468 0.0
22.39450822140577 0.0
22.381028110515864 0.0
22.36756421825182 0.0
22.354116515361035 0.0
22.340684972661187 0.0
22.327269561040055 0.0
22.313870251455324 0.0
22.300487014934323 0.0
22.287119822573878 0.0
22.273768645540052 0.0
22.26043345506795 0.0
22.24711422246156 0.0
22.233810919093468 0.0
22.220523516404707 0.0
22.207251985904563 0.0
22.193996299170298 0.0
22.180756427847047 0.0
22.167532343647533 0.0
22.154324018351904 0.0
22.14113142380754 0.0
22.127954531928825 0.0
22.11479331469696 0.0
22.101647744159784 0.0
22.08851779243154 0.0
22.07540343169269 0.0
22.06230463418976 0.0
22.049221372235067 0.0
22.036153618206605 0.0
22.023101344547776 0.0
22.01006452376724 0.0
21.99704312843874 0.0
21.984037131200857 0.0
21.97104650475684 0.0
21.958071221874448 0.0
21.94511125538571 0.0
21.932166578186752 0.0
21.919237163237636 0.0
21.906322983562124 0.0
21.89342401224754 0.0
21.880540222444537 0.0
21.867671587366935 0.0
21.854818080291544 0.0
21.841979674557958 0.0
21.829156343568368 0.0
21.816348060787423 0.0
21.803554799741978 0.0
21.79077653402098 0.0
21.778013237275232 0.0
21.76526488321723 0.0
21.752531445621013 0.0
21.739812898321933 0.0
21.727109215216498 0.0
21.714420370262225 0.0
21.70174633747739 0.0
21.68908709094091 0.0
21.676442604792168 0.0
21.663812853230784 0.0
21.65119781051651 0.0
21.638597450968984 0.0
21.626011748967603 0.0
21.613440678951346 0.0
21.60088421541858 0.0
21.5883423329269 0.0
21.575815006092963 0.0
21.5633022095923 0.0
21.55080391815916 0.0
21.538320106586344 0.0
21.525850749725002 0.0
21.513395822484526 0.0
21.500955299832306 0.0
21.488529156793618 0.0
21.476117368451455 0.0
21.463719909946317 0.0
21.451336756476085 0.0
21.438967883295856 0.0
21.42661326571774 0.0
21.41427287911075 0.0
21.4019466989006 0.0
21.389634700569523 0.0
21.377336859656186 0.0
21.36505315175545 0.0
21.352783552518233 0.0
21.34052803765138 0.0
21.32828658291746 0.0
21.31605916413461 0.0
21.30384575717642 0.0
21.29164633797171 0.0
21.279460882504434 0.0
21.26728936681348 0.0
21.255131766992513 0.0
21.242988059189855 0.0
21.230858219608297 0.0
21.218742224504936 0.0
21.206640050191073 0.0
21.194551673031985 0.0
21.18247706944682 0.0
21.170416215908446 0.0
21.158369088943264 0.0
21.146335665131094 0.0
21.13431592110499 0.0
21.122309833551096 0.0
21.11031737920854 0.0
21.09833853486921 0.0
21.086373277377646 0.0
21.074421583630905 0.0
21.06248343057837 0.0
21.05055879522165 0.0
21.038647654614387 0.0
21.026749985862125 0.0
21.014865766122195 0.0
21.002994972603517 0.0
20.991137582566473 0.0
20.979293573322803 0.0
20.967462922235384 0.0
20.955645606718143 0.0
20.94384160423591 0.0
20.932050892304225 0.0
20.920273448489283 0.0
20.908509250407697 0.0
20.89675827572641 0.0
20.885020502162558 0.0
20.873295907483303 0.0
20.861584469505694 0.0
20.849886166096564 0.0
20.83820097517234 0.0
20.82652887469893 0.0
20.8148698426916 0.0
20.803223857214793 0.0
20.79159089638204 0.0
20.77997093835579 0.0
20.76836396134726 0.0
20.75676994361637 0.0
20.745188863471522 0.0
20.7336206992695 0.0
20.722065429415373 0.0
20.710523032362275 0.0
20.698993486611368 0.0
20.687476770711626 0.0
20.67597286325974 0.0
20.664481742900016 0.0
20.653003388324173 0.0
20.64153777827125 0.0
20.630084891527495 0.0
20.618644706926197 0.0
20.60721720334756 0.0
20.595802359718608 0.0
20.584400155013007 0.0
20.573010568250982 0.0
20.561633578499144 0.0
20.55026916487039 0.0
20.538917306523782 0.0
20.527577982664386 0.0
20.51625117254318 0.0
20.504936855456904 0.0
20.493635010747955 0.0
20.48234561780422 0.0
20.471068656059025 0.0
20.45980410499092 0.0
20.448551944123633 0.0
20.437312153025893 0.0
20.426084711311322 0.0
20.414869598638337 0.0
20.403666794709984 0.0
20.392476279273843 0.0
20.38129803212191 0.0
20.37013203309045 0.0
20.358978262059903 0.0
20.347836698954747 0.0
20.33670732374337 0.0
20.325590116437983 0.0
20.31448505709447 0.0
20.303392125812262 0.0
20.29231130273427 0.0
20.281242568046697 0.0
20.270185901978955 0.0
20.259141284803576 0.0
20.248108696836024 0.0
20.237088118434663 0.0
20.22607953000055 0.0
20.215082911977383 0.0
20.204098244851384 0.0
20.193125509151148 0.0
20.18216468544754 0.0
20.171215754353607 0.0
20.160278696524433 0.0
20.14935349265702 0.0
20.138440123490227 0.0
20.127538569804578 0.0
20.116648812422227 0.0
20.105770832206783 0.0
20.094904610063235 0.0
20.084050126937832 0.0
20.07320736381796 0.0
20.062376301732048 0.0
20.05155692174945 0.0
20.040749204980326 0.0
20.029953132575553 0.0
20.019168685726594 0.0
20.00839584566539 0.0
19.997634593664284 0.0
19.986884911035858 0.0
19.97614677913286 0.0
19.96542017934812 0.0
19.954705093114374 0.0
19.9440015019042 0.0
19.93330938722994 0.0
19.922628730643517 0.0
19.911959513736413 0.0
19.90130171813949 0.0
19.89065532552292 0.0
19.88002031759611 0.0
19.869396676107524 0.0
19.85878438284463 0.0
19.848183419633802 0.0
19.837593768340184 0.0
19.827015410867595 0.0
19.816448329158455 0.0
19.80589250519363 0.0
19.795347920992388 0.0
19.784814558612254 0.0
19.774292400148912 0.0
19.76378142773614 0.0
19.753281623545668 0.0
19.742792969787075 0.0
19.732315448707745 0.0
19.721849042592687 0.0
19.711393733764513 0.0
19.700949504583267 0.0
19.69051633744638 0.0
19.68009421478855 0.0
19.669683119081633 0.0
19.65928303283456 0.0
19.648893938593247 0.0
19.63851581894048 0.0
19.628148656495803 0.0
19.617792433915476 0.0
19.607447133892315 0.0
19.59711273915564 0.0
19.586789232471162 0.0
19.576476596640866 0.0
19.566174814502975 0.0
19.55588386893179 0.0
19.545603742837617 0.0
19.535334419166713 0.0
19.525075880901124 0.0
19.514828111058627 0.0
19.504591092692653 0.0
19.49436480889215 0.0
19.484149242781534 0.0
19.47394437752056 0.0
19.463750196304243 0.0
19.45356668236279 0.0
19.44339381896146 0.0
19.433231589400513 0.0
19.4230799770151 0.0
19.41293896517517 0.0
19.402808537285395 0.0
19.392688676785067 0.0
19.382579367147994 0.0
19.372480591882457 0.0
19.362392334531066 0.0
19.35231457867069 0.0
19.342247307912398 0.0
19.33219050590132 0.0
19.322144156316583 0.0
19.312108242871243 0.0
19.302082749312152 0.0
19.292067659419917 0.0
19.28206295700877 0.0
19.2720686259265 0.0
19.262084650054398 0.0
19.252111013307104 0.0
19.24214769963256 0.0
19.23219469301195 0.0
19.22225197745955 0.0
19.212319537022683 0.0
19.202397355781645 0.0
19.192485417849586 0.0
19.18258370737244 0.0
19.172692208528854 0.0
19.162810905530073 0.0
19.152939782619896 0.0
19.143078824074554 0.0
19.133228014202643 0.0
19.12338733734506 0.0
19.113556777874877 0.0
19.103736320197296 0.0
19.093925948749554 0.0
19.084125648000818 0.0
19.074335402452164 0.0
19.06455519663642 0.0
19.054785015118128 0.0
19.045024842493472 0.0
19.035274663390165 0.0
19.02553446246738 0.0
19.015804224415692 0.0
19.00608393395696 0.0
18.996373575844277 0.0
18.986673134861874 0.0
18.97698259582504 0.0
18.967301943580065 0.0
18.957631163004134 0.0
18.947970239005247 0.0
18.938319156522187 0.0
18.928677900524367 0.0
18.919046456011806 0.0
18.909424808015057 0.0
18.89981294159508 0.0
18.890210841843217 0.0
18.880618493881077 0.0
18.871035882860475 0.0
18.861462993963375 0.0
18.85189981240177 0.0
18.842346323417623 0.0
18.832802512282836 0.0
18.823268364299093 0.0
18.813743864797857 0.0
18.804228999140246 0.0
18.79472375271698 0.0
18.785228110948317 0.0
18.77574205928395 0.0
18.766265583202948 0.0
18.756798668213694 0.0
18.747341299853783 0.0
18.737893463689964 0.0
18.72845514531809 0.0
18.719026330362983 0.0
18.70960700447844 0.0
18.700197153347084 0.0
18.69079676268034 0.0
18.681405818218362 0.0
18.67202430572993 0.0
18.662652211012396 0.0
18.65328951989164 0.0
18.64393621822194 0.0
18.634592291885934 0.0
18.625257726794572 0.0
18.615932508886996 0.0
18.60661662413051 0.0
18.597310058520485 0.0
18.58801279808029 0.0
18.578724828861244 0.0
18.56944613694252 0.0
18.56017670843109 0.0
18.55091652946166 0.0
18.54166558619658 0.0
18.532423864825798 0.0
18.523191351566783 0.0
18.51396803266444 0.0
18.504753894391083 0.0
18.495548923046314 0.0
18.48635310495699 0.0
18.477166426477165 0.0
18.467988873987984 0.0
18.458820433897632 0.0
18.449661092641296 0.0
18.44051083668105 0.0
18.431369652505825 0.0
18.422237526631328 0.0
18.41311444559996 0.0
18.404000395980795 0.0
18.394895364369468 0.0
18.38579933738812 0.0
18.376712301685366 0.0
18.367634243936177 0.0
18.358565150841848 0.0
18.349505009129945 0.0
18.340453805554183 0.0
18.331411526894446 0.0
18.32237815995664 0.0
18.313353691572672 0.0
18.304338108600405 0.0
18.295331397923537 0.0
18.28633354645158 0.0
18.277344541119795 0.0
18.268364368889106 0.0
18.25939301674606 0.0
18.250430471702746 0.0
18.241476720796744 0.0
18.232531751091063 0.0
18.223595549674073 0.0
18.214668103659434 0.0
18.20574940018607 0.0
18.19683942641805 0.0
18.187938169544587 0.0
18.179045616779938 0.0
18.17016175536334 0.0
18.16128657255898 0.0
18.152420055655913 0.0
18.143562191967987 0.0
18.134712968833828 0.0
18.125872373616737 0.0
18.117040393704624 0.0
18.10821701651001 0.0
18.0994022294699 0.0
18.090596020045737 0.0
18.081798375723388 0.0
18.073009284013025 0.0
18.06422873244911 0.0
18.0554567085903 0.0
18.046693200019412 0.0
18.037938194343376 0.0
18.029191679193136 0.0
18.020453642223625 0.0
18.011724071113697 0.0
18.003002953566067 0.0
17.994290277307265 0.0
17.985586030087557 0.0
17.976890199680895 0.0
17.96820277388489 0.0
17.9595237405207 0.0
17.95085308743301 0.0
17.94219080248999 0.0
17.93353687358318 0.0
17.92489128862749 0.0
17.916254035561124 0.0
17.90762510234552 0.0
17.899004476965292 0.0
17.89039214742819 0.0
17.881788101765018 0.0
17.873192328029614 0.0
17.864604814298758 0.0
17.85602554867214 0.0
17.84745451927231 0.0
17.838891714244593 0.0
17.83033712175706 0.0
17.82179073000048 0.0
17.81325252718823 0.0
17.80472250155629 0.0
17.79620064136314 0.0
17.78768693488973 0.0
17.779181370439442 0.0
17.770683936338006 0.0
17.762194620933453 0.0
17.753713412596095 0.0
17.745240299718414 0.0
17.736775270715068 0.0
17.728318314022793 0.0
17.719869418100366 0.0
17.71142857142857 0.0
