2931.614000 2.13665e-05
2932.000000 2.6009e-05
2932.132000 2.75968e-05
2932.649000 3.38144e-05
2933.000000 3.80386e-05
2933.167000 4.00487e-05
2933.684000 4.62732e-05
2934.000000 5.00768e-05
2934.202000 5.25085e-05
2934.720000 5.87487e-05
2935.000000 6.21225e-05
2935.238000 6.49908e-05
2935.756000 7.12349e-05
2936.000000 7.41755e-05
2936.274000 7.7478e-05
2936.792000 8.37258e-05
2937.000000 8.62351e-05
2937.310000 8.9976e-05
2937.828000 9.62256e-05
2938.000000 9.83021e-05
2938.347000 0.000102491
2938.865000 0.000108747
2939.000000 0.000110377
2939.384000 0.000115016
2939.903000 0.000121288
2940.000000 0.00012246
2940.422000 0.000127562
2940.940000 0.000133823
2941.000000 0.000134549
2941.459000 0.000140101
2941.979000 0.000146392
2942.000000 0.000146646
2942.498000 0.000152674
2943.000000 0.000158753
2943.017000 0.000158959
2943.536000 0.000165242
2944.000000 0.000170863
2944.056000 0.000171542
2944.575000 0.000177831
2945.000000 0.000182983
2945.095000 0.000184135
2945.615000 0.000190441
2946.000000 0.00019511
2946.135000 0.000196748
2946.654000 0.000203046
2947.000000 0.000207246
2947.174000 0.000209358
2947.694000 0.000215671
2948.000000 0.000219387
2948.215000 0.000221999
2948.735000 0.000228317
2949.000000 0.000231536
2949.255000 0.000234634
2949.776000 0.000240968
2950.000000 0.000254683
2950.296000 0.000272812
2950.817000 0.000324097
2951.000000 0.000342115
2951.337000 0.000375304
2951.858000 0.000426626
2952.000000 0.000440617
2952.379000 0.000477965
2952.900000 0.000529322
2953.000000 0.000539181
2953.421000 0.000580697
2953.943000 0.000632211
2954.000000 0.000637835
2954.464000 0.00068362
2954.985000 0.000735047
2955.000000 0.000736528
2955.507000 0.00078659
2956.000000 0.000835288
2956.028000 0.000838054
2956.550000 0.000889632
2957.000000 0.000934111
2957.072000 0.000941229
2957.594000 0.000992847
2958.000000 0.00103301
2958.115000 0.00104439
2958.637000 0.00109603
2959.000000 0.00113196
2959.159000 0.0011477
2959.682000 0.00119949
2960.000000 0.00126057
2960.204000 0.00129975
2960.726000 0.00147559
2961.000000 0.0015679
2961.249000 0.00165182
2961.771000 0.00182777
2962.000000 0.00190498
2962.294000 0.00200412
2962.817000 0.00218051
2963.000000 0.00224228
2963.340000 0.00235705
2963.863000 0.00253356
2964.000000 0.00257981
2964.386000 0.00271013
2964.909000 0.00288675
2965.000000 0.00291749
2965.432000 0.00306343
2965.955000 0.00324025
2966.000000 0.00325546
2966.479000 0.00341737
2967.000000 0.00359354
2967.002000 0.00359421
2967.526000 0.00377145
2968.000000 0.0039319
2968.049000 0.00394849
2968.573000 0.00412584
2969.000000 0.00427039
2969.097000 0.00430323
2969.621000 0.00448077
2970.000000 0.0045803
2970.145000 0.00461843
2970.669000 0.00465199
2971.000000 0.00467321
2971.194000 0.00468564
2971.718000 0.00471923
2972.000000 0.00473731
2972.242000 0.00475283
2972.767000 0.00478651
2973.000000 0.00480146
2973.291000 0.00482014
2973.816000 0.00485386
2974.000000 0.00486568
2974.341000 0.00488759
2974.866000 0.0049213
2975.000000 0.00492992
2975.391000 0.00495508
2975.916000 0.00498885
2976.000000 0.00499426
2976.441000 0.00502262
2976.966000 0.0050564
2977.000000 0.00505859
2977.491000 0.0050902
2978.000000 0.00512299
2978.017000 0.00512409
2978.542000 0.0051579
2979.000000 0.00518743
2979.068000 0.00519181
2979.594000 0.00522571
2980.000000 0.00530219
2980.120000 0.00532474
2980.646000 0.00564367
2981.000000 0.00585846
2981.172000 0.00596285
2981.698000 0.00628198
2982.000000 0.00646533
2982.224000 0.00660134
2982.750000 0.00692064
2983.000000 0.00707243
2983.276000 0.00724004
2983.803000 0.00756027
2984.000000 0.00768001
2984.329000 0.00787999
2984.856000 0.00820024
2985.000000 0.0082878
2985.383000 0.00852073
2985.910000 0.00884115
2986.000000 0.00889591
2986.437000 0.00916182
2986.963000 0.00948183
2987.000000 0.00950435
2987.491000 0.00980328
2988.000000 0.0101133
2988.018000 0.0101242
2988.545000 0.0104451
2989.000000 0.0107223
2989.073000 0.0107668
2989.600000 0.011088
2990.000000 0.0113447
2990.128000 0.011427
2990.655000 0.0118195
2991.000000 0.0120766
2991.183000 0.0122129
2991.711000 0.0126063
2992.000000 0.0128217
2992.239000 0.013
2992.767000 0.0133938
2993.000000 0.0135676
2993.295000 0.0137876
2993.823000 0.0141817
2994.000000 0.0143138
2994.352000 0.0145767
2994.880000 0.0149709
2995.000000 0.0150605
2995.408000 0.0153655
2995.937000 0.0157609
2996.000000 0.015808
2996.466000 0.0161565
2996.994000 0.0165513
2997.000000 0.0165558
2997.523000 0.0169471
2998.000000 0.0173042
2998.052000 0.0173431
2998.582000 0.01774
2999.000000 0.0180531
2999.111000 0.0181363
2999.640000 0.0185326
3000.000000 0.0186919
3000.169000 0.0187669
3000.699000 0.0186553
3001.000000 0.0185919
3001.228000 0.0185438
3001.758000 0.018432
3002.000000 0.018381
3002.288000 0.0183202
3002.817000 0.0182086
3003.000000 0.01817
3003.347000 0.0180967
3003.877000 0.0179847
3004.000000 0.0179587
3004.407000 0.0178727
3004.937000 0.0177607
3005.000000 0.0177474
3005.468000 0.0176484
3005.998000 0.0175362
3006.000000 0.0175358
3006.529000 0.0174238
3007.000000 0.017324
3007.059000 0.0173115
3007.590000 0.017199
3008.000000 0.0171121
3008.121000 0.0170864
3008.651000 0.016974
3009.000000 0.0168999
3009.182000 0.0168613
3009.713000 0.0167487
3010.000000 0.0166607
3010.245000 0.0165854
3010.776000 0.0163637
3011.000000 0.0162701
3011.307000 0.0161419
3011.838000 0.01592
3012.000000 0.0158522
3012.370000 0.0156974
3012.902000 0.0154749
3013.000000 0.0154339
3013.433000 0.0152527
3013.965000 0.0150299
3014.000000 0.0150153
3014.497000 0.0148071
3015.000000 0.0145964
3015.029000 0.0145843
3015.561000 0.0143613
3016.000000 0.0141772
3016.093000 0.0141382
3016.625000 0.013915
3017.000000 0.0137576
3017.158000 0.0136912
3017.690000 0.0134679
3018.000000 0.0133377
3018.222000 0.0132444
3018.755000 0.0130205
3019.000000 0.0129175
3019.288000 0.0127964
3019.821000 0.0125722
3020.000000 0.0128237
3020.354000 0.0133215
3020.886000 0.014561
3021.000000 0.0148267
3021.420000 0.0158057
3021.953000 0.0170486
3022.000000 0.0171583
3022.486000 0.0182927
3023.000000 0.0194924
3023.020000 0.0195391
3023.553000 0.0207838
3024.000000 0.0218279
3024.087000 0.0220312
3024.620000 0.0232775
3025.000000 0.024166
3025.154000 0.0245262
3025.688000 0.0257754
3026.000000 0.0265055
3026.222000 0.0270252
3026.756000 0.0282762
3027.000000 0.0288477
3027.290000 0.029527
3027.824000 0.0307784
3028.000000 0.031191
3028.358000 0.0320305
3028.893000 0.033286
3029.000000 0.0335371
3029.427000 0.0345392
3029.962000 0.0357952
3030.000000 0.0358065
3030.497000 0.0359545
3031.000000 0.0360252
3031.031000 0.0360295
3031.566000 0.036105
3032.000000 0.0361662
3032.101000 0.0361804
3032.636000 0.0362557
3033.000000 0.036307
3033.172000 0.0363313
3033.707000 0.0364067
3034.000000 0.036448
3034.242000 0.0364822
3034.778000 0.0365579
3035.000000 0.0365893
3035.313000 0.0366335
3035.849000 0.0367093
3036.000000 0.0367306
3036.385000 0.0367849
3036.920000 0.0368605
3037.000000 0.0368718
3037.456000 0.0369363
3037.992000 0.0370123
3038.000000 0.0370134
3038.529000 0.0370882
3039.000000 0.0371548
3039.065000 0.037164
3039.601000 0.0372399
3040.000000 0.0371552
3040.137000 0.0371259
3040.674000 0.0364575
3041.000000 0.0360517
3041.210000 0.0357902
3041.747000 0.0351211
3042.000000 0.034806
3042.284000 0.0344521
3042.821000 0.0337825
3043.000000 0.0335594
3043.358000 0.033113
3043.895000 0.032443
3044.000000 0.032312
3044.432000 0.031773
3044.969000 0.0311024
3045.000000 0.0310637
3045.507000 0.0304303
3046.000000 0.0298144
3046.044000 0.0297595
3046.582000 0.0290869
3047.000000 0.0285644
3047.119000 0.0284156
3047.657000 0.0277425
3048.000000 0.0273132
3048.195000 0.0270691
3048.733000 0.0263958
3049.000000 0.0260614
3049.271000 0.0257219
3049.809000 0.0250476
3050.000000 0.0250257
3050.347000 0.0249866
3050.885000 0.0252632
3051.000000 0.0253223
3051.424000 0.0255403
3051.962000 0.0258169
3052.000000 0.0258365
3052.501000 0.0260943
3053.000000 0.0263512
3053.039000 0.0263713
3053.578000 0.0266489
3054.000000 0.0268664
3054.117000 0.0269267
3054.656000 0.0272046
3055.000000 0.027382
3055.195000 0.0274826
3055.734000 0.0277607
3056.000000 0.027898
3056.273000 0.0280389
3056.813000 0.0283178
3057.000000 0.0284144
3057.352000 0.0285963
3057.892000 0.0288755
3058.000000 0.0289313
3058.431000 0.0291541
3058.971000 0.0294335
3059.000000 0.0294485
3059.511000 0.0297131
3060.000000 0.0300313
3060.051000 0.0300644
3060.591000 0.0311025
3061.000000 0.031889
3061.131000 0.032141
3061.671000 0.0331795
3062.000000 0.0338127
3062.211000 0.0342189
3062.752000 0.0352606
3063.000000 0.0357383
3063.292000 0.0363008
3063.833000 0.0373434
3064.000000 0.0376653
3064.373000 0.0383845
3064.914000 0.039428
3065.000000 0.0395939
3065.455000 0.0404718
3065.996000 0.0415161
3066.000000 0.0415238
3066.537000 0.0425608
3067.000000 0.0434549
3067.078000 0.0436055
3067.619000 0.0446511
3068.000000 0.0453877
3068.161000 0.045699
3068.702000 0.0467455
3069.000000 0.0473221
3069.244000 0.0477942
3069.785000 0.0488414
3070.000000 0.0491675
3070.327000 0.0496633
3070.869000 0.0503357
3071.000000 0.0504982
3071.411000 0.0510082
3071.953000 0.051681
3072.000000 0.0517394
3072.495000 0.0523544
3073.000000 0.0529819
3073.037000 0.0530278
3073.580000 0.0537025
3074.000000 0.0542246
3074.122000 0.0543763
3074.664000 0.0550503
3075.000000 0.0554683
3075.207000 0.0557259
3075.750000 0.0564018
3076.000000 0.0567131
3076.292000 0.0570767
3076.835000 0.057753
3077.000000 0.0579586
3077.378000 0.0584297
3077.921000 0.0591068
3078.000000 0.0592053
3078.465000 0.0597852
3079.000000 0.0604524
3079.008000 0.0604624
3079.551000 0.0611401
3080.000000 0.0615679
3080.094000 0.0616567
3080.638000 0.0614025
3081.000000 0.0612333
3081.182000 0.0611482
3081.725000 0.0608944
3082.000000 0.0607659
3082.269000 0.0606401
3082.813000 0.0603854
3083.000000 0.0602979
3083.357000 0.0601308
3083.901000 0.059876
3084.000000 0.0598296
3084.446000 0.0596208
3084.990000 0.0593662
3085.000000 0.0593615
3085.534000 0.0591113
3086.000000 0.0588929
3086.079000 0.0588559
3086.623000 0.058601
3087.000000 0.0584244
3087.168000 0.0583456
3087.713000 0.0580901
3088.000000 0.0579554
3088.258000 0.0578343
3088.803000 0.0575787
3089.000000 0.0574862
3089.348000 0.0573229
3089.893000 0.057067
3090.000000 0.0569927
3090.438000 0.0566926
3090.984000 0.0562883
3091.000000 0.0562765
3091.529000 0.0558843
3092.000000 0.0555352
3092.075000 0.0554796
3092.620000 0.0550753
3093.000000 0.0547934
3093.166000 0.0546702
3093.712000 0.054265
3094.000000 0.0540511
3094.258000 0.0538594
3094.804000 0.0534537
3095.000000 0.0533079
3095.350000 0.0530478
3095.896000 0.0526419
3096.000000 0.0525646
3096.443000 0.052235
3096.989000 0.0518288
3097.000000 0.0518206
3097.536000 0.0514215
3098.000000 0.0510757
3098.082000 0.0510146
3098.629000 0.0506071
3099.000000 0.0503304
3099.176000 0.0501992
3099.723000 0.0497913
3100.000000 0.0497249
3100.270000 0.0496608
3100.817000 0.0498154
3101.000000 0.0498671
3101.364000 0.0499702
3101.911000 0.050125
3102.000000 0.0501502
3102.458000 0.0502799
3103.000000 0.0504333
3103.006000 0.050435
3103.554000 0.0505904
3104.000000 0.0507169
3104.101000 0.0507455
3104.649000 0.0509008
3105.000000 0.0510003
3105.197000 0.0510561
3105.745000 0.0512116
3106.000000 0.051284
3106.293000 0.0513672
3106.841000 0.0515228
3107.000000 0.051568
3107.389000 0.0516786
3107.938000 0.0518348
3108.000000 0.0518525
3108.486000 0.0519909
3109.000000 0.0521372
3109.035000 0.0521471
3109.583000 0.052303
3110.000000 0.052574
3110.132000 0.0526602
3110.681000 0.053652
3111.000000 0.0542288
3111.230000 0.0546448
3111.779000 0.055638
3112.000000 0.0560378
3112.328000 0.0566313
3112.877000 0.0576257
3113.000000 0.0578485
3113.427000 0.0586222
3113.976000 0.0596174
3114.000000 0.0596609
3114.526000 0.0606146
3115.000000 0.0614748
3115.075000 0.0616109
3115.625000 0.0626095
3116.000000 0.0632906
3116.175000 0.0636086
3116.725000 0.0646082
3117.000000 0.065108
3117.275000 0.0656078
3117.825000 0.0666083
3118.000000 0.0669267
3118.375000 0.0676094
3118.925000 0.0686111
3119.000000 0.0687477
3119.476000 0.0696152
3120.000000 0.0705433
3120.026000 0.0705894
3120.577000 0.0709929
3121.000000 0.0713028
3121.127000 0.0713959
3121.678000 0.0717999
3122.000000 0.0720362
3122.229000 0.0722043
3122.780000 0.0726089
3123.000000 0.0727705
3123.331000 0.0730137
3123.882000 0.0734188
3124.000000 0.0735056
3124.434000 0.0738247
3124.985000 0.0742301
3125.000000 0.0742412
3125.537000 0.0746363
3126.000000 0.0749771
3126.088000 0.0750419
3126.640000 0.0754488
3127.000000 0.0757143
3127.191000 0.0758552
3127.743000 0.0762625
3128.000000 0.0764523
3128.295000 0.0766701
3128.847000 0.0770777
3129.000000 0.0771908
3129.399000 0.0774857
3129.952000 0.0778947
3130.000000 0.0778573
3130.504000 0.0774599
3131.000000 0.0769968
3131.056000 0.0769444
3131.609000 0.0764277
3132.000000 0.076062
3132.162000 0.0759106
3132.714000 0.0753946
3133.000000 0.0751272
3133.267000 0.0748774
3133.820000 0.0743596
3134.000000 0.0741911
3134.373000 0.0738418
3134.926000 0.0733237
3135.000000 0.0732543
3135.479000 0.0728055
3136.000000 0.0723171
3136.033000 0.0722861
3136.586000 0.0717674
3137.000000 0.071379
3137.140000 0.0712475
3137.693000 0.0707279
3138.000000 0.0704394
3138.247000 0.0702074
3138.801000 0.0696868
3139.000000 0.0694998
3139.355000 0.0691658
3139.909000 0.0686445
3140.000000 0.0686231
3140.463000 0.0685157
3141.000000 0.0684656
3141.017000 0.068464
3141.571000 0.0684121
3142.000000 0.068372
3142.126000 0.0683601
3142.680000 0.0683079
3143.000000 0.0682777
3143.235000 0.0682556
3143.790000 0.0682036
3144.000000 0.0681839
3144.344000 0.0681516
3144.899000 0.0680995
3145.000000 0.06809
3145.454000 0.0680472
3146.000000 0.0679958
3146.009000 0.0679949
3146.564000 0.0679426
3147.000000 0.0679015
3147.120000 0.0678902
3147.675000 0.0678378
3148.000000 0.0678071
3148.230000 0.0677853
3148.786000 0.0677328
3149.000000 0.0677126
3149.342000 0.0676803
3149.897000 0.0676279
3150.000000 0.067692
3150.453000 0.0679752
3151.000000 0.0684069
3151.009000 0.068414
3151.565000 0.0688529
3152.000000 0.0691966
3152.122000 0.069293
3152.678000 0.0697323
3153.000000 0.0699869
3153.234000 0.070172
3153.791000 0.0706129
3154.000000 0.0707783
3154.347000 0.071053
3154.904000 0.0714944
3155.000000 0.0715705
3155.461000 0.0719357
3156.000000 0.0723632
3156.017000 0.0723766
3156.574000 0.0728183
3157.000000 0.0731563
3157.131000 0.0732603
3157.688000 0.0737025
3158.000000 0.0739504
3158.246000 0.074146
3158.803000 0.0745888
3159.000000 0.0747455
3159.360000 0.0750319
3159.918000 0.0754758
3160.000000 0.0755534
3160.476000 0.0760027
3161.000000 0.0765109
3161.033000 0.0765429
3161.591000 0.0770847
3162.000000 0.0774819
3162.149000 0.0776266
3162.707000 0.0781691
3163.000000 0.0784539
3163.265000 0.0787114
3163.823000 0.0792541
3164.000000 0.0794263
3164.382000 0.0797982
3164.940000 0.0803414
3165.000000 0.0803999
3165.499000 0.080886
3166.000000 0.0813741
3166.057000 0.0814297
3166.616000 0.0819747
3167.000000 0.0823493
3167.175000 0.08252
3167.734000 0.0830654
3168.000000 0.0833251
3168.293000 0.0836112
3168.852000 0.0841571
3169.000000 0.0843016
3169.411000 0.0847034
3169.970000 0.0852504
3170.000000 0.0852724
3170.530000 0.0856617
3171.000000 0.0860005
3171.089000 0.0860647
3171.649000 0.0864687
3172.000000 0.0867221
3172.208000 0.0868723
3172.769000 0.0872775
3173.000000 0.0874444
3173.328000 0.0876813
3173.888000 0.0880862
3174.000000 0.0881672
3174.448000 0.0884912
3175.000000 0.0888906
3175.009000 0.0888971
3175.569000 0.0893027
3176.000000 0.0896149
3176.129000 0.0897084
3176.690000 0.090115
3177.000000 0.0903398
3177.250000 0.090521
3177.811000 0.0909278
3178.000000 0.0910649
3178.372000 0.0913351
3178.933000 0.0917426
3179.000000 0.0917913
3179.494000 0.0921499
3180.000000 0.0924721
3180.055000 0.0925064
3180.616000 0.092392
3181.000000 0.0923137
3181.177000 0.0922774
3181.739000 0.0921622
3182.000000 0.0921087
3182.300000 0.0920473
3182.862000 0.0919322
3183.000000 0.0919039
3183.423000 0.0918172
3183.985000 0.091702
3184.000000 0.0916989
3184.547000 0.0915867
3185.000000 0.0914939
3185.109000 0.0914715
3185.671000 0.0913559
3186.000000 0.0912883
3186.233000 0.0912405
3186.795000 0.0911252
3187.000000 0.0910831
3187.358000 0.0910092
3187.920000 0.0908932
3188.000000 0.0908767
3188.483000 0.0907776
3189.000000 0.0906715
3189.045000 0.0906622
3189.608000 0.0905463
3190.000000 0.0904648
3190.171000 0.0904327
3190.734000 0.0903243
3191.000000 0.090273
3191.297000 0.0902158
3191.860000 0.0901074
3192.000000 0.0900804
3192.424000 0.0899985
3192.987000 0.0898898
3193.000000 0.0898873
3193.551000 0.0897811
3194.000000 0.0896945
3194.114000 0.0896725
3194.678000 0.0895637
3195.000000 0.0895015
3195.241000 0.0894547
3195.805000 0.0893452
3196.000000 0.0893073
3196.369000 0.089236
3196.933000 0.0891267
3197.000000 0.0891138
3197.498000 0.0890171
3198.000000 0.0889197
3198.062000 0.0889076
3198.626000 0.0887979
3199.000000 0.0887251
3199.190000 0.0886882
3199.755000 0.0885785
3200.000000 0.088602
3200.320000 0.0886288
3200.885000 0.0888019
3201.000000 0.0888371
3201.449000 0.0889754
3202.000000 0.089145
3202.014000 0.0891493
3202.579000 0.0893235
3203.000000 0.0894532
3203.145000 0.0894978
3203.710000 0.0896715
3204.000000 0.0897607
3204.275000 0.0898455
3204.841000 0.09002
3205.000000 0.0900691
3205.406000 0.0901943
3205.972000 0.0903689
3206.000000 0.0903776
3206.538000 0.0905435
3207.000000 0.0906861
3207.104000 0.0907182
3207.669000 0.0908926
3208.000000 0.0909948
3208.236000 0.0910677
3208.802000 0.0912425
3209.000000 0.0913037
3209.368000 0.0914175
3209.934000 0.0915927
3210.000000 0.0916305
3210.501000 0.0919173
3211.000000 0.0922203
3211.067000 0.092261
3211.634000 0.0926054
3212.000000 0.0928277
3212.201000 0.0929499
3212.768000 0.0932946
3213.000000 0.0934357
3213.334000 0.0936387
3213.902000 0.0939844
3214.000000 0.094044
3214.469000 0.0943296
3215.000000 0.094653
3215.036000 0.0946749
3215.603000 0.0950201
3216.000000 0.0952618
3216.171000 0.0953661
3216.738000 0.0957124
3217.000000 0.0958724
3217.306000 0.0960592
3217.874000 0.096406
3218.000000 0.096483
3218.442000 0.0967527
3219.000000 0.0970934
3219.010000 0.0970995
3219.578000 0.0974467
3220.000000 0.0976525
3220.146000 0.0977235
3220.714000 0.0977957
3221.000000 0.0978321
3221.282000 0.0978683
3221.851000 0.0979414
3222.000000 0.0979605
3222.419000 0.0980141
3222.988000 0.0980869
3223.000000 0.0980885
3223.557000 0.0981599
3224.000000 0.0982168
3224.126000 0.0982329
3224.695000 0.0983058
3225.000000 0.0983448
3225.264000 0.0983787
3225.833000 0.0984516
3226.000000 0.098473
3226.402000 0.0985245
3226.971000 0.0985975
3227.000000 0.0986012
3227.541000 0.0986708
3228.000000 0.0987298
3228.111000 0.098744
3228.680000 0.098817
3229.000000 0.0988581
3229.250000 0.0988902
3229.820000 0.0989634
3230.000000 0.0989551
3230.390000 0.0989397
3230.960000 0.0988712
3231.000000 0.0988664
3231.530000 0.0988032
3232.000000 0.0987471
3232.100000 0.098735
3232.671000 0.0986663
3233.000000 0.0986267
3233.241000 0.0985978
3233.812000 0.0985293
3234.000000 0.0985067
3234.382000 0.0984607
3234.953000 0.098392
3235.000000 0.0983863
3235.524000 0.0983231
3236.000000 0.0982657
3236.095000 0.0982543
3236.666000 0.0981853
3237.000000 0.098145
3237.237000 0.0981164
3237.808000 0.0980473
3238.000000 0.0980241
3238.380000 0.0979782
3238.951000 0.097909
3239.000000 0.0979031
3239.523000 0.0978397
3240.000000 0.0977964
3240.094000 0.0977873
3240.666000 0.09782
3241.000000 0.0978391
3241.238000 0.0978527
3241.810000 0.0978854
3242.000000 0.0978963
3242.382000 0.0979182
3242.954000 0.0979511
3243.000000 0.0979538
3243.527000 0.0979839
3244.000000 0.098011
3244.099000 0.0980166
3244.672000 0.0980494
3245.000000 0.0980682
3245.244000 0.0980822
3245.817000 0.098115
3246.000000 0.0981254
3246.390000 0.0981478
3246.963000 0.0981806
3247.000000 0.0981827
3247.536000 0.0982135
3248.000000 0.0982402
3248.109000 0.0982464
3248.682000 0.0982791
3249.000000 0.0982972
3249.255000 0.0983118
3249.829000 0.0983447
3250.000000 0.0983659
3250.402000 0.0984188
3250.976000 0.0985105
3251.000000 0.0985144
3251.549000 0.0986028
3252.000000 0.0986755
3252.123000 0.0986951
3252.697000 0.0987867
3253.000000 0.098835
3253.271000 0.0988786
3253.845000 0.0989711
3254.000000 0.0989961
3254.419000 0.0990633
3254.994000 0.0991557
3255.000000 0.0991567
3255.568000 0.0992479
3256.000000 0.0993174
3256.143000 0.0993403
3256.717000 0.0994325
3257.000000 0.0994779
3257.292000 0.099525
3257.867000 0.0996177
3258.000000 0.0996392
3258.441000 0.0997102
3259.000000 0.0998002
3259.017000 0.0998029
3259.592000 0.0998952
3260.000000 0.0999737
3260.167000 0.100005
3260.742000 0.100155
3261.000000 0.100223
3261.318000 0.100306
3261.893000 0.100457
3262.000000 0.100485
3262.469000 0.100608
3263.000000 0.100748
3263.045000 0.100759
3263.620000 0.10091
3264.000000 0.10101
3264.196000 0.101061
3264.772000 0.101213
3265.000000 0.101273
3265.348000 0.101364
3265.925000 0.101516
3266.000000 0.101535
3266.501000 0.101667
3267.000000 0.101798
3267.077000 0.101818
3267.654000 0.10197
3268.000000 0.102061
3268.231000 0.102122
3268.807000 0.102274
3269.000000 0.102324
3269.384000 0.102426
3269.961000 0.102578
3270.000000 0.102576
3270.538000 0.102543
3271.000000 0.102504
3271.115000 0.102495
3271.693000 0.102446
3272.000000 0.102421
3272.270000 0.102398
3272.847000 0.102349
3273.000000 0.102336
3273.425000 0.102301
3274.000000 0.102252
3274.003000 0.102252
3274.580000 0.102203
3275.000000 0.102168
3275.158000 0.102155
3275.736000 0.102106
3276.000000 0.102084
3276.314000 0.102057
3276.892000 0.102008
3277.000000 0.101999
3277.471000 0.10196
3278.000000 0.101915
3278.049000 0.101911
3278.628000 0.101862
3279.000000 0.10183
3279.206000 0.101813
3279.785000 0.101764
3280.000000 0.101758
3280.364000 0.101748
3280.943000 0.101752
3281.000000 0.101753
3281.521000 0.101756
3282.000000 0.10176
3282.101000 0.10176
3282.680000 0.101764
3283.000000 0.101766
3283.259000 0.101768
3283.839000 0.101772
3284.000000 0.101773
3284.418000 0.101776
3284.998000 0.10178
3285.000000 0.10178
3285.577000 0.101784
3286.000000 0.101786
3286.157000 0.101788
3286.737000 0.101792
3287.000000 0.101794
3287.317000 0.101796
3287.897000 0.101799
3288.000000 0.1018
3288.477000 0.101803
3289.000000 0.101806
3289.058000 0.101807
3289.638000 0.101811
3290.000000 0.1018
3290.219000 0.101794
3290.799000 0.101742
3291.000000 0.101724
3291.380000 0.10169
3291.961000 0.101638
3292.000000 0.101635
3292.542000 0.101587
3293.000000 0.101546
3293.123000 0.101535
3293.704000 0.101483
3294.000000 0.101457
3294.285000 0.101431
3294.866000 0.101379
3295.000000 0.101367
3295.448000 0.101327
3296.000000 0.101278
3296.029000 0.101275
3296.611000 0.101223
3297.000000 0.101189
3297.193000 0.101171
3297.775000 0.101119
3298.000000 0.101099
3298.357000 0.101067
3298.939000 0.101014
3299.000000 0.101009
3299.521000 0.100962
3300.000000 0.100936
3300.103000 0.10093
3300.685000 0.100996
3301.000000 0.101032
3301.268000 0.101062
3301.851000 0.101128
3302.000000 0.101145
3302.433000 0.101194
3303.000000 0.101257
3303.016000 0.101259
3303.599000 0.101325
3304.000000 0.10137
3304.182000 0.101391
3304.765000 0.101457
3305.000000 0.101484
3305.348000 0.101523
3305.931000 0.101588
3306.000000 0.101596
3306.515000 0.101655
3307.000000 0.10171
3307.098000 0.101721
3307.682000 0.101787
3308.000000 0.101823
3308.266000 0.101853
3308.849000 0.101919
3309.000000 0.101936
3309.433000 0.101985
3310.000000 0.102049
3310.017000 0.102051
3310.601000 0.102119
3311.000000 0.102165
3311.186000 0.102186
3311.770000 0.102253
3312.000000 0.10228
3312.354000 0.10232
3312.939000 0.102387
3313.000000 0.102394
3313.523000 0.102455
3314.000000 0.10251
3314.108000 0.102523
3314.693000 0.10259
3315.000000 0.102625
3315.278000 0.102657
3315.863000 0.102725
3316.000000 0.102741
3316.448000 0.102792
3317.000000 0.102856
3317.033000 0.102859
3317.619000 0.102927
3318.000000 0.102972
3318.204000 0.102995
3318.790000 0.103063
3319.000000 0.103087
3319.375000 0.10313
3319.961000 0.103198
3320.000000 0.103201
3320.547000 0.103242
3321.000000 0.103274
3321.133000 0.103284
3321.719000 0.103326
3322.000000 0.103346
3322.305000 0.103367
3322.892000 0.103409
3323.000000 0.103417
3323.478000 0.103451
3324.000000 0.103488
3324.064000 0.103493
3324.651000 0.103535
3325.000000 0.10356
3325.238000 0.103577
3325.825000 0.103619
3326.000000 0.103631
3326.412000 0.103661
3326.999000 0.103703
3327.000000 0.103703
3327.586000 0.103745
3328.000000 0.103774
3328.173000 0.103787
3328.760000 0.103829
3329.000000 0.103846
3329.348000 0.103871
3329.935000 0.103913
3330.000000 0.103907
3330.523000 0.103864
3331.000000 0.103816
3331.111000 0.103805
3331.698000 0.103744
3332.000000 0.103713
3332.286000 0.103684
3332.875000 0.103624
3333.000000 0.103611
3333.463000 0.103564
3334.000000 0.103509
3334.051000 0.103504
3334.639000 0.103443
3335.000000 0.103406
3335.228000 0.103383
3335.816000 0.103322
3336.000000 0.103303
3336.405000 0.103262
3336.994000 0.103201
3337.000000 0.103201
3337.583000 0.103141
3338.000000 0.103097
3338.171000 0.10308
3338.760000 0.103019
3339.000000 0.102994
3339.350000 0.102958
3339.939000 0.102897
3340.000000 0.102896
3340.528000 0.102888
3341.000000 0.102885
3341.118000 0.102885
3341.708000 0.102881
3342.000000 0.102879
3342.297000 0.102878
3342.887000 0.102874
3343.000000 0.102873
3343.477000 0.10287
3344.000000 0.102867
3344.067000 0.102867
3344.657000 0.102863
3345.000000 0.102861
3345.247000 0.10286
3345.838000 0.102856
3346.000000 0.102855
3346.428000 0.102853
3347.000000 0.102849
3347.019000 0.102849
3347.609000 0.102845
3348.000000 0.102843
3348.200000 0.102841
3348.791000 0.102838
3349.000000 0.102837
3349.382000 0.102834
3349.973000 0.102831
3350.000000 0.102831
3350.564000 0.102839
3351.000000 0.102846
3351.155000 0.102848
3351.747000 0.102857
3352.000000 0.102861
3352.338000 0.102866
3352.930000 0.102875
3353.000000 0.102876
3353.521000 0.102884
3354.000000 0.102891
3354.113000 0.102893
3354.705000 0.102902
3355.000000 0.102906
3355.297000 0.102911
3355.889000 0.10292
3356.000000 0.102921
3356.481000 0.102929
3357.000000 0.102936
3357.074000 0.102937
3357.666000 0.102946
3358.000000 0.102951
3358.259000 0.102955
3358.851000 0.102964
3359.000000 0.102967
3359.444000 0.102973
3360.000000 0.102983
3360.037000 0.102984
3360.630000 0.103024
3361.000000 0.103049
3361.223000 0.103064
3361.816000 0.103105
3362.000000 0.103117
3362.409000 0.103145
3363.000000 0.103185
3363.003000 0.103185
3363.596000 0.103226
3364.000000 0.103254
3364.190000 0.103267
3364.783000 0.103307
3365.000000 0.103322
3365.377000 0.103347
3365.971000 0.103388
3366.000000 0.10339
3366.565000 0.103428
3367.000000 0.103457
3367.159000 0.103468
3367.753000 0.103509
3368.000000 0.103526
3368.348000 0.10355
3368.942000 0.10359
3369.000000 0.103594
3369.537000 0.103631
3370.000000 0.103659
3370.131000 0.103666
3370.726000 0.103687
3371.000000 0.103696
3371.321000 0.103707
3371.916000 0.103727
3372.000000 0.10373
3372.511000 0.103747
3373.000000 0.103764
3373.106000 0.103768
3373.701000 0.103788
3374.000000 0.103798
3374.297000 0.103808
3374.892000 0.103829
3375.000000 0.103832
3375.488000 0.103849
3376.000000 0.103866
3376.083000 0.103869
3376.679000 0.103889
3377.000000 0.1039
3377.275000 0.10391
3377.871000 0.10393
3378.000000 0.103934
3378.467000 0.10395
3379.000000 0.103968
3379.063000 0.10397
3379.660000 0.10399
3380.000000 0.104001
3380.256000 0.10401
3380.852000 0.104028
3381.000000 0.104033
3381.449000 0.104047
3382.000000 0.104064
3382.046000 0.104065
3382.643000 0.104084
3383.000000 0.104095
3383.240000 0.104103
3383.836000 0.104121
3384.000000 0.104126
3384.434000 0.10414
3385.000000 0.104157
3385.031000 0.104158
3385.628000 0.104177
3386.000000 0.104189
3386.226000 0.104196
3386.823000 0.104214
3387.000000 0.10422
3387.421000 0.104233
3388.000000 0.104251
3388.019000 0.104251
3388.617000 0.10427
3389.000000 0.104282
3389.215000 0.104288
3389.813000 0.104307
3390.000000 0.104318
3390.411000 0.104343
3391.000000 0.104386
3391.009000 0.104387
3391.608000 0.104431
3392.000000 0.10446
3392.206000 0.104475
3392.805000 0.104519
3393.000000 0.104534
3393.403000 0.104564
3394.000000 0.104608
3394.002000 0.104608
3394.601000 0.104652
3395.000000 0.104681
3395.200000 0.104696
3395.800000 0.10474
3396.000000 0.104755
3396.399000 0.104784
3396.998000 0.104829
3397.000000 0.104829
3397.598000 0.104873
3398.000000 0.104903
3398.197000 0.104917
3398.797000 0.104961
3399.000000 0.104976
3399.396000 0.105006
3399.996000 0.10505
3400.000000 0.10505
3400.596000 0.104971
3401.000000 0.104917
3401.197000 0.104891
3401.797000 0.104811
3402.000000 0.104784
3402.397000 0.104731
3402.998000 0.104651
3403.000000 0.10465
3403.598000 0.104571
3404.000000 0.104517
3404.198000 0.10449
3404.799000 0.10441
3405.000000 0.104383
3405.400000 0.104329
3406.000000 0.104249
3406.001000 0.104249
3406.602000 0.104168
3407.000000 0.104115
3407.203000 0.104088
3407.805000 0.104007
3408.000000 0.103981
3408.406000 0.103926
3409.000000 0.103846
3409.008000 0.103845
3409.609000 0.103764
3410.000000 0.103704
3410.211000 0.103671
3410.812000 0.103556
3411.000000 0.10352
3411.415000 0.10344
3412.000000 0.103328
3412.017000 0.103325
3412.619000 0.103209
3413.000000 0.103136
3413.221000 0.103093
3413.823000 0.102977
3414.000000 0.102943
3414.426000 0.102861
3415.000000 0.102751
3415.028000 0.102745
3415.631000 0.102629
3416.000000 0.102558
3416.234000 0.102513
3416.836000 0.102397
3417.000000 0.102365
3417.439000 0.10228
3418.000000 0.102172
3418.042000 0.102164
3418.646000 0.102047
3419.000000 0.101979
3419.249000 0.10193
3419.852000 0.101814
3420.000000 0.10181
3420.456000 0.101799
3421.000000 0.101816
3421.059000 0.101817
3421.663000 0.101836
3422.000000 0.101846
3422.267000 0.101854
3422.871000 0.101873
3423.000000 0.101877
3423.475000 0.101891
3424.000000 0.101907
3424.079000 0.101909
3424.683000 0.101928
3425.000000 0.101937
3425.288000 0.101946
3425.892000 0.101965
3426.000000 0.101968
3426.497000 0.101983
3427.000000 0.101998
3427.101000 0.102002
3427.706000 0.10202
3428.000000 0.102029
3428.311000 0.102039
3428.916000 0.102057
3429.000000 0.10206
3429.521000 0.102075
3430.000000 0.102099
3430.126000 0.102106
3430.732000 0.102181
3431.000000 0.102214
3431.337000 0.102255
3431.942000 0.10233
3432.000000 0.102337
3432.548000 0.102405
3433.000000 0.102461
3433.154000 0.10248
3433.760000 0.102555
3434.000000 0.102585
3434.366000 0.10263
3434.972000 0.102705
3435.000000 0.102709
3435.578000 0.10278
3436.000000 0.102833
3436.184000 0.102856
3436.791000 0.102931
3437.000000 0.102957
3437.397000 0.103006
3438.000000 0.103081
3438.004000 0.103082
3438.610000 0.103157
3439.000000 0.103206
3439.217000 0.103233
3439.824000 0.103308
3440.000000 0.103328
3440.431000 0.103378
3441.000000 0.103442
3441.038000 0.103446
3441.646000 0.103514
3442.000000 0.103553
3442.253000 0.103581
3442.860000 0.103649
3443.000000 0.103665
3443.468000 0.103717
3444.000000 0.103777
3444.075000 0.103785
3444.683000 0.103853
3445.000000 0.103889
3445.291000 0.103921
3445.899000 0.103989
3446.000000 0.104
3446.507000 0.104057
3447.000000 0.104112
3447.115000 0.104125
3447.724000 0.104194
3448.000000 0.104225
3448.332000 0.104262
3448.941000 0.10433
3449.000000 0.104337
3449.549000 0.104398
3450.000000 0.104448
3450.158000 0.104466
3450.767000 0.10453
3451.000000 0.104555
3451.376000 0.104595
3451.985000 0.10466
3452.000000 0.104662
3452.594000 0.104725
3453.000000 0.104769
3453.203000 0.10479
3453.813000 0.104855
3454.000000 0.104875
3454.422000 0.10492
3455.000000 0.104981
3455.032000 0.104985
3455.642000 0.10505
3456.000000 0.105088
3456.251000 0.105115
3456.861000 0.10518
3457.000000 0.105195
3457.471000 0.105245
3458.000000 0.105302
3458.082000 0.10531
3458.692000 0.105376
3459.000000 0.105409
3459.302000 0.105441
3459.913000 0.105506
3460.000000 0.105504
3460.523000 0.105493
3461.000000 0.105473
3461.134000 0.105468
3461.744000 0.105442
3462.000000 0.105431
3462.355000 0.105417
3462.967000 0.105391
3463.000000 0.105389
3463.578000 0.105365
3464.000000 0.105347
3464.189000 0.105339
3464.800000 0.105314
3465.000000 0.105305
3465.412000 0.105288
3466.000000 0.105263
3466.023000 0.105262
3466.635000 0.105236
3467.000000 0.105221
3467.246000 0.10521
3467.858000 0.105184
3468.000000 0.105178
3468.470000 0.105158
3469.000000 0.105136
3469.083000 0.105132
3469.695000 0.105106
3470.000000 0.105088
3470.307000 0.105068
3470.919000 0.105018
3471.000000 0.105012
3471.532000 0.104968
3472.000000 0.10493
3472.145000 0.104918
3472.757000 0.104869
3473.000000 0.104849
3473.370000 0.104819
3473.983000 0.104769
3474.000000 0.104768
3474.596000 0.104719
3475.000000 0.104686
3475.209000 0.104669
3475.822000 0.104619
3476.000000 0.104604
3476.436000 0.104569
3477.000000 0.104523
3477.049000 0.104519
3477.663000 0.104468
3478.000000 0.104441
3478.276000 0.104418
3478.890000 0.104368
3479.000000 0.104359
3479.504000 0.104317
3480.000000 0.104262
3480.118000 0.104249
3480.732000 0.104105
3481.000000 0.104042
3481.347000 0.103961
3481.961000 0.103816
3482.000000 0.103807
3482.575000 0.103672
3483.000000 0.103571
3483.190000 0.103527
3483.805000 0.103382
3484.000000 0.103336
3484.419000 0.103238
3485.000000 0.103101
3485.034000 0.103093
3485.649000 0.102948
3486.000000 0.102865
3486.265000 0.102802
3486.880000 0.102657
3487.000000 0.102629
3487.495000 0.102512
3488.000000 0.102393
3488.111000 0.102366
3488.726000 0.102221
3489.000000 0.102156
3489.342000 0.102075
3489.957000 0.10193
3490.000000 0.101924
3490.573000 0.10185
3491.000000 0.101798
3491.189000 0.101775
3491.805000 0.1017
3492.000000 0.101677
3492.421000 0.101625
3493.000000 0.101555
3493.038000 0.10155
3493.654000 0.101476
3494.000000 0.101433
3494.271000 0.101401
3494.887000 0.101325
3495.000000 0.101312
3495.504000 0.10125
3496.000000 0.101189
3496.121000 0.101175
3496.738000 0.1011
3497.000000 0.101068
3497.355000 0.101024
3497.972000 0.100949
3498.000000 0.100945
3498.590000 0.100873
3499.000000 0.100823
3499.207000 0.100797
3499.824000 0.100722
3500.000000 0.100724
3500.442000 0.100731
3501.000000 0.100771
3501.060000 0.100775
3501.677000 0.100818
3502.000000 0.100841
3502.296000 0.100862
3502.914000 0.100906
3503.000000 0.100912
3503.532000 0.100949
3504.000000 0.100982
3504.150000 0.100993
3504.768000 0.101036
3505.000000 0.101053
3505.387000 0.10108
3506.000000 0.101122
3506.006000 0.101123
3506.624000 0.101167
3507.000000 0.101193
3507.243000 0.10121
3507.862000 0.101254
3508.000000 0.101264
3508.481000 0.101298
3509.000000 0.101334
3509.100000 0.101341
3509.719000 0.101385
3510.000000 0.101412
3510.339000 0.101445
3510.958000 0.101518
3511.000000 0.101523
3511.578000 0.101591
3512.000000 0.10164
3512.197000 0.101663
3512.817000 0.101736
3513.000000 0.101757
3513.437000 0.101809
3514.000000 0.101876
3514.057000 0.101882
3514.677000 0.101955
3515.000000 0.101993
3515.297000 0.102028
3515.918000 0.102102
3516.000000 0.102111
3516.538000 0.102175
3517.000000 0.102229
3517.159000 0.102248
3517.780000 0.102321
3518.000000 0.102347
3518.400000 0.102395
3519.000000 0.102465
3519.021000 0.102468
3519.642000 0.102541
3520.000000 0.102575
3520.263000 0.1026
3520.885000 0.10264
3521.000000 0.102647
3521.506000 0.10268
3522.000000 0.102712
3522.127000 0.10272
3522.749000 0.10276
3523.000000 0.102776
3523.370000 0.1028
3523.992000 0.10284
3524.000000 0.10284
3524.614000 0.10288
3525.000000 0.102905
3525.236000 0.10292
3525.858000 0.102961
3526.000000 0.10297
3526.480000 0.103
3527.000000 0.103034
3527.103000 0.103041
3527.725000 0.103081
3528.000000 0.103099
3528.348000 0.103121
3528.970000 0.103161
3529.000000 0.103163
3529.593000 0.103201
3530.000000 0.103197
3530.216000 0.103195
3530.839000 0.103103
3531.000000 0.103079
3531.462000 0.103011
3532.000000 0.102931
3532.085000 0.102918
3532.708000 0.102825
3533.000000 0.102782
3533.332000 0.102732
3533.956000 0.102639
3534.000000 0.102633
3534.579000 0.102547
3535.000000 0.102484
3535.203000 0.102454
3535.827000 0.102361
3536.000000 0.102335
3536.451000 0.102268
3537.000000 0.102186
3537.075000 0.102175
3537.699000 0.102082
3538.000000 0.102037
3538.323000 0.101988
3538.948000 0.101894
3539.000000 0.101887
3539.572000 0.101801
3540.000000 0.101756
3540.197000 0.101735
3540.822000 0.10173
3541.000000 0.101729
3541.446000 0.101726
3542.000000 0.101722
3542.071000 0.101721
3542.696000 0.101716
3543.000000 0.101714
3543.322000 0.101711
3543.947000 0.101706
3544.000000 0.101706
3544.572000 0.101702
3545.000000 0.101698
3545.198000 0.101697
3545.823000 0.101692
3546.000000 0.101691
3546.449000 0.101687
3547.000000 0.101682
3547.075000 0.101682
3547.701000 0.101677
3548.000000 0.101675
3548.327000 0.101672
3548.953000 0.101667
3549.000000 0.101667
3549.579000 0.101662
3550.000000 0.101655
3550.206000 0.101651
3550.832000 0.101629
3551.000000 0.101623
3551.459000 0.101606
3552.000000 0.101586
3552.085000 0.101583
3552.712000 0.10156
3553.000000 0.10155
3553.339000 0.101537
3553.966000 0.101514
3554.000000 0.101513
3554.594000 0.101492
3555.000000 0.101477
3555.221000 0.101469
3555.848000 0.101446
3556.000000 0.10144
3556.476000 0.101423
3557.000000 0.101403
3557.103000 0.1014
3557.731000 0.101376
3558.000000 0.101367
3558.359000 0.101353
3558.987000 0.10133
3559.000000 0.10133
3559.615000 0.101307
3560.000000 0.101254
3560.243000 0.101221
3560.871000 0.101035
3561.000000 0.100997
3561.500000 0.100849
3562.000000 0.100701
3562.128000 0.100663
3562.757000 0.100477
3563.000000 0.100404
3563.385000 0.10029
3564.000000 0.100108
3564.014000 0.100104
3564.643000 0.0999173
3565.000000 0.0998115
3565.272000 0.0997306
3565.901000 0.0995435
3566.000000 0.099514
3566.531000 0.099356
3567.000000 0.0992165
3567.160000 0.0991688
3567.790000 0.0989809
3568.000000 0.0989183
3568.419000 0.0987935
3569.000000 0.0986204
3569.049000 0.0986058
3569.679000 0.0984178
3570.000000 0.0982788
3570.309000 0.0981437
3570.939000 0.0977804
3571.000000 0.0977452
3571.569000 0.097417
3572.000000 0.0971684
3572.199000 0.0970534
3572.830000 0.0966888
3573.000000 0.0965905
3573.460000 0.0963245
3574.000000 0.0960119
3574.091000 0.0959593
3574.721000 0.0955952
3575.000000 0.0954338
3575.352000 0.09523
3575.983000 0.0948648
3576.000000 0.0948549
3576.614000 0.0944987
3577.000000 0.0942746
3577.245000 0.0941325
3577.877000 0.0937659
3578.000000 0.0936945
3578.508000 0.0933994
3579.000000 0.0931137
3579.140000 0.0930324
3579.771000 0.0926653
3580.000000 0.0925472
3580.403000 0.092341
3581.000000 0.092058
3581.035000 0.0920414
3581.667000 0.0917415
3582.000000 0.0915835
3582.299000 0.0914414
3582.931000 0.0911411
3583.000000 0.0911083
3583.563000 0.0908403
3584.000000 0.0906321
3584.196000 0.0905388
3584.828000 0.090238
3585.000000 0.090156
3585.461000 0.0899363
3586.000000 0.0896793
3586.093000 0.0896349
3586.726000 0.0893331
3587.000000 0.0892024
3587.359000 0.089031
3587.992000 0.0887286
3588.000000 0.0887248
3588.625000 0.0884257
3589.000000 0.0882461
3589.259000 0.0881222
3589.892000 0.0878192
3590.000000 0.0877928
3590.526000 0.0876631
3591.000000 0.087569
3591.159000 0.0875375
3591.793000 0.0874117
3592.000000 0.0873706
3592.427000 0.0872856
3593.000000 0.0871714
3593.061000 0.0871593
3593.695000 0.0870331
3594.000000 0.0869723
3594.329000 0.0869067
3594.963000 0.0867802
3595.000000 0.0867728
3595.598000 0.0866535
3596.000000 0.0865733
3596.232000 0.086527
3596.867000 0.0864003
3597.000000 0.0863737
3597.501000 0.0862732
3598.000000 0.0861731
3598.136000 0.0861459
3598.771000 0.0860189
3599.000000 0.0859731
3599.406000 0.0858919
3600.000000 0.0857661
3600.042000 0.0857573
3600.677000 0.0855208
3601.000000 0.0854004
3601.312000 0.0852841
3601.948000 0.085047
3602.000000 0.0850276
3602.583000 0.0848101
3603.000000 0.0846545
3603.219000 0.0845727
3603.855000 0.0843352
3604.000000 0.084281
3604.491000 0.0840975
3605.000000 0.0839071
3605.127000 0.0838596
3605.763000 0.0836213
3606.000000 0.0835324
3606.400000 0.0833827
3607.000000 0.0831579
3607.036000 0.0831444
3607.673000 0.0829055
3608.000000 0.0827828
3608.309000 0.0826668
3608.946000 0.0824275
3609.000000 0.0824073
3609.583000 0.0821879
3610.000000 0.0819828
3610.220000 0.0818743
3610.857000 0.0814205
3611.000000 0.0813186
3611.494000 0.0809666
3612.000000 0.0806057
3612.131000 0.0805122
3612.769000 0.0800569
3613.000000 0.079892
3613.406000 0.0796019
3614.000000 0.0791772
3614.044000 0.0791457
3614.682000 0.0786895
3615.000000 0.0784618
3615.320000 0.0782329
3615.958000 0.0777764
3616.000000 0.0777464
3616.596000 0.0773193
3617.000000 0.0770297
3617.234000 0.0768619
3617.872000 0.0764041
3618.000000 0.0763123
3618.511000 0.0759455
3619.000000 0.0755944
3619.149000 0.0754873
3619.788000 0.0750277
3620.000000 0.0749068
3620.427000 0.0746634
3621.000000 0.0743791
3621.066000 0.0743463
3621.705000 0.0740291
3622.000000 0.0738826
3622.344000 0.0737117
3622.983000 0.0733941
3623.000000 0.0733856
3623.622000 0.0730758
3624.000000 0.0728876
3624.262000 0.0727571
3624.902000 0.0724383
3625.000000 0.0723895
3625.541000 0.0721198
3626.000000 0.0718909
3626.181000 0.0718007
3626.821000 0.0714813
3627.000000 0.071392
3627.461000 0.0711615
3628.000000 0.0708918
3628.101000 0.0708414
3628.741000 0.0705215
3629.000000 0.070392
3629.382000 0.0702007
3630.000000 0.0699022
3630.022000 0.0698916
3630.663000 0.069899
3631.000000 0.0699028
3631.303000 0.0699063
3631.944000 0.0699138
3632.000000 0.0699144
3632.585000 0.0699211
3633.000000 0.0699259
3633.226000 0.0699285
3633.867000 0.0699359
3634.000000 0.0699374
3634.509000 0.0699432
3635.000000 0.0699488
3635.150000 0.0699506
3635.792000 0.0699581
3636.000000 0.0699605
3636.433000 0.0699654
3637.000000 0.0699717
3637.075000 0.0699726
3637.717000 0.0699799
3638.000000 0.0699832
3638.359000 0.0699873
3639.000000 0.0699945
3639.001000 0.0699945
3639.643000 0.0700019
3640.000000 0.0699718
3640.285000 0.0699472
3640.927000 0.0698148
3641.000000 0.0697997
3641.570000 0.0696819
3642.000000 0.0695931
3642.213000 0.0695491
3642.855000 0.0694164
3643.000000 0.0693864
3643.498000 0.0692833
3644.000000 0.0691792
3644.141000 0.0691501
3644.784000 0.069017
3645.000000 0.0689723
3645.427000 0.0688836
3646.000000 0.0687644
3646.071000 0.0687497
3646.714000 0.0686163
3647.000000 0.068557
3647.358000 0.0684826
3648.000000 0.068349
3648.001000 0.0683488
3648.645000 0.0682148
3649.000000 0.0681409
3649.289000 0.0680807
3649.933000 0.0679463
3650.000000 0.0678854
3650.577000 0.0673615
3651.000000 0.0669428
3651.221000 0.0667238
3651.865000 0.0660855
3652.000000 0.0659516
3652.510000 0.065446
3653.000000 0.06496
3653.155000 0.0648062
3653.799000 0.0641667
3654.000000 0.0639671
3654.444000 0.0635259
3655.000000 0.0629732
3655.089000 0.0628847
3655.734000 0.0622433
3656.000000 0.0619786
3656.379000 0.0616013
3657.000000 0.0609829
3657.024000 0.060959
3657.670000 0.0603153
3658.000000 0.0599863
3658.315000 0.0596721
3658.961000 0.0590276
3659.000000 0.0589887
3659.606000 0.0583834
3660.000000 0.0579113
3660.252000 0.057609
3660.898000 0.0566325
3661.000000 0.0564783
3661.544000 0.0556553
3662.000000 0.0549651
3662.190000 0.0546774
3662.837000 0.0536975
3663.000000 0.0534505
3663.483000 0.0527185
3664.000000 0.0519345
3664.129000 0.0517388
3664.776000 0.0507572
3665.000000 0.0504171
3665.423000 0.0497746
3666.000000 0.0488981
3666.070000 0.0487917
3666.717000 0.0478084
3667.000000 0.0473781
3667.364000 0.0468243
3668.000000 0.0458562
3668.011000 0.0458395
3668.658000 0.0448545
3669.000000 0.0443335
3669.305000 0.0438687
3669.953000 0.0428807
3670.000000 0.042808
3670.601000 0.041878
3671.000000 0.0412599
3671.249000 0.040874
3671.896000 0.0398707
3672.000000 0.0397094
3672.544000 0.0388655
3673.000000 0.0381578
3673.192000 0.0378597
3673.841000 0.0368513
3674.000000 0.0366043
3674.489000 0.0358443
3675.000000 0.0350498
3675.137000 0.0348367
3675.786000 0.0338268
3676.000000 0.0334936
3676.435000 0.0328161
3677.000000 0.0319361
3677.083000 0.0318068
3677.732000 0.0307952
3678.000000 0.0303771
3678.381000 0.0297827
3679.000000 0.0288168
3679.030000 0.02877
3679.679000 0.0277567
3680.000000 0.0272717
3680.329000 0.0267749
3680.978000 0.0258276
3681.000000 0.0257955
3681.628000 0.0248783
3682.000000 0.0243346
3682.278000 0.0239281
3682.927000 0.022979
3683.000000 0.0228722
3683.577000 0.0220279
3684.000000 0.0214084
3684.227000 0.0210758
3684.877000 0.0201234
3685.000000 0.0199431
3685.528000 0.0191687
3686.000000 0.0184764
3686.178000 0.0182152
3686.829000 0.0172593
3687.000000 0.0170081
3687.479000 0.0163045
3688.000000 0.0155388
3688.130000 0.0153477
3688.781000 0.0143899
3689.000000 0.0140677
3689.432000 0.0134319
3690.000000 0.0126461
3690.083000 0.0125313
3690.734000 0.0120298
3691.000000 0.0118247
3691.385000 0.0115277
3692.000000 0.0110532
3692.037000 0.0110246
3692.688000 0.0105222
3693.000000 0.0102812
3693.340000 0.0100185
3693.992000 0.00951469
3694.000000 0.0095085
3694.644000 0.00901039
3695.000000 0.00873502
3695.296000 0.00850598
3695.948000 0.00800106
3696.000000 0.00796077
3696.600000 0.00749582
3697.000000 0.00718583
3697.252000 0.00699048
3697.905000 0.00648391
3698.000000 0.00641021
3698.557000 0.00597797
3699.000000 0.00563392
3699.210000 0.00547077
3699.863000 0.00496327
3700.000000 0.00491008
3700.516000 0.00470976
3701.000000 0.00457184
3701.169000 0.00452367
3701.822000 0.00433739
3702.000000 0.00428659
3702.475000 0.00415098
3703.000000 0.00400109
3703.128000 0.00396453
3703.782000 0.00377761
3704.000000 0.00371527
3704.436000 0.00359057
3705.000000 0.00342916
3705.089000 0.00340368
3705.743000 0.00321647
3706.000000 0.00314285
3706.397000 0.00302906
3707.000000 0.00285615
3707.051000 0.00284152
3707.705000 0.00265387
3708.000000 0.0025692
3708.360000 0.00246583
3709.000000 0.00228203
3709.014000 0.002278
3709.669000 0.00208971
3710.000000 0.00202513
3710.323000 0.00196209
3710.978000 0.00189632
3711.000000 0.00189412
3711.633000 0.00183053
3712.000000 0.00179364
3712.288000 0.00176468
3712.943000 0.00169879
3713.000000 0.00169306
3713.598000 0.00163289
3714.000000 0.0015924
3714.253000 0.00156692
3714.909000 0.00150081
3715.000000 0.00149163
3715.564000 0.00143475
3716.000000 0.00139076
3716.220000 0.00136855
3716.876000 0.00130231
3717.000000 0.00128978
3717.532000 0.00123602
3718.000000 0.00118871
3718.188000 0.0011697
3718.844000 0.00110333
3719.000000 0.00108754
3719.500000 0.00103692
3720.000000 0.000992989
3720.157000 0.000979193
3720.813000 0.000949612
3721.000000 0.000941176
3721.470000 0.000919966
3722.000000 0.000896036
3722.127000 0.000890301
3722.783000 0.00086066
3723.000000 0.000850851
3723.440000 0.000830956
3724.000000 0.000805622
3724.097000 0.000801232
3724.755000 0.000771444
3725.000000 0.000760343
3725.412000 0.000741671
3726.000000 0.000715019
3726.069000 0.000711891
3726.727000 0.000682044
3727.000000 0.000669656
3727.385000 0.000652179
3728.000000 0.000624248
3728.042000 0.00062234
3728.700000 0.000592437
3729.000000 0.000578797
3729.358000 0.000562514
3730.000000 0.000533582
3730.016000 0.000532861
3730.675000 0.000515126
3731.000000 0.000506375
3731.333000 0.000497405
3731.991000 0.000479672
3732.000000 0.00047943
3732.650000 0.000461902
3733.000000 0.000452455
3733.309000 0.000444113
3733.968000 0.00042632
3734.000000 0.000425456
3734.626000 0.000408541
3735.000000 0.00039843
3735.285000 0.000390723
3735.945000 0.000372863
3736.000000 0.000371374
3736.604000 0.000355023
3737.000000 0.000344297
3737.263000 0.000337172
3737.923000 0.000319276
3738.000000 0.000317188
3738.583000 0.000301375
3739.000000 0.000290059
3739.242000 0.000283489
3739.902000 0.000265559
3740.000000 0.000263919
3740.562000 0.000254512
3741.000000 0.000247974
3741.222000 0.000244659
3741.882000 0.000234796
3742.000000 0.000233032
3742.543000 0.000224914
3743.000000 0.000218078
3743.203000 0.000215041
3743.864000 0.000205144
3744.000000 0.000203107
3744.524000 0.000195257
3745.000000 0.000188121
3745.185000 0.000185346
3745.846000 0.000175433
3746.000000 0.000173121
3746.507000 0.000165508
3747.000000 0.000158105
3747.168000 0.000155581
3747.830000 0.00014563
3748.000000 0.000143074
3748.491000 0.000135689
3749.000000 0.000128027
3749.152000 0.000125739
3749.814000 0.000115771
3750.000000 0.00011411
3750.476000 0.000109856
3751.000000 0.00010643
3751.137000 0.000105534
3751.800000 0.000101194
3752.000000 9.98848e-05
3752.461000 9.68663e-05
3753.000000 9.33344e-05
3753.124000 9.25216e-05
3753.786000 8.81821e-05
3754.000000 8.67782e-05
3754.448000 8.38383e-05
3755.000000 8.02143e-05
3755.111000 7.94853e-05
3755.774000 7.51307e-05
3756.000000 7.36452e-05
3756.437000 7.07722e-05
3757.000000 6.70689e-05
3757.099000 6.64175e-05
3757.762000 6.20554e-05
3758.000000 6.04883e-05
3758.426000 5.76822e-05
3759.000000 5.38994e-05
3759.089000 5.33127e-05
3759.752000 4.89423e-05
3760.000000 4.79275e-05
3760.416000 4.62248e-05
3761.000000 4.47059e-05
3761.079000 4.45004e-05
3761.743000 4.27731e-05
3762.000000 4.2104e-05
3762.407000 4.10441e-05
3763.000000 3.94991e-05
3763.071000 3.93141e-05
3763.735000 3.75829e-05
3764.000000 3.68919e-05
3764.399000 3.58513e-05
3765.000000 3.42826e-05
3765.063000 3.41181e-05
3765.728000 3.23813e-05
3766.000000 3.16705e-05
3766.392000 3.06458e-05
3767.000000 2.90564e-05
3767.057000 2.89074e-05
3767.721000 2.71698e-05
3768.000000 2.64394e-05
3768.386000 2.54286e-05
3769.000000 2.38201e-05
3769.052000 2.36838e-05
3769.717000 2.19405e-05
3770.000000 2.14668e-05
