4471.000000 4.83529e-05
4472.000000 4.9374e-05
4473.000000 5.03958e-05
4474.000000 5.14182e-05
4475.000000 5.24413e-05
4476.000000 5.34653e-05
4477.000000 5.44896e-05
4478.000000 5.55148e-05
4479.000000 5.65406e-05
4480.000000 5.75671e-05
4481.000000 6.17834e-05
4482.000000 6.60024e-05
4483.000000 7.02245e-05
4484.000000 7.44495e-05
4485.000000 7.86777e-05
4486.000000 8.29086e-05
4487.000000 8.71423e-05
4488.000000 9.13789e-05
4489.000000 9.56186e-05
4490.000000 9.98611e-05
4491.000000 0.000104101
4492.000000 0.000108344
4493.000000 0.000112589
4494.000000 0.000116836
4495.000000 0.000121086
4496.000000 0.000125339
4497.000000 0.000129594
4498.000000 0.000133851
4499.000000 0.000138111
4500.000000 0.000142374
4501.000000 0.00014665
4502.000000 0.00015093
4503.000000 0.000155213
4504.000000 0.0001595
4505.000000 0.000163789
4506.000000 0.000168082
4507.000000 0.000172377
4508.000000 0.000176676
4509.000000 0.000180979
4510.000000 0.000185284
4511.000000 0.000189578
4512.000000 0.000193875
4513.000000 0.000198175
4514.000000 0.000202477
4515.000000 0.000206782
4516.000000 0.000211088
4517.000000 0.000215398
4518.000000 0.00021971
4519.000000 0.000224024
4520.000000 0.000228341
4521.000000 0.000243041
4522.000000 0.000257752
4523.000000 0.000272471
4524.000000 0.000287198
4525.000000 0.000301936
4526.000000 0.000316683
4527.000000 0.000331438
4528.000000 0.000346204
4529.000000 0.000360977
4530.000000 0.000375761
4531.000000 0.000390557
4532.000000 0.000405364
4533.000000 0.000420179
4534.000000 0.000435006
4535.000000 0.00044984
4536.000000 0.000464683
4537.000000 0.000479538
4538.000000 0.000494401
4539.000000 0.000509275
4540.000000 0.000524157
4541.000000 0.000539057
4542.000000 0.000553966
4543.000000 0.000568887
4544.000000 0.000583817
4545.000000 0.000598758
4546.000000 0.000613707
4547.000000 0.000628666
4548.000000 0.000643638
4549.000000 0.000658617
4550.000000 0.000673606
4551.000000 0.000688591
4552.000000 0.000703581
4553.000000 0.000718583
4554.000000 0.000733593
4555.000000 0.000748613
4556.000000 0.000763645
4557.000000 0.000778679
4558.000000 0.000793728
4559.000000 0.000808788
4560.000000 0.00082385
4561.000000 0.000898007
4562.000000 0.000972216
4563.000000 0.00104647
4564.000000 0.00112077
4565.000000 0.00119512
4566.000000 0.00126953
4567.000000 0.00134398
4568.000000 0.00141848
4569.000000 0.00149303
4570.000000 0.00156762
4571.000000 0.00164227
4572.000000 0.00171696
4573.000000 0.0017917
4574.000000 0.00186648
4575.000000 0.00194132
4576.000000 0.0020162
4577.000000 0.00209114
4578.000000 0.00216612
4579.000000 0.00224115
4580.000000 0.00231623
4581.000000 0.00239726
4582.000000 0.00247834
4583.000000 0.00255947
4584.000000 0.00264066
4585.000000 0.00272189
4586.000000 0.00280317
4587.000000 0.00288451
4588.000000 0.0029659
4589.000000 0.00304733
4590.000000 0.00312882
4591.000000 0.00323165
4592.000000 0.00333454
4593.000000 0.0034375
4594.000000 0.00354051
4595.000000 0.00364358
4596.000000 0.00374672
4597.000000 0.00384991
4598.000000 0.00395317
4599.000000 0.00405648
4600.000000 0.00415985
4601.000000 0.0043022
4602.000000 0.00444463
4603.000000 0.00458715
4604.000000 0.00472974
4605.000000 0.00487242
4606.000000 0.00501517
4607.000000 0.00515801
4608.000000 0.00530092
4609.000000 0.00544395
4610.000000 0.00558702
4611.000000 0.00576679
4612.000000 0.00594668
4613.000000 0.00612668
4614.000000 0.00630678
4615.000000 0.00648698
4616.000000 0.00666728
4617.000000 0.00684768
4618.000000 0.00702819
4619.000000 0.00720881
4620.000000 0.00738953
4621.000000 0.0076265
4622.000000 0.00786363
4623.000000 0.00810085
4624.000000 0.00833826
4625.000000 0.00857575
4626.000000 0.00881338
4627.000000 0.00905113
4628.000000 0.00928904
4629.000000 0.00952704
4630.000000 0.00976519
4631.000000 0.0100599
4632.000000 0.0103547
4633.000000 0.0106497
4634.000000 0.0109449
4635.000000 0.0112402
4636.000000 0.0115357
4637.000000 0.0118313
4638.000000 0.0121271
4639.000000 0.0124231
4640.000000 0.0127192
4641.000000 0.0130942
4642.000000 0.0134695
4643.000000 0.0138449
4644.000000 0.0142206
4645.000000 0.0145964
4646.000000 0.0149725
4647.000000 0.0153487
4648.000000 0.0157252
4649.000000 0.0161019
4650.000000 0.0164787
4651.000000 0.0169422
4652.000000 0.0174059
4653.000000 0.0178699
4654.000000 0.0183341
4655.000000 0.0187986
4656.000000 0.0192633
4657.000000 0.0197284
4658.000000 0.0201936
4659.000000 0.020659
4660.000000 0.0211248
4661.000000 0.0216656
4662.000000 0.0222067
4663.000000 0.0227481
4664.000000 0.0232898
4665.000000 0.0238319
4666.000000 0.0243743
4667.000000 0.024917
4668.000000 0.0254601
4669.000000 0.0260034
4670.000000 0.026547
4671.000000 0.0271492
4672.000000 0.0277516
4673.000000 0.0283544
4674.000000 0.0289574
4675.000000 0.0295608
4676.000000 0.0301642
4677.000000 0.0307683
4678.000000 0.0313725
4679.000000 0.0319769
4680.000000 0.0325816
4681.000000 0.0332873
4682.000000 0.0339934
4683.000000 0.0346998
4684.000000 0.0354065
4685.000000 0.0361135
4686.000000 0.0368213
4687.000000 0.0375292
4688.000000 0.0382375
4689.000000 0.0389461
4690.000000 0.0396553
4691.000000 0.0406396
4692.000000 0.0416245
4693.000000 0.0426099
4694.000000 0.043596
4695.000000 0.0445826
4696.000000 0.0455696
4697.000000 0.0465573
4698.000000 0.0475457
4699.000000 0.0485344
4700.000000 0.0495237
4701.000000 0.0503373
4702.000000 0.0511514
4703.000000 0.0519657
4704.000000 0.0527805
4705.000000 0.0535957
4706.000000 0.0544113
4707.000000 0.0552274
4708.000000 0.056044
4709.000000 0.0568608
4710.000000 0.0576781
4711.000000 0.0585216
4712.000000 0.0593656
4713.000000 0.06021
4714.000000 0.0610547
4715.000000 0.0619002
4716.000000 0.0627458
4717.000000 0.0635921
4718.000000 0.0644387
4719.000000 0.0652857
4720.000000 0.0661333
4721.000000 0.0670317
4722.000000 0.0679307
4723.000000 0.0688304
4724.000000 0.0697304
4725.000000 0.0706307
4726.000000 0.0715314
4727.000000 0.072433
4728.000000 0.0733348
4729.000000 0.0742372
4730.000000 0.07514
4731.000000 0.0759668
4732.000000 0.0767937
4733.000000 0.0776212
4734.000000 0.0784489
4735.000000 0.0792773
4736.000000 0.080106
4737.000000 0.0809351
4738.000000 0.0817647
4739.000000 0.0825947
4740.000000 0.0834252
4741.000000 0.0843318
4742.000000 0.0852391
4743.000000 0.0861469
4744.000000 0.0870548
4745.000000 0.0879633
4746.000000 0.0888724
4747.000000 0.089782
4748.000000 0.0906919
4749.000000 0.0916024
4750.000000 0.0925131
4751.000000 0.0935024
4752.000000 0.0944921
4753.000000 0.095482
4754.000000 0.0964729
4755.000000 0.0974638
4756.000000 0.0984556
4757.000000 0.0994478
4758.000000 0.100441
4759.000000 0.101434
4760.000000 0.102428
4761.000000 0.10327
4762.000000 0.104112
4763.000000 0.104955
4764.000000 0.105798
4765.000000 0.106642
4766.000000 0.107486
4767.000000 0.108331
4768.000000 0.109176
4769.000000 0.110021
4770.000000 0.110867
4771.000000 0.111862
4772.000000 0.112858
4773.000000 0.113854
4774.000000 0.114851
4775.000000 0.115848
4776.000000 0.116845
4777.000000 0.117843
4778.000000 0.118842
4779.000000 0.11984
4780.000000 0.12084
4781.000000 0.121841
4782.000000 0.122844
4783.000000 0.123846
4784.000000 0.124849
4785.000000 0.125853
4786.000000 0.126857
4787.000000 0.127862
4788.000000 0.128867
4789.000000 0.129872
4790.000000 0.130878
4791.000000 0.131888
4792.000000 0.132899
4793.000000 0.13391
4794.000000 0.134921
4795.000000 0.135934
4796.000000 0.136946
4797.000000 0.13796
4798.000000 0.138973
4799.000000 0.139987
4800.000000 0.141002
4801.000000 0.141806
4802.000000 0.142611
4803.000000 0.143416
4804.000000 0.144221
4805.000000 0.145026
4806.000000 0.145832
4807.000000 0.146638
4808.000000 0.147445
4809.000000 0.148252
4810.000000 0.149059
4811.000000 0.149986
4812.000000 0.150914
4813.000000 0.151841
4814.000000 0.152769
4815.000000 0.153697
4816.000000 0.154626
4817.000000 0.155555
4818.000000 0.156484
4819.000000 0.157414
4820.000000 0.158344
4821.000000 0.159156
4822.000000 0.159969
4823.000000 0.160782
4824.000000 0.161595
4825.000000 0.162409
4826.000000 0.163223
4827.000000 0.164038
4828.000000 0.164853
4829.000000 0.165668
4830.000000 0.166484
4831.000000 0.16727
4832.000000 0.168056
4833.000000 0.168843
4834.000000 0.169631
4835.000000 0.170418
4836.000000 0.171205
4837.000000 0.171993
4838.000000 0.172782
4839.000000 0.173571
4840.000000 0.17436
4841.000000 0.174942
4842.000000 0.175525
4843.000000 0.176107
4844.000000 0.17669
4845.000000 0.177274
4846.000000 0.177858
4847.000000 0.178442
4848.000000 0.179026
4849.000000 0.17961
4850.000000 0.180195
4851.000000 0.180958
4852.000000 0.181722
4853.000000 0.182486
4854.000000 0.183251
4855.000000 0.184016
4856.000000 0.184781
4857.000000 0.185546
4858.000000 0.186311
4859.000000 0.187077
4860.000000 0.187843
4861.000000 0.18817
4862.000000 0.188498
4863.000000 0.188825
4864.000000 0.189152
4865.000000 0.18948
4866.000000 0.189808
4867.000000 0.190136
4868.000000 0.190464
4869.000000 0.190792
4870.000000 0.19112
4871.000000 0.191552
4872.000000 0.191984
4873.000000 0.192416
4874.000000 0.192848
4875.000000 0.193281
4876.000000 0.193713
4877.000000 0.194146
4878.000000 0.194579
4879.000000 0.195012
4880.000000 0.195445
4881.000000 0.195853
4882.000000 0.19626
4883.000000 0.196669
4884.000000 0.197076
4885.000000 0.197485
4886.000000 0.197893
4887.000000 0.198301
4888.000000 0.19871
4889.000000 0.199119
4890.000000 0.199528
4891.000000 0.199804
4892.000000 0.200081
4893.000000 0.200358
4894.000000 0.200636
4895.000000 0.200912
4896.000000 0.201189
4897.000000 0.201467
4898.000000 0.201744
4899.000000 0.202021
4900.000000 0.202299
4901.000000 0.202553
4902.000000 0.202807
4903.000000 0.203061
4904.000000 0.203315
4905.000000 0.203569
4906.000000 0.203824
4907.000000 0.204079
4908.000000 0.204333
4909.000000 0.204588
4910.000000 0.204843
4911.000000 0.205126
4912.000000 0.205408
4913.000000 0.205691
4914.000000 0.205974
4915.000000 0.206257
4916.000000 0.20654
4917.000000 0.206824
4918.000000 0.207108
4919.000000 0.207391
4920.000000 0.207674
4921.000000 0.207875
4922.000000 0.208075
4923.000000 0.208276
4924.000000 0.208475
4925.000000 0.208676
4926.000000 0.208876
4927.000000 0.209076
4928.000000 0.209277
4929.000000 0.209477
4930.000000 0.209678
4931.000000 0.209903
4932.000000 0.210128
4933.000000 0.210354
4934.000000 0.21058
4935.000000 0.210806
4936.000000 0.211031
4937.000000 0.211257
4938.000000 0.211482
4939.000000 0.211708
4940.000000 0.211933
4941.000000 0.211796
4942.000000 0.211657
4943.000000 0.211519
4944.000000 0.21138
4945.000000 0.211242
4946.000000 0.211103
4947.000000 0.210964
4948.000000 0.210825
4949.000000 0.210686
4950.000000 0.210546
4951.000000 0.211251
4952.000000 0.211957
4953.000000 0.212663
4954.000000 0.213369
4955.000000 0.214075
4956.000000 0.214782
4957.000000 0.215489
4958.000000 0.216196
4959.000000 0.216903
4960.000000 0.21761
4961.000000 0.21779
4962.000000 0.217971
4963.000000 0.218151
4964.000000 0.218331
4965.000000 0.218512
4966.000000 0.218692
4967.000000 0.218873
4968.000000 0.219053
4969.000000 0.219233
4970.000000 0.219414
4971.000000 0.220016
4972.000000 0.220618
4973.000000 0.22122
4974.000000 0.221823
4975.000000 0.222426
4976.000000 0.223029
4977.000000 0.223632
4978.000000 0.224235
4979.000000 0.224839
4980.000000 0.225442
4981.000000 0.225513
4982.000000 0.225584
4983.000000 0.225655
4984.000000 0.225726
4985.000000 0.225797
4986.000000 0.225868
4987.000000 0.225939
4988.000000 0.22601
4989.000000 0.226081
4990.000000 0.226152
4991.000000 0.226494
4992.000000 0.226837
4993.000000 0.22718
4994.000000 0.227523
4995.000000 0.227866
4996.000000 0.228209
4997.000000 0.228553
4998.000000 0.228896
4999.000000 0.229239
5000.000000 0.229583
5001.000000 0.229903
5002.000000 0.230223
5003.000000 0.230543
5004.000000 0.230862
5005.000000 0.231182
5006.000000 0.231502
5007.000000 0.231822
5008.000000 0.232142
5009.000000 0.232462
5010.000000 0.232782
5011.000000 0.232974
5012.000000 0.233166
5013.000000 0.233357
5014.000000 0.233549
5015.000000 0.233741
5016.000000 0.233933
5017.000000 0.234124
5018.000000 0.234316
5019.000000 0.234508
5020.000000 0.2347
5021.000000 0.234731
5022.000000 0.234762
5023.000000 0.234793
5024.000000 0.234824
5025.000000 0.234855
5026.000000 0.234885
5027.000000 0.234917
5028.000000 0.234947
5029.000000 0.234978
5030.000000 0.235009
5031.000000 0.235255
5032.000000 0.235502
5033.000000 0.235749
5034.000000 0.235996
5035.000000 0.236243
5036.000000 0.236489
5037.000000 0.236737
5038.000000 0.236984
5039.000000 0.23723
5040.000000 0.237477
5041.000000 0.237346
5042.000000 0.237214
5043.000000 0.237082
5044.000000 0.236949
5045.000000 0.236817
5046.000000 0.236685
5047.000000 0.236553
5048.000000 0.23642
5049.000000 0.236288
5050.000000 0.236156
5051.000000 0.236431
5052.000000 0.236706
5053.000000 0.236982
5054.000000 0.237257
5055.000000 0.237532
5056.000000 0.237808
5057.000000 0.238083
5058.000000 0.238358
5059.000000 0.238634
5060.000000 0.238909
5061.000000 0.238561
5062.000000 0.238213
5063.000000 0.237865
5064.000000 0.237516
5065.000000 0.237167
5066.000000 0.236818
5067.000000 0.23647
5068.000000 0.236121
5069.000000 0.235771
5070.000000 0.235422
5071.000000 0.235569
5072.000000 0.235716
5073.000000 0.235863
5074.000000 0.23601
5075.000000 0.236157
5076.000000 0.236304
5077.000000 0.236451
5078.000000 0.236598
5079.000000 0.236745
5080.000000 0.236892
5081.000000 0.236593
5082.000000 0.236293
5083.000000 0.235993
5084.000000 0.235693
5085.000000 0.235392
5086.000000 0.235092
5087.000000 0.234792
5088.000000 0.234492
5089.000000 0.234191
5090.000000 0.23389
5091.000000 0.233779
5092.000000 0.233669
5093.000000 0.233557
5094.000000 0.233446
5095.000000 0.233336
5096.000000 0.233224
5097.000000 0.233113
5098.000000 0.233002
5099.000000 0.23289
5100.000000 0.232779
5101.000000 0.232645
5102.000000 0.232511
5103.000000 0.232376
5104.000000 0.232243
5105.000000 0.232108
5106.000000 0.231974
5107.000000 0.231839
5108.000000 0.231705
5109.000000 0.23157
5110.000000 0.231436
5111.000000 0.231408
5112.000000 0.231381
5113.000000 0.231353
5114.000000 0.231327
5115.000000 0.231299
5116.000000 0.231271
5117.000000 0.231244
5118.000000 0.231216
5119.000000 0.231188
5120.000000 0.231161
5121.000000 0.231132
5122.000000 0.231105
5123.000000 0.231077
5124.000000 0.231049
5125.000000 0.231021
5126.000000 0.230992
5127.000000 0.230965
5128.000000 0.230936
5129.000000 0.230908
5130.000000 0.230879
5131.000000 0.230804
5132.000000 0.230728
5133.000000 0.230653
5134.000000 0.230577
5135.000000 0.230501
5136.000000 0.230425
5137.000000 0.23035
5138.000000 0.230274
5139.000000 0.230198
5140.000000 0.230122
5141.000000 0.230065
5142.000000 0.230008
5143.000000 0.22995
5144.000000 0.229892
5145.000000 0.229835
5146.000000 0.229777
5147.000000 0.229719
5148.000000 0.229662
5149.000000 0.229604
5150.000000 0.229546
5151.000000 0.229567
5152.000000 0.229589
5153.000000 0.22961
5154.000000 0.229632
5155.000000 0.229652
5156.000000 0.229674
5157.000000 0.229695
5158.000000 0.229716
5159.000000 0.229736
5160.000000 0.229758
5161.000000 0.229918
5162.000000 0.230078
5163.000000 0.230237
5164.000000 0.230397
5165.000000 0.230557
5166.000000 0.230717
5167.000000 0.230876
5168.000000 0.231036
5169.000000 0.231197
5170.000000 0.231356
5171.000000 0.231577
5172.000000 0.231799
5173.000000 0.23202
5174.000000 0.232241
5175.000000 0.232462
5176.000000 0.232684
5177.000000 0.232905
5178.000000 0.233126
5179.000000 0.233347
5180.000000 0.233569
5181.000000 0.233516
5182.000000 0.233464
5183.000000 0.23341
5184.000000 0.233358
5185.000000 0.233304
5186.000000 0.233251
5187.000000 0.233198
5188.000000 0.233145
5189.000000 0.233091
5190.000000 0.233038
5191.000000 0.233277
5192.000000 0.233516
5193.000000 0.233756
5194.000000 0.233996
5195.000000 0.234235
5196.000000 0.234474
5197.000000 0.234713
5198.000000 0.234952
5199.000000 0.235192
5200.000000 0.235431
5201.000000 0.235394
5202.000000 0.235356
5203.000000 0.235319
5204.000000 0.23528
5205.000000 0.235243
5206.000000 0.235205
5207.000000 0.235167
5208.000000 0.235129
5209.000000 0.235092
5210.000000 0.235053
5211.000000 0.235234
5212.000000 0.235415
5213.000000 0.235595
5214.000000 0.235776
5215.000000 0.235957
5216.000000 0.236137
5217.000000 0.236318
5218.000000 0.236498
5219.000000 0.236679
5220.000000 0.236859
5221.000000 0.236873
5222.000000 0.236887
5223.000000 0.2369
5224.000000 0.236914
5225.000000 0.236928
5226.000000 0.236941
5227.000000 0.236954
5228.000000 0.236968
5229.000000 0.236982
5230.000000 0.236995
5231.000000 0.237149
5232.000000 0.237302
5233.000000 0.237455
5234.000000 0.237609
5235.000000 0.237762
5236.000000 0.237915
5237.000000 0.238069
5238.000000 0.238223
5239.000000 0.238376
5240.000000 0.238529
5241.000000 0.238352
5242.000000 0.238176
5243.000000 0.237999
5244.000000 0.237822
5245.000000 0.237645
5246.000000 0.237469
5247.000000 0.237292
5248.000000 0.237114
5249.000000 0.236938
5250.000000 0.23676
5251.000000 0.236718
5252.000000 0.236676
5253.000000 0.236633
5254.000000 0.23659
5255.000000 0.236548
5256.000000 0.236506
5257.000000 0.236463
5258.000000 0.23642
5259.000000 0.236377
5260.000000 0.236335
5261.000000 0.236371
5262.000000 0.236409
5263.000000 0.236446
5264.000000 0.236483
5265.000000 0.236519
5266.000000 0.236556
5267.000000 0.236593
5268.000000 0.23663
5269.000000 0.236667
5270.000000 0.236703
5271.000000 0.236583
5272.000000 0.236461
5273.000000 0.23634
5274.000000 0.23622
5275.000000 0.236099
5276.000000 0.235978
5277.000000 0.235856
5278.000000 0.235735
5279.000000 0.235613
5280.000000 0.235492
5281.000000 0.235149
5282.000000 0.234807
5283.000000 0.234463
5284.000000 0.23412
5285.000000 0.233777
5286.000000 0.233433
5287.000000 0.23309
5288.000000 0.232747
5289.000000 0.232403
5290.000000 0.232059
5291.000000 0.232126
5292.000000 0.232191
5293.000000 0.232256
5294.000000 0.232321
5295.000000 0.232387
5296.000000 0.232452
5297.000000 0.232517
5298.000000 0.232583
5299.000000 0.232647
5300.000000 0.232712
5301.000000 0.232423
5302.000000 0.232134
5303.000000 0.231844
5304.000000 0.231554
5305.000000 0.231264
5306.000000 0.230974
5307.000000 0.230684
5308.000000 0.230394
5309.000000 0.230104
5310.000000 0.229814
5311.000000 0.2298
5312.000000 0.229785
5313.000000 0.229772
5314.000000 0.229758
5315.000000 0.229744
5316.000000 0.22973
5317.000000 0.229716
5318.000000 0.229702
5319.000000 0.229687
5320.000000 0.229673
5321.000000 0.229407
5322.000000 0.229141
5323.000000 0.228875
5324.000000 0.228609
5325.000000 0.228343
5326.000000 0.228077
5327.000000 0.227811
5328.000000 0.227545
5329.000000 0.227278
5330.000000 0.227012
5331.000000 0.227106
5332.000000 0.2272
5333.000000 0.227294
5334.000000 0.227389
5335.000000 0.227483
5336.000000 0.227577
5337.000000 0.227671
5338.000000 0.227765
5339.000000 0.227859
5340.000000 0.227953
5341.000000 0.227766
5342.000000 0.227577
5343.000000 0.227389
5344.000000 0.227201
5345.000000 0.227013
5346.000000 0.226825
5347.000000 0.226636
5348.000000 0.226447
5349.000000 0.226259
5350.000000 0.226071
5351.000000 0.226058
5352.000000 0.226045
5353.000000 0.226031
5354.000000 0.226018
5355.000000 0.226005
5356.000000 0.225991
5357.000000 0.225978
5358.000000 0.225964
5359.000000 0.225951
5360.000000 0.225938
5361.000000 0.225892
5362.000000 0.225846
5363.000000 0.2258
5364.000000 0.225754
5365.000000 0.225708
5366.000000 0.225662
5367.000000 0.225616
5368.000000 0.225569
5369.000000 0.225524
5370.000000 0.225478
5371.000000 0.225732
5372.000000 0.225987
5373.000000 0.226241
5374.000000 0.226496
5375.000000 0.22675
5376.000000 0.227005
5377.000000 0.227259
5378.000000 0.227515
5379.000000 0.227769
5380.000000 0.228024
5381.000000 0.228035
5382.000000 0.228046
5383.000000 0.228058
5384.000000 0.228069
5385.000000 0.22808
5386.000000 0.228092
5387.000000 0.228103
5388.000000 0.228114
5389.000000 0.228126
5390.000000 0.228136
5391.000000 0.228259
5392.000000 0.228382
5393.000000 0.228505
5394.000000 0.228627
5395.000000 0.22875
5396.000000 0.228873
5397.000000 0.228996
5398.000000 0.229119
5399.000000 0.229241
5400.000000 0.229364
5401.000000 0.229399
5402.000000 0.229435
5403.000000 0.22947
5404.000000 0.229505
5405.000000 0.229541
5406.000000 0.229576
5407.000000 0.229611
5408.000000 0.229647
5409.000000 0.229683
5410.000000 0.229718
5411.000000 0.229776
5412.000000 0.229834
5413.000000 0.229893
5414.000000 0.229951
5415.000000 0.230009
5416.000000 0.230068
5417.000000 0.230126
5418.000000 0.230185
5419.000000 0.230243
5420.000000 0.230302
5421.000000 0.23053
5422.000000 0.230759
5423.000000 0.230988
5424.000000 0.231216
5425.000000 0.231445
5426.000000 0.231674
5427.000000 0.231902
5428.000000 0.232132
5429.000000 0.23236
5430.000000 0.232589
5431.000000 0.232709
5432.000000 0.232829
5433.000000 0.232949
5434.000000 0.233069
5435.000000 0.23319
5436.000000 0.23331
5437.000000 0.23343
5438.000000 0.23355
5439.000000 0.233671
5440.000000 0.233791
5441.000000 0.23386
5442.000000 0.233929
5443.000000 0.233997
5444.000000 0.234066
5445.000000 0.234135
5446.000000 0.234204
5447.000000 0.234273
5448.000000 0.234342
5449.000000 0.234411
5450.000000 0.23448
5451.000000 0.234377
5452.000000 0.234272
5453.000000 0.234167
5454.000000 0.234063
5455.000000 0.233958
5456.000000 0.233854
5457.000000 0.23375
5458.000000 0.233645
5459.000000 0.233541
5460.000000 0.233438
5461.000000 0.23361
5462.000000 0.233782
5463.000000 0.233955
5464.000000 0.234128
5465.000000 0.234301
5466.000000 0.234474
5467.000000 0.234646
5468.000000 0.234819
5469.000000 0.234992
5470.000000 0.235165
5471.000000 0.235202
5472.000000 0.235239
5473.000000 0.235276
5474.000000 0.235313
5475.000000 0.23535
5476.000000 0.235386
5477.000000 0.235423
5478.000000 0.235461
5479.000000 0.235498
5480.000000 0.235535
5481.000000 0.235515
5482.000000 0.235495
5483.000000 0.235475
5484.000000 0.235455
5485.000000 0.235435
5486.000000 0.235414
5487.000000 0.235395
5488.000000 0.235375
5489.000000 0.235355
5490.000000 0.235336
5491.000000 0.235626
5492.000000 0.235918
5493.000000 0.23621
5494.000000 0.236501
5495.000000 0.236793
5496.000000 0.237086
5497.000000 0.237377
5498.000000 0.237669
5499.000000 0.23796
5500.000000 0.238252
5501.000000 0.237903
5502.000000 0.237553
5503.000000 0.237204
5504.000000 0.236854
5505.000000 0.236504
5506.000000 0.236154
5507.000000 0.235804
5508.000000 0.235454
5509.000000 0.235104
5510.000000 0.234754
5511.000000 0.234707
5512.000000 0.234659
5513.000000 0.234613
5514.000000 0.234565
5515.000000 0.234518
5516.000000 0.234471
5517.000000 0.234423
5518.000000 0.234376
5519.000000 0.234329
5520.000000 0.234282
5521.000000 0.234126
5522.000000 0.23397
5523.000000 0.233814
5524.000000 0.233658
5525.000000 0.233502
5526.000000 0.233347
5527.000000 0.233191
5528.000000 0.233035
5529.000000 0.232879
5530.000000 0.232723
5531.000000 0.232644
5532.000000 0.232567
5533.000000 0.232487
5534.000000 0.232409
5535.000000 0.232331
5536.000000 0.232252
5537.000000 0.232174
5538.000000 0.232095
5539.000000 0.232018
5540.000000 0.231939
5541.000000 0.231703
5542.000000 0.231466
5543.000000 0.23123
5544.000000 0.230994
5545.000000 0.230758
5546.000000 0.230521
5547.000000 0.230284
5548.000000 0.230048
5549.000000 0.229812
5550.000000 0.229575
5551.000000 0.229615
5552.000000 0.229654
5553.000000 0.229693
5554.000000 0.229732
5555.000000 0.229771
5556.000000 0.229811
5557.000000 0.22985
5558.000000 0.229889
5559.000000 0.229928
5560.000000 0.229968
5561.000000 0.229586
5562.000000 0.229204
5563.000000 0.228821
5564.000000 0.228439
5565.000000 0.228056
5566.000000 0.227674
5567.000000 0.227292
5568.000000 0.226909
5569.000000 0.226527
5570.000000 0.226145
5571.000000 0.226215
5572.000000 0.226285
5573.000000 0.226356
5574.000000 0.226426
5575.000000 0.226496
5576.000000 0.226567
5577.000000 0.226638
5578.000000 0.226708
5579.000000 0.226778
5580.000000 0.226849
5581.000000 0.226573
5582.000000 0.226298
5583.000000 0.226023
5584.000000 0.225747
5585.000000 0.225472
5586.000000 0.225196
5587.000000 0.224921
5588.000000 0.224646
5589.000000 0.22437
5590.000000 0.224095
5591.000000 0.223946
5592.000000 0.223796
5593.000000 0.223647
5594.000000 0.223498
5595.000000 0.223348
5596.000000 0.223199
5597.000000 0.223049
5598.000000 0.2229
5599.000000 0.222751
5600.000000 0.222601
5601.000000 0.222242
5602.000000 0.221883
5603.000000 0.221523
5604.000000 0.221165
5605.000000 0.220805
5606.000000 0.220446
5607.000000 0.220087
5608.000000 0.219728
5609.000000 0.219369
5610.000000 0.21901
5611.000000 0.218903
5612.000000 0.218796
5613.000000 0.21869
5614.000000 0.218583
5615.000000 0.218476
5616.000000 0.218369
5617.000000 0.218262
5618.000000 0.218156
5619.000000 0.21805
5620.000000 0.217943
5621.000000 0.217754
5622.000000 0.217564
5623.000000 0.217375
5624.000000 0.217186
5625.000000 0.216996
5626.000000 0.216807
5627.000000 0.216618
5628.000000 0.216428
5629.000000 0.216239
5630.000000 0.21605
5631.000000 0.216225
5632.000000 0.216399
5633.000000 0.216574
5634.000000 0.216749
5635.000000 0.216923
5636.000000 0.217098
5637.000000 0.217273
5638.000000 0.217448
5639.000000 0.217623
5640.000000 0.217797
5641.000000 0.21741
5642.000000 0.217023
5643.000000 0.216635
5644.000000 0.216248
5645.000000 0.21586
5646.000000 0.215473
5647.000000 0.215085
5648.000000 0.214698
5649.000000 0.21431
5650.000000 0.213922
5651.000000 0.213596
5652.000000 0.21327
5653.000000 0.212943
5654.000000 0.212616
5655.000000 0.21229
5656.000000 0.211964
5657.000000 0.211637
5658.000000 0.211311
5659.000000 0.210984
5660.000000 0.210658
5661.000000 0.210637
5662.000000 0.210617
5663.000000 0.210596
5664.000000 0.210576
5665.000000 0.210555
5666.000000 0.210535
5667.000000 0.210515
5668.000000 0.210494
5669.000000 0.210473
5670.000000 0.210453
5671.000000 0.210378
5672.000000 0.210303
5673.000000 0.210228
5674.000000 0.210152
5675.000000 0.210077
5676.000000 0.210001
5677.000000 0.209927
5678.000000 0.209851
5679.000000 0.209776
5680.000000 0.2097
5681.000000 0.209223
5682.000000 0.208747
5683.000000 0.208269
5684.000000 0.207792
5685.000000 0.207315
5686.000000 0.206838
5687.000000 0.206361
5688.000000 0.205883
5689.000000 0.205406
5690.000000 0.204929
5691.000000 0.204767
5692.000000 0.204604
5693.000000 0.204442
5694.000000 0.204279
5695.000000 0.204116
5696.000000 0.203954
5697.000000 0.203791
5698.000000 0.203628
5699.000000 0.203466
5700.000000 0.203304
5701.000000 0.203204
5702.000000 0.203105
5703.000000 0.203006
5704.000000 0.202906
5705.000000 0.202807
5706.000000 0.202708
5707.000000 0.202609
5708.000000 0.20251
5709.000000 0.20241
5710.000000 0.202311
5711.000000 0.202093
5712.000000 0.201876
5713.000000 0.201658
5714.000000 0.20144
5715.000000 0.201222
5716.000000 0.201005
5717.000000 0.200787
5718.000000 0.200569
5719.000000 0.200351
5720.000000 0.200133
5721.000000 0.199581
5722.000000 0.199027
5723.000000 0.198474
5724.000000 0.197921
5725.000000 0.197367
5726.000000 0.196814
5727.000000 0.196261
5728.000000 0.195707
5729.000000 0.195154
5730.000000 0.1946
5731.000000 0.194664
5732.000000 0.194729
5733.000000 0.194793
5734.000000 0.194857
5735.000000 0.194921
5736.000000 0.194985
5737.000000 0.19505
5738.000000 0.195114
5739.000000 0.195178
5740.000000 0.195242
5741.000000 0.194851
5742.000000 0.194461
5743.000000 0.19407
5744.000000 0.193679
5745.000000 0.193288
5746.000000 0.192898
5747.000000 0.192507
5748.000000 0.192117
5749.000000 0.191726
5750.000000 0.191335
5751.000000 0.19112
5752.000000 0.190903
5753.000000 0.190688
5754.000000 0.190473
5755.000000 0.190257
5756.000000 0.190041
5757.000000 0.189826
5758.000000 0.18961
5759.000000 0.189394
5760.000000 0.189178
5761.000000 0.188874
5762.000000 0.188568
5763.000000 0.188263
5764.000000 0.187958
5765.000000 0.187653
5766.000000 0.187347
5767.000000 0.187043
5768.000000 0.186737
5769.000000 0.186432
5770.000000 0.186127
5771.000000 0.185944
5772.000000 0.185761
5773.000000 0.185578
5774.000000 0.185395
5775.000000 0.185211
5776.000000 0.185028
5777.000000 0.184845
5778.000000 0.184662
5779.000000 0.184479
5780.000000 0.184295
5781.000000 0.184044
5782.000000 0.183792
5783.000000 0.18354
5784.000000 0.183288
5785.000000 0.183037
5786.000000 0.182784
5787.000000 0.182533
5788.000000 0.182281
5789.000000 0.182029
5790.000000 0.181778
5791.000000 0.181674
5792.000000 0.181571
5793.000000 0.181468
5794.000000 0.181364
5795.000000 0.181261
5796.000000 0.181158
5797.000000 0.181055
5798.000000 0.180951
5799.000000 0.180848
5800.000000 0.180745
5801.000000 0.180301
5802.000000 0.179858
5803.000000 0.179415
5804.000000 0.178972
5805.000000 0.178528
5806.000000 0.178085
5807.000000 0.177641
5808.000000 0.177198
5809.000000 0.176754
5810.000000 0.176311
5811.000000 0.17615
5812.000000 0.175988
5813.000000 0.175827
5814.000000 0.175665
5815.000000 0.175504
5816.000000 0.175343
5817.000000 0.175181
5818.000000 0.17502
5819.000000 0.174859
5820.000000 0.174697
5821.000000 0.174224
5822.000000 0.17375
5823.000000 0.173277
5824.000000 0.172804
5825.000000 0.172331
5826.000000 0.171857
5827.000000 0.171383
5828.000000 0.17091
5829.000000 0.170437
5830.000000 0.169963
5831.000000 0.169746
5832.000000 0.169529
5833.000000 0.169312
5834.000000 0.169095
5835.000000 0.168878
5836.000000 0.168661
5837.000000 0.168443
5838.000000 0.168226
5839.000000 0.168009
5840.000000 0.167792
5841.000000 0.167401
5842.000000 0.16701
5843.000000 0.166619
5844.000000 0.166228
5845.000000 0.165837
5846.000000 0.165446
5847.000000 0.165055
5848.000000 0.164664
5849.000000 0.164273
5850.000000 0.163882
5851.000000 0.163666
5852.000000 0.16345
5853.000000 0.163235
5854.000000 0.163019
5855.000000 0.162803
5856.000000 0.162587
5857.000000 0.162371
5858.000000 0.162155
5859.000000 0.161939
5860.000000 0.161723
5861.000000 0.161281
5862.000000 0.160838
5863.000000 0.160395
5864.000000 0.159953
5865.000000 0.15951
5866.000000 0.159067
5867.000000 0.158625
5868.000000 0.158182
5869.000000 0.157739
5870.000000 0.157296
5871.000000 0.157044
5872.000000 0.156793
5873.000000 0.156541
5874.000000 0.156289
5875.000000 0.156038
5876.000000 0.155786
5877.000000 0.155534
5878.000000 0.155282
5879.000000 0.155031
5880.000000 0.154779
5881.000000 0.154247
5882.000000 0.153716
5883.000000 0.153184
5884.000000 0.152652
5885.000000 0.15212
5886.000000 0.151589
5887.000000 0.151057
5888.000000 0.150525
5889.000000 0.149993
5890.000000 0.149461
5891.000000 0.149186
5892.000000 0.148911
5893.000000 0.148636
5894.000000 0.148361
5895.000000 0.148086
5896.000000 0.14781
5897.000000 0.147536
5898.000000 0.14726
5899.000000 0.146985
5900.000000 0.146709
5901.000000 0.146207
5902.000000 0.145704
5903.000000 0.145201
5904.000000 0.144698
5905.000000 0.144195
5906.000000 0.143692
5907.000000 0.143189
5908.000000 0.142686
5909.000000 0.142183
5910.000000 0.14168
5911.000000 0.141375
5912.000000 0.14107
5913.000000 0.140765
5914.000000 0.140461
5915.000000 0.140156
5916.000000 0.139851
5917.000000 0.139546
5918.000000 0.139241
5919.000000 0.138936
5920.000000 0.138631
5921.000000 0.138216
5922.000000 0.137801
5923.000000 0.137386
5924.000000 0.13697
5925.000000 0.136555
5926.000000 0.136139
5927.000000 0.135724
5928.000000 0.135308
5929.000000 0.134893
5930.000000 0.134477
5931.000000 0.134311
5932.000000 0.134144
5933.000000 0.133978
5934.000000 0.133811
5935.000000 0.133645
5936.000000 0.133478
5937.000000 0.133312
5938.000000 0.133146
5939.000000 0.132979
5940.000000 0.132813
5941.000000 0.132535
5942.000000 0.132259
5943.000000 0.131981
5944.000000 0.131705
5945.000000 0.131427
5946.000000 0.131151
5947.000000 0.130873
5948.000000 0.130596
5949.000000 0.130319
5950.000000 0.130042
5951.000000 0.129651
5952.000000 0.129261
5953.000000 0.128871
5954.000000 0.12848
5955.000000 0.12809
5956.000000 0.127699
5957.000000 0.127309
5958.000000 0.126918
5959.000000 0.126527
5960.000000 0.126137
5961.000000 0.125947
5962.000000 0.125756
5963.000000 0.125565
5964.000000 0.125375
5965.000000 0.125184
5966.000000 0.124994
5967.000000 0.124803
5968.000000 0.124613
5969.000000 0.124422
5970.000000 0.124231
5971.000000 0.12415
5972.000000 0.124069
5973.000000 0.123988
5974.000000 0.123906
5975.000000 0.123825
5976.000000 0.123744
5977.000000 0.123662
5978.000000 0.123581
5979.000000 0.1235
5980.000000 0.123419
5981.000000 0.123283
5982.000000 0.123149
5983.000000 0.123013
5984.000000 0.122878
5985.000000 0.122742
5986.000000 0.122607
5987.000000 0.122471
5988.000000 0.122335
5989.000000 0.122198
5990.000000 0.122062
5991.000000 0.121981
5992.000000 0.1219
5993.000000 0.121819
5994.000000 0.121738
5995.000000 0.121657
5996.000000 0.121576
5997.000000 0.121495
5998.000000 0.121414
5999.000000 0.121333
6000.000000 0.121251
6001.000000 0.120828
6002.000000 0.120406
6003.000000 0.119983
6004.000000 0.11956
6005.000000 0.119137
6006.000000 0.118714
6007.000000 0.118291
6008.000000 0.117868
6009.000000 0.117445
6010.000000 0.117022
6011.000000 0.116657
6012.000000 0.116291
6013.000000 0.115926
6014.000000 0.11556
6015.000000 0.115195
6016.000000 0.11483
6017.000000 0.114465
6018.000000 0.114099
6019.000000 0.113734
6020.000000 0.113368
6021.000000 0.112546
6022.000000 0.111724
6023.000000 0.110902
6024.000000 0.11008
6025.000000 0.109258
6026.000000 0.108436
6027.000000 0.107614
6028.000000 0.106792
6029.000000 0.10597
6030.000000 0.105148
6031.000000 0.104329
6032.000000 0.10351
6033.000000 0.10269
6034.000000 0.101871
6035.000000 0.101051
6036.000000 0.100232
6037.000000 0.0994121
6038.000000 0.0985921
6039.000000 0.0977723
6040.000000 0.0969527
6041.000000 0.0957904
6042.000000 0.0946287
6043.000000 0.0934665
6044.000000 0.0923042
6045.000000 0.0911421
6046.000000 0.0899798
6047.000000 0.0888172
6048.000000 0.0876546
6049.000000 0.0864921
6050.000000 0.0853291
6051.000000 0.0839377
6052.000000 0.0825463
6053.000000 0.0811546
6054.000000 0.0797629
6055.000000 0.0783713
6056.000000 0.0769794
6057.000000 0.0755875
6058.000000 0.0741956
6059.000000 0.0728034
6060.000000 0.0714114
6061.000000 0.0699914
6062.000000 0.0685714
6063.000000 0.0671511
6064.000000 0.0657309
6065.000000 0.0643104
6066.000000 0.06289
6067.000000 0.0614694
6068.000000 0.0600488
6069.000000 0.0586279
6070.000000 0.057207
6071.000000 0.0559568
6072.000000 0.0547067
6073.000000 0.0534563
6074.000000 0.0522059
6075.000000 0.0509554
6076.000000 0.0497048
6077.000000 0.048454
6078.000000 0.0472032
6079.000000 0.0459524
6080.000000 0.0447014
6081.000000 0.0435914
6082.000000 0.0424813
6083.000000 0.0413714
6084.000000 0.0402612
6085.000000 0.0391511
6086.000000 0.0380411
6087.000000 0.036931
6088.000000 0.0358207
6089.000000 0.0347106
6090.000000 0.0336005
6091.000000 0.0327646
6092.000000 0.0319287
6093.000000 0.0310926
6094.000000 0.0302567
6095.000000 0.0294205
6096.000000 0.0285844
6097.000000 0.0277481
6098.000000 0.0269118
6099.000000 0.0260754
6100.000000 0.025239
6101.000000 0.0245848
6102.000000 0.0239305
6103.000000 0.0232761
6104.000000 0.0226218
6105.000000 0.0219673
6106.000000 0.0213129
6107.000000 0.0206583
6108.000000 0.0200038
6109.000000 0.0193491
6110.000000 0.0186945
6111.000000 0.0182273
6112.000000 0.0177601
6113.000000 0.0172929
6114.000000 0.0168258
6115.000000 0.0163586
6116.000000 0.0158914
6117.000000 0.0154242
6118.000000 0.014957
6119.000000 0.0144898
6120.000000 0.0140225
6121.000000 0.0136669
6122.000000 0.0133112
6123.000000 0.0129555
6124.000000 0.0125998
6125.000000 0.012244
6126.000000 0.0118882
6127.000000 0.0115324
6128.000000 0.0111765
6129.000000 0.0108206
6130.000000 0.0104647
6131.000000 0.0102023
6132.000000 0.00994001
6133.000000 0.00967768
6134.000000 0.00941535
6135.000000 0.00915301
6136.000000 0.00889071
6137.000000 0.00862836
6138.000000 0.00836603
6139.000000 0.0081037
6140.000000 0.00784137
6141.000000 0.00764208
6142.000000 0.00744276
6143.000000 0.00724342
6144.000000 0.00704407
6145.000000 0.00684471
6146.000000 0.00664532
6147.000000 0.00644593
6148.000000 0.00624651
6149.000000 0.0060471
6150.000000 0.00584766
6151.000000 0.00570812
6152.000000 0.00556857
6153.000000 0.00542901
6154.000000 0.00528943
6155.000000 0.00514985
6156.000000 0.00501026
6157.000000 0.00487065
6158.000000 0.00473104
6159.000000 0.0045914
6160.000000 0.00445176
6161.000000 0.00434908
6162.000000 0.00424639
6163.000000 0.00414371
6164.000000 0.00404102
6165.000000 0.00393833
6166.000000 0.00383563
6167.000000 0.00373293
6168.000000 0.00363023
6169.000000 0.00352752
6170.000000 0.00342482
6171.000000 0.00334845
6172.000000 0.00327209
6173.000000 0.00319572
6174.000000 0.00311934
6175.000000 0.00304295
6176.000000 0.00296656
6177.000000 0.00289017
6178.000000 0.00281376
6179.000000 0.00273735
6180.000000 0.00266094
6181.000000 0.0026419
6182.000000 0.00262286
6183.000000 0.00260381
6184.000000 0.00258476
6185.000000 0.00256571
6186.000000 0.00254666
6187.000000 0.00252761
6188.000000 0.00250856
6189.000000 0.0024895
6190.000000 0.00247045
6191.000000 0.00245138
6192.000000 0.00243231
6193.000000 0.00241324
6194.000000 0.00239416
6195.000000 0.00237509
6196.000000 0.00235601
6197.000000 0.00233693
6198.000000 0.00231786
6199.000000 0.00229879
6200.000000 0.0022797
6201.000000 0.00224487
6202.000000 0.00221004
6203.000000 0.00217521
6204.000000 0.00214037
6205.000000 0.00210553
6206.000000 0.00207069
6207.000000 0.00203584
6208.000000 0.00200099
6209.000000 0.00196614
6210.000000 0.00193128
6211.000000 0.00189636
6212.000000 0.00186142
6213.000000 0.00182649
6214.000000 0.00179156
6215.000000 0.00175663
6216.000000 0.0017217
6217.000000 0.00168676
6218.000000 0.00165183
6219.000000 0.0016169
6220.000000 0.00158196
6221.000000 0.00154703
6222.000000 0.00151209
6223.000000 0.00147716
6224.000000 0.00144222
6225.000000 0.00140728
6226.000000 0.00137235
6227.000000 0.00133741
6228.000000 0.00130247
6229.000000 0.00126753
6230.000000 0.0012326
6231.000000 0.00119768
6232.000000 0.00116275
6233.000000 0.00112783
6234.000000 0.0010929
6235.000000 0.00105798
6236.000000 0.00102305
6237.000000 0.000988124
6238.000000 0.000953196
6239.000000 0.000918266
6240.000000 0.000883336
6241.000000 0.000870693
6242.000000 0.000858049
6243.000000 0.000845406
6244.000000 0.000832765
6245.000000 0.000820122
6246.000000 0.000807478
6247.000000 0.000794836
6248.000000 0.00078219
6249.000000 0.000769547
6250.000000 0.000756902
6251.000000 0.000744282
6252.000000 0.000731665
6253.000000 0.000719041
6254.000000 0.00070642
6255.000000 0.000693795
6256.000000 0.000681172
6257.000000 0.000668545
6258.000000 0.000655918
6259.000000 0.000643292
6260.000000 0.000630662
6261.000000 0.000617996
6262.000000 0.000605331
6263.000000 0.000592665
6264.000000 0.000579999
6265.000000 0.000567335
6266.000000 0.000554672
6267.000000 0.000542008
6268.000000 0.000529345
6269.000000 0.000516682
6270.000000 0.000504019
6271.000000 0.000491376
6272.000000 0.000478731
6273.000000 0.000466086
6274.000000 0.00045344
6275.000000 0.000440794
6276.000000 0.000428148
6277.000000 0.0004155
6278.000000 0.000402853
6279.000000 0.000390204
6280.000000 0.000377556
6281.000000 0.000372317
6282.000000 0.000367081
6283.000000 0.000361842
6284.000000 0.000356604
6285.000000 0.000351365
6286.000000 0.000346126
6287.000000 0.000340887
6288.000000 0.000335648
6289.000000 0.000330408
6290.000000 0.000325167
6291.000000 0.00031992
6292.000000 0.000314674
6293.000000 0.000309428
6294.000000 0.00030418
6295.000000 0.000298933
6296.000000 0.000293686
6297.000000 0.000288438
6298.000000 0.000283191
6299.000000 0.000277943
6300.000000 0.000272696
6301.000000 0.000267448
6302.000000 0.000262198
6303.000000 0.00025695
6304.000000 0.000251701
6305.000000 0.000246452
6306.000000 0.000241203
6307.000000 0.000235953
6308.000000 0.000230705
6309.000000 0.000225455
6310.000000 0.000220205
6311.000000 0.000214956
6312.000000 0.000209706
6313.000000 0.000204456
6314.000000 0.000199206
6315.000000 0.000193957
6316.000000 0.000188707
6317.000000 0.000183456
6318.000000 0.000178207
6319.000000 0.000172956
6320.000000 0.000167706
6321.000000 0.000165583
6322.000000 0.000163461
6323.000000 0.000161338
6324.000000 0.000159216
6325.000000 0.000157093
6326.000000 0.000154971
6327.000000 0.000152848
6328.000000 0.000150725
6329.000000 0.000148602
6330.000000 0.000146479
6331.000000 0.000144356
6332.000000 0.000142234
6333.000000 0.000140111
6334.000000 0.000137988
6335.000000 0.000135865
6336.000000 0.000133742
6337.000000 0.000131619
6338.000000 0.000129496
6339.000000 0.000127373
6340.000000 0.00012525
6341.000000 0.000123127
6342.000000 0.000121005
6343.000000 0.000118883
6344.000000 0.00011676
6345.000000 0.000114638
6346.000000 0.000112515
6347.000000 0.000110392
6348.000000 0.000108269
6349.000000 0.000106146
6350.000000 0.000104023
6351.000000 0.000101898
6352.000000 9.97722e-05
6353.000000 9.76466e-05
6354.000000 9.5521e-05
6355.000000 9.33954e-05
6356.000000 9.12697e-05
6357.000000 8.91441e-05
6358.000000 8.70183e-05
6359.000000 8.48925e-05
6360.000000 8.27668e-05
6361.000000 8.17935e-05
6362.000000 8.08204e-05
6363.000000 7.98472e-05
6364.000000 7.88739e-05
6365.000000 7.79006e-05
6366.000000 7.69273e-05
6367.000000 7.59541e-05
6368.000000 7.49807e-05
6369.000000 7.40073e-05
6370.000000 7.30341e-05
6371.000000 7.20623e-05
6372.000000 7.10905e-05
6373.000000 7.01187e-05
6374.000000 6.9147e-05
6375.000000 6.81749e-05
6376.000000 6.72028e-05
6377.000000 6.62309e-05
6378.000000 6.52588e-05
6379.000000 6.42867e-05
6380.000000 6.33145e-05
6381.000000 6.23405e-05
6382.000000 6.13665e-05
6383.000000 6.03924e-05
6384.000000 5.94185e-05
6385.000000 5.84445e-05
6386.000000 5.74703e-05
6387.000000 5.64963e-05
6388.000000 5.55224e-05
6389.000000 5.45483e-05
6390.000000 5.35744e-05
6391.000000 5.26011e-05
6392.000000 5.16279e-05
6393.000000 5.06545e-05
6394.000000 4.96813e-05
6395.000000 4.87078e-05
