5382.000000 6.35411e-05
5383.000000 8.14058e-05
5384.000000 9.92722e-05
5385.000000 0.00011714
5386.000000 0.00013501
5387.000000 0.000152882
5388.000000 0.000170755
5389.000000 0.000188631
5390.000000 0.000206507
5391.000000 0.000224386
5392.000000 0.000242268
5393.000000 0.000260151
5394.000000 0.000278035
5395.000000 0.000295922
5396.000000 0.00031381
5397.000000 0.000331701
5398.000000 0.000349593
5399.000000 0.000367487
5400.000000 0.000385383
5401.000000 0.000403273
5402.000000 0.000421165
5403.000000 0.000439058
5404.000000 0.00045695
5405.000000 0.000474846
5406.000000 0.000492742
5407.000000 0.000510639
5408.000000 0.000528539
5409.000000 0.00054644
5410.000000 0.000564339
5411.000000 0.00058223
5412.000000 0.00060012
5413.000000 0.000618011
5414.000000 0.000635901
5415.000000 0.000653794
5416.000000 0.000671687
5417.000000 0.000689579
5418.000000 0.000707472
5419.000000 0.000725365
5420.000000 0.000743261
5421.000000 0.000821942
5422.000000 0.000900628
5423.000000 0.000979318
5424.000000 0.00105801
5425.000000 0.00113671
5426.000000 0.00121542
5427.000000 0.00129412
5428.000000 0.00137284
5429.000000 0.00145156
5430.000000 0.00153028
5431.000000 0.00160902
5432.000000 0.00168777
5433.000000 0.00176652
5434.000000 0.00184528
5435.000000 0.00192405
5436.000000 0.00200283
5437.000000 0.00208161
5438.000000 0.00216039
5439.000000 0.00223919
5440.000000 0.00231798
5441.000000 0.00252812
5442.000000 0.00273827
5443.000000 0.00294845
5444.000000 0.00315866
5445.000000 0.00336889
5446.000000 0.00357914
5447.000000 0.00378942
5448.000000 0.00399972
5449.000000 0.00421005
5450.000000 0.0044204
5451.000000 0.00474229
5452.000000 0.00506417
5453.000000 0.00538608
5454.000000 0.00570801
5455.000000 0.00602996
5456.000000 0.00635194
5457.000000 0.00667392
5458.000000 0.00699593
5459.000000 0.00731797
5460.000000 0.00764003
5461.000000 0.00814117
5462.000000 0.00864231
5463.000000 0.00914353
5464.000000 0.00964474
5465.000000 0.010146
5466.000000 0.0106473
5467.000000 0.0111486
5468.000000 0.0116499
5469.000000 0.0121513
5470.000000 0.0126527
5471.000000 0.013381
5472.000000 0.0141094
5473.000000 0.0148378
5474.000000 0.0155663
5475.000000 0.0162948
5476.000000 0.0170234
5477.000000 0.0177521
5478.000000 0.0184809
5479.000000 0.0192096
5480.000000 0.0199385
5481.000000 0.0207121
5482.000000 0.0214857
5483.000000 0.0222594
5484.000000 0.0230331
5485.000000 0.0238069
5486.000000 0.0245807
5487.000000 0.0253547
5488.000000 0.0261286
5489.000000 0.0269026
5490.000000 0.0276767
5491.000000 0.0282161
5492.000000 0.0287557
5493.000000 0.0292952
5494.000000 0.0298348
5495.000000 0.0303745
5496.000000 0.0309144
5497.000000 0.0314542
5498.000000 0.031994
5499.000000 0.0325339
5500.000000 0.033074
5501.000000 0.0340568
5502.000000 0.0350395
5503.000000 0.0360225
5504.000000 0.0370056
5505.000000 0.0379887
5506.000000 0.0389719
5507.000000 0.0399553
5508.000000 0.0409387
5509.000000 0.0419223
5510.000000 0.0429059
5511.000000 0.044506
5512.000000 0.0461061
5513.000000 0.0477065
5514.000000 0.0493069
5515.000000 0.0509074
5516.000000 0.0525081
5517.000000 0.0541088
5518.000000 0.0557097
5519.000000 0.0573108
5520.000000 0.0589119
5521.000000 0.0603455
5522.000000 0.0617793
5523.000000 0.063213
5524.000000 0.0646472
5525.000000 0.0660813
5526.000000 0.0675157
5527.000000 0.0689502
5528.000000 0.0703848
5529.000000 0.0718195
5530.000000 0.0732545
5531.000000 0.0745752
5532.000000 0.0758963
5533.000000 0.0772169
5534.000000 0.0785379
5535.000000 0.079859
5536.000000 0.0811801
5537.000000 0.0825014
5538.000000 0.0838225
5539.000000 0.085144
5540.000000 0.0864652
5541.000000 0.0875658
5542.000000 0.0886661
5543.000000 0.089767
5544.000000 0.0908676
5545.000000 0.0919687
5546.000000 0.0930698
5547.000000 0.0941707
5548.000000 0.0952723
5549.000000 0.0963739
5550.000000 0.0974756
5551.000000 0.0987165
5552.000000 0.0999573
5553.000000 0.101199
5554.000000 0.10244
5555.000000 0.103681
5556.000000 0.104923
5557.000000 0.106164
5558.000000 0.107406
5559.000000 0.108648
5560.000000 0.10989
5561.000000 0.111046
5562.000000 0.112203
5563.000000 0.113359
5564.000000 0.114516
5565.000000 0.115673
5566.000000 0.11683
5567.000000 0.117987
5568.000000 0.119143
5569.000000 0.120301
5570.000000 0.121458
5571.000000 0.122591
5572.000000 0.123723
5573.000000 0.124856
5574.000000 0.125989
5575.000000 0.127122
5576.000000 0.128255
5577.000000 0.129388
5578.000000 0.130522
5579.000000 0.131655
5580.000000 0.13279
5581.000000 0.133551
5582.000000 0.134314
5583.000000 0.135075
5584.000000 0.135837
5585.000000 0.136599
5586.000000 0.137361
5587.000000 0.138124
5588.000000 0.138886
5589.000000 0.139648
5590.000000 0.14041
5591.000000 0.140703
5592.000000 0.140996
5593.000000 0.141289
5594.000000 0.141582
5595.000000 0.141875
5596.000000 0.142168
5597.000000 0.142462
5598.000000 0.142755
5599.000000 0.143049
5600.000000 0.143342
5601.000000 0.144161
5602.000000 0.144981
5603.000000 0.1458
5604.000000 0.14662
5605.000000 0.14744
5606.000000 0.148259
5607.000000 0.149079
5608.000000 0.149899
5609.000000 0.150719
5610.000000 0.151539
5611.000000 0.152388
5612.000000 0.153236
5613.000000 0.154085
5614.000000 0.154934
5615.000000 0.155783
5616.000000 0.156631
5617.000000 0.15748
5618.000000 0.158329
5619.000000 0.159178
5620.000000 0.160027
5621.000000 0.1613
5622.000000 0.162573
5623.000000 0.163845
5624.000000 0.165119
5625.000000 0.166391
5626.000000 0.167665
5627.000000 0.168938
5628.000000 0.170211
5629.000000 0.171484
5630.000000 0.172758
5631.000000 0.173468
5632.000000 0.174178
5633.000000 0.174888
5634.000000 0.175598
5635.000000 0.176308
5636.000000 0.177019
5637.000000 0.177729
5638.000000 0.178439
5639.000000 0.17915
5640.000000 0.17986
5641.000000 0.180541
5642.000000 0.181221
5643.000000 0.181901
5644.000000 0.182581
5645.000000 0.183262
5646.000000 0.183943
5647.000000 0.184623
5648.000000 0.185303
5649.000000 0.185984
5650.000000 0.186664
5651.000000 0.186842
5652.000000 0.18702
5653.000000 0.187198
5654.000000 0.187375
5655.000000 0.187552
5656.000000 0.18773
5657.000000 0.187908
5658.000000 0.188086
5659.000000 0.188264
5660.000000 0.188442
5661.000000 0.188984
5662.000000 0.189527
5663.000000 0.190069
5664.000000 0.190613
5665.000000 0.191156
5666.000000 0.191699
5667.000000 0.192242
5668.000000 0.192785
5669.000000 0.193328
5670.000000 0.193871
5671.000000 0.194613
5672.000000 0.195355
5673.000000 0.196097
5674.000000 0.196839
5675.000000 0.197581
5676.000000 0.198323
5677.000000 0.199066
5678.000000 0.199808
5679.000000 0.20055
5680.000000 0.201293
5681.000000 0.201236
5682.000000 0.201179
5683.000000 0.201121
5684.000000 0.201065
5685.000000 0.201008
5686.000000 0.200951
5687.000000 0.200894
5688.000000 0.200837
5689.000000 0.20078
5690.000000 0.200723
5691.000000 0.200446
5692.000000 0.200169
5693.000000 0.199892
5694.000000 0.199616
5695.000000 0.199339
5696.000000 0.199062
5697.000000 0.198785
5698.000000 0.198508
5699.000000 0.198232
5700.000000 0.197955
5701.000000 0.197459
5702.000000 0.196963
5703.000000 0.196467
5704.000000 0.195971
5705.000000 0.195475
5706.000000 0.19498
5707.000000 0.194483
5708.000000 0.193987
5709.000000 0.193491
5710.000000 0.192995
5711.000000 0.193397
5712.000000 0.193799
5713.000000 0.194201
5714.000000 0.194604
5715.000000 0.195005
5716.000000 0.195408
5717.000000 0.19581
5718.000000 0.196213
5719.000000 0.196615
5720.000000 0.197017
5721.000000 0.197845
5722.000000 0.198673
5723.000000 0.199501
5724.000000 0.200329
5725.000000 0.201157
5726.000000 0.201985
5727.000000 0.202814
5728.000000 0.203642
5729.000000 0.204471
5730.000000 0.205299
5731.000000 0.206213
5732.000000 0.207126
5733.000000 0.20804
5734.000000 0.208953
5735.000000 0.209867
5736.000000 0.210781
5737.000000 0.211695
5738.000000 0.212609
5739.000000 0.213523
5740.000000 0.214436
5741.000000 0.214977
5742.000000 0.215518
5743.000000 0.216058
5744.000000 0.216598
5745.000000 0.217138
5746.000000 0.217679
5747.000000 0.21822
5748.000000 0.21876
5749.000000 0.2193
5750.000000 0.219841
5751.000000 0.219682
5752.000000 0.219522
5753.000000 0.219364
5754.000000 0.219205
5755.000000 0.219045
5756.000000 0.218885
5757.000000 0.218727
5758.000000 0.218568
5759.000000 0.218408
5760.000000 0.218248
5761.000000 0.218112
5762.000000 0.217975
5763.000000 0.217838
5764.000000 0.217702
5765.000000 0.217565
5766.000000 0.217428
5767.000000 0.217292
5768.000000 0.217154
5769.000000 0.217017
5770.000000 0.21688
5771.000000 0.216981
5772.000000 0.217082
5773.000000 0.217184
5774.000000 0.217285
5775.000000 0.217385
5776.000000 0.217487
5777.000000 0.217588
5778.000000 0.217689
5779.000000 0.217791
5780.000000 0.217891
5781.000000 0.218205
5782.000000 0.218518
5783.000000 0.218832
5784.000000 0.219145
5785.000000 0.219459
5786.000000 0.219772
5787.000000 0.220085
5788.000000 0.220399
5789.000000 0.220712
5790.000000 0.221026
5791.000000 0.221915
5792.000000 0.222806
5793.000000 0.223695
5794.000000 0.224586
5795.000000 0.225476
5796.000000 0.226366
5797.000000 0.227256
5798.000000 0.228147
5799.000000 0.229037
5800.000000 0.229928
5801.000000 0.229909
5802.000000 0.22989
5803.000000 0.229871
5804.000000 0.229852
5805.000000 0.229832
5806.000000 0.229814
5807.000000 0.229794
5808.000000 0.229775
5809.000000 0.229756
5810.000000 0.229737
5811.000000 0.229662
5812.000000 0.229586
5813.000000 0.229512
5814.000000 0.229436
5815.000000 0.229361
5816.000000 0.229286
5817.000000 0.229211
5818.000000 0.229136
5819.000000 0.229061
5820.000000 0.228985
5821.000000 0.228908
5822.000000 0.22883
5823.000000 0.228753
5824.000000 0.228675
5825.000000 0.228598
5826.000000 0.22852
5827.000000 0.228442
5828.000000 0.228365
5829.000000 0.228288
5830.000000 0.22821
5831.000000 0.228647
5832.000000 0.229084
5833.000000 0.229522
5834.000000 0.229959
5835.000000 0.230396
5836.000000 0.230833
5837.000000 0.231271
5838.000000 0.231708
5839.000000 0.232146
5840.000000 0.232583
5841.000000 0.233128
5842.000000 0.233673
5843.000000 0.234218
5844.000000 0.234764
5845.000000 0.235308
5846.000000 0.235854
5847.000000 0.236399
5848.000000 0.236944
5849.000000 0.237489
5850.000000 0.238034
5851.000000 0.238134
5852.000000 0.238234
5853.000000 0.238333
5854.000000 0.238433
5855.000000 0.238532
5856.000000 0.238632
5857.000000 0.238732
5858.000000 0.238832
5859.000000 0.238931
5860.000000 0.239031
5861.000000 0.23876
5862.000000 0.23849
5863.000000 0.238218
5864.000000 0.237948
5865.000000 0.237677
5866.000000 0.237406
5867.000000 0.237135
5868.000000 0.236864
5869.000000 0.236593
5870.000000 0.236322
5871.000000 0.236013
5872.000000 0.235704
5873.000000 0.235395
5874.000000 0.235086
5875.000000 0.234777
5876.000000 0.234467
5877.000000 0.234158
5878.000000 0.233849
5879.000000 0.23354
5880.000000 0.233231
5881.000000 0.233551
5882.000000 0.233872
5883.000000 0.234192
5884.000000 0.234513
5885.000000 0.234833
5886.000000 0.235154
5887.000000 0.235474
5888.000000 0.235795
5889.000000 0.236116
5890.000000 0.236437
5891.000000 0.236761
5892.000000 0.237086
5893.000000 0.237411
5894.000000 0.237736
5895.000000 0.238061
5896.000000 0.238386
5897.000000 0.238712
5898.000000 0.239037
5899.000000 0.239362
5900.000000 0.239686
5901.000000 0.239697
5902.000000 0.239707
5903.000000 0.239716
5904.000000 0.239726
5905.000000 0.239736
5906.000000 0.239746
5907.000000 0.239756
5908.000000 0.239765
5909.000000 0.239775
5910.000000 0.239786
5911.000000 0.239454
5912.000000 0.239124
5913.000000 0.238792
5914.000000 0.238461
5915.000000 0.23813
5916.000000 0.237799
5917.000000 0.237467
5918.000000 0.237137
5919.000000 0.236805
5920.000000 0.236474
5921.000000 0.236262
5922.000000 0.23605
5923.000000 0.235838
5924.000000 0.235625
5925.000000 0.235414
5926.000000 0.235201
5927.000000 0.234988
5928.000000 0.234776
5929.000000 0.234564
5930.000000 0.234352
5931.000000 0.234015
5932.000000 0.233679
5933.000000 0.233343
5934.000000 0.233006
5935.000000 0.23267
5936.000000 0.232334
5937.000000 0.231998
5938.000000 0.231662
5939.000000 0.231325
5940.000000 0.23099
5941.000000 0.231285
5942.000000 0.231582
5943.000000 0.231877
5944.000000 0.232174
5945.000000 0.23247
5946.000000 0.232766
5947.000000 0.233062
5948.000000 0.233359
5949.000000 0.233655
5950.000000 0.233951
5951.000000 0.23459
5952.000000 0.235229
5953.000000 0.235869
5954.000000 0.236508
5955.000000 0.237147
5956.000000 0.237787
5957.000000 0.238426
5958.000000 0.239066
5959.000000 0.239705
5960.000000 0.240344
5961.000000 0.240789
5962.000000 0.241232
5963.000000 0.241675
5964.000000 0.242119
5965.000000 0.242562
5966.000000 0.243006
5967.000000 0.24345
5968.000000 0.243894
5969.000000 0.244338
5970.000000 0.244782
5971.000000 0.24459
5972.000000 0.244397
5973.000000 0.244204
5974.000000 0.244012
5975.000000 0.243819
5976.000000 0.243627
5977.000000 0.243434
5978.000000 0.243242
5979.000000 0.24305
5980.000000 0.242857
5981.000000 0.242499
5982.000000 0.242141
5983.000000 0.241783
5984.000000 0.241424
5985.000000 0.241065
5986.000000 0.240706
5987.000000 0.240346
5988.000000 0.239986
5989.000000 0.239625
5990.000000 0.239265
5991.000000 0.238616
5992.000000 0.237966
5993.000000 0.237316
5994.000000 0.236667
5995.000000 0.236017
5996.000000 0.235368
5997.000000 0.234718
5998.000000 0.234068
5999.000000 0.233418
6000.000000 0.232768
6001.000000 0.233003
6002.000000 0.233238
6003.000000 0.233473
6004.000000 0.233707
6005.000000 0.233942
6006.000000 0.234177
6007.000000 0.234411
6008.000000 0.234646
6009.000000 0.234881
6010.000000 0.235117
6011.000000 0.235525
6012.000000 0.235933
6013.000000 0.236342
6014.000000 0.23675
6015.000000 0.237159
6016.000000 0.237567
6017.000000 0.237976
6018.000000 0.238385
6019.000000 0.238794
6020.000000 0.239202
6021.000000 0.240036
6022.000000 0.240871
6023.000000 0.241705
6024.000000 0.242539
6025.000000 0.243374
6026.000000 0.244208
6027.000000 0.245043
6028.000000 0.245877
6029.000000 0.246711
6030.000000 0.247546
6031.000000 0.247787
6032.000000 0.248028
6033.000000 0.248268
6034.000000 0.248509
6035.000000 0.248749
6036.000000 0.24899
6037.000000 0.249232
6038.000000 0.249472
6039.000000 0.249712
6040.000000 0.249954
6041.000000 0.250049
6042.000000 0.250146
6043.000000 0.250241
6044.000000 0.250337
6045.000000 0.250433
6046.000000 0.250529
6047.000000 0.250625
6048.000000 0.25072
6049.000000 0.250816
6050.000000 0.250912
6051.000000 0.25089
6052.000000 0.250868
6053.000000 0.250846
6054.000000 0.250824
6055.000000 0.250803
6056.000000 0.250781
6057.000000 0.250759
6058.000000 0.250737
6059.000000 0.250715
6060.000000 0.250693
6061.000000 0.250359
6062.000000 0.250024
6063.000000 0.249689
6064.000000 0.249355
6065.000000 0.24902
6066.000000 0.248685
6067.000000 0.24835
6068.000000 0.248016
6069.000000 0.247681
6070.000000 0.247346
6071.000000 0.247298
6072.000000 0.247251
6073.000000 0.247203
6074.000000 0.247155
6075.000000 0.247107
6076.000000 0.247059
6077.000000 0.247011
6078.000000 0.246964
6079.000000 0.246916
6080.000000 0.246868
6081.000000 0.246985
6082.000000 0.247102
6083.000000 0.24722
6084.000000 0.247336
6085.000000 0.247453
6086.000000 0.247571
6087.000000 0.247688
6088.000000 0.247804
6089.000000 0.247922
6090.000000 0.248039
6091.000000 0.247676
6092.000000 0.247313
6093.000000 0.24695
6094.000000 0.246588
6095.000000 0.246224
6096.000000 0.245862
6097.000000 0.245499
6098.000000 0.245136
6099.000000 0.244772
6100.000000 0.24441
6101.000000 0.243559
6102.000000 0.242707
6103.000000 0.241856
6104.000000 0.241005
6105.000000 0.240154
6106.000000 0.239302
6107.000000 0.238451
6108.000000 0.237599
6109.000000 0.236748
6110.000000 0.235896
6111.000000 0.235813
6112.000000 0.235729
6113.000000 0.235646
6114.000000 0.235563
6115.000000 0.23548
6116.000000 0.235396
6117.000000 0.235313
6118.000000 0.23523
6119.000000 0.235147
6120.000000 0.235064
6121.000000 0.235619
6122.000000 0.236176
6123.000000 0.236732
6124.000000 0.237288
6125.000000 0.237844
6126.000000 0.238401
6127.000000 0.238957
6128.000000 0.239514
6129.000000 0.240071
6130.000000 0.240627
6131.000000 0.241374
6132.000000 0.24212
6133.000000 0.242867
6134.000000 0.243613
6135.000000 0.24436
6136.000000 0.245107
6137.000000 0.245853
6138.000000 0.2466
6139.000000 0.247346
6140.000000 0.248093
6141.000000 0.248935
6142.000000 0.249778
6143.000000 0.25062
6144.000000 0.251463
6145.000000 0.252305
6146.000000 0.253147
6147.000000 0.25399
6148.000000 0.254833
6149.000000 0.255677
6150.000000 0.25652
6151.000000 0.256702
6152.000000 0.256885
6153.000000 0.257068
6154.000000 0.257251
6155.000000 0.257434
6156.000000 0.257617
6157.000000 0.2578
6158.000000 0.257984
6159.000000 0.258166
6160.000000 0.258349
6161.000000 0.258123
6162.000000 0.257895
6163.000000 0.257669
6164.000000 0.257442
6165.000000 0.257215
6166.000000 0.256988
6167.000000 0.256761
6168.000000 0.256534
6169.000000 0.256306
6170.000000 0.25608
6171.000000 0.255341
6172.000000 0.254604
6173.000000 0.253866
6174.000000 0.253129
6175.000000 0.25239
6176.000000 0.251653
6177.000000 0.250915
6178.000000 0.250176
6179.000000 0.249438
6180.000000 0.2487
6181.000000 0.248795
6182.000000 0.248889
6183.000000 0.248983
6184.000000 0.249078
6185.000000 0.249171
6186.000000 0.249266
6187.000000 0.24936
6188.000000 0.249455
6189.000000 0.249549
6190.000000 0.249643
6191.000000 0.249593
6192.000000 0.249542
6193.000000 0.249491
6194.000000 0.24944
6195.000000 0.249389
6196.000000 0.249338
6197.000000 0.249287
6198.000000 0.249236
6199.000000 0.249186
6200.000000 0.249134
6201.000000 0.249663
6202.000000 0.250191
6203.000000 0.25072
6204.000000 0.251248
6205.000000 0.251777
6206.000000 0.252306
6207.000000 0.252835
6208.000000 0.253363
6209.000000 0.253892
6210.000000 0.254421
6211.000000 0.254681
6212.000000 0.254941
6213.000000 0.255201
6214.000000 0.255462
6215.000000 0.255722
6216.000000 0.255982
6217.000000 0.256242
6218.000000 0.256502
6219.000000 0.256762
6220.000000 0.257023
6221.000000 0.257282
6222.000000 0.257542
6223.000000 0.257802
6224.000000 0.258062
6225.000000 0.258322
6226.000000 0.258582
6227.000000 0.258841
6228.000000 0.2591
6229.000000 0.259361
6230.000000 0.25962
6231.000000 0.259452
6232.000000 0.259283
6233.000000 0.259115
6234.000000 0.258947
6235.000000 0.258779
6236.000000 0.258611
6237.000000 0.258442
6238.000000 0.258274
6239.000000 0.258106
6240.000000 0.257939
6241.000000 0.257768
6242.000000 0.257597
6243.000000 0.257426
6244.000000 0.257256
6245.000000 0.257086
6246.000000 0.256915
6247.000000 0.256745
6248.000000 0.256574
6249.000000 0.256404
6250.000000 0.256233
6251.000000 0.256618
6252.000000 0.257004
6253.000000 0.257388
6254.000000 0.257774
6255.000000 0.258159
6256.000000 0.258544
6257.000000 0.258929
6258.000000 0.259315
6259.000000 0.259701
6260.000000 0.260086
6261.000000 0.260197
6262.000000 0.260308
6263.000000 0.260419
6264.000000 0.260529
6265.000000 0.260641
6266.000000 0.260752
6267.000000 0.260863
6268.000000 0.260974
6269.000000 0.261085
6270.000000 0.261196
6271.000000 0.261086
6272.000000 0.260976
6273.000000 0.260867
6274.000000 0.260757
6275.000000 0.260647
6276.000000 0.260537
6277.000000 0.260427
6278.000000 0.260317
6279.000000 0.260207
6280.000000 0.260097
6281.000000 0.259931
6282.000000 0.259768
6283.000000 0.259602
6284.000000 0.259437
6285.000000 0.259272
6286.000000 0.259107
6287.000000 0.258942
6288.000000 0.258777
6289.000000 0.258612
6290.000000 0.258446
6291.000000 0.257441
6292.000000 0.256435
6293.000000 0.25543
6294.000000 0.254424
6295.000000 0.253419
6296.000000 0.252413
6297.000000 0.251407
6298.000000 0.250401
6299.000000 0.249395
6300.000000 0.24839
6301.000000 0.247528
6302.000000 0.246665
6303.000000 0.245802
6304.000000 0.24494
6305.000000 0.244077
6306.000000 0.243214
6307.000000 0.242352
6308.000000 0.241489
6309.000000 0.240626
6310.000000 0.239764
6311.000000 0.239362
6312.000000 0.23896
6313.000000 0.238558
6314.000000 0.238157
6315.000000 0.237755
6316.000000 0.237354
6317.000000 0.236951
6318.000000 0.23655
6319.000000 0.236148
6320.000000 0.235746
6321.000000 0.236182
6322.000000 0.236618
6323.000000 0.237054
6324.000000 0.23749
6325.000000 0.237926
6326.000000 0.238362
6327.000000 0.238798
6328.000000 0.239234
6329.000000 0.23967
6330.000000 0.240106
6331.000000 0.241378
6332.000000 0.242652
6333.000000 0.243924
6334.000000 0.245197
6335.000000 0.24647
6336.000000 0.247743
6337.000000 0.249017
6338.000000 0.25029
6339.000000 0.251563
6340.000000 0.252836
6341.000000 0.253247
6342.000000 0.253658
6343.000000 0.254069
6344.000000 0.254479
6345.000000 0.254891
6346.000000 0.255302
6347.000000 0.255713
6348.000000 0.256124
6349.000000 0.256535
6350.000000 0.256947
6351.000000 0.257641
6352.000000 0.258335
6353.000000 0.259029
6354.000000 0.259723
6355.000000 0.260417
6356.000000 0.261111
6357.000000 0.261806
6358.000000 0.2625
6359.000000 0.263194
6360.000000 0.263888
6361.000000 0.26389
6362.000000 0.263892
6363.000000 0.263894
6364.000000 0.263895
6365.000000 0.263896
6366.000000 0.263898
6367.000000 0.2639
6368.000000 0.263901
6369.000000 0.263903
6370.000000 0.263905
6371.000000 0.263422
6372.000000 0.262939
6373.000000 0.262456
6374.000000 0.261974
6375.000000 0.261491
6376.000000 0.261007
6377.000000 0.260525
6378.000000 0.260042
6379.000000 0.259559
6380.000000 0.259076
6381.000000 0.259365
6382.000000 0.259654
6383.000000 0.259943
6384.000000 0.260232
6385.000000 0.260521
6386.000000 0.260809
6387.000000 0.261098
6388.000000 0.261387
6389.000000 0.261675
6390.000000 0.261964
6391.000000 0.26217
6392.000000 0.262377
6393.000000 0.262582
6394.000000 0.262789
6395.000000 0.262995
6396.000000 0.263201
6397.000000 0.263407
6398.000000 0.263613
6399.000000 0.26382
6400.000000 0.264026
6401.000000 0.263918
6402.000000 0.26381
6403.000000 0.263703
6404.000000 0.263594
6405.000000 0.263486
6406.000000 0.263379
6407.000000 0.263271
6408.000000 0.263163
6409.000000 0.263055
6410.000000 0.262947
6411.000000 0.262916
6412.000000 0.262885
6413.000000 0.262854
6414.000000 0.262822
6415.000000 0.262791
6416.000000 0.26276
6417.000000 0.262729
6418.000000 0.262698
6419.000000 0.262667
6420.000000 0.262636
6421.000000 0.262092
6422.000000 0.261548
6423.000000 0.261003
6424.000000 0.26046
6425.000000 0.259915
6426.000000 0.259372
6427.000000 0.258827
6428.000000 0.258283
6429.000000 0.257739
6430.000000 0.257195
6431.000000 0.256878
6432.000000 0.25656
6433.000000 0.256243
6434.000000 0.255926
6435.000000 0.255608
6436.000000 0.255291
6437.000000 0.254973
6438.000000 0.254656
6439.000000 0.254339
6440.000000 0.254021
6441.000000 0.254047
6442.000000 0.254073
6443.000000 0.254099
6444.000000 0.254125
6445.000000 0.254151
6446.000000 0.254177
6447.000000 0.254203
6448.000000 0.254228
6449.000000 0.254255
6450.000000 0.25428
6451.000000 0.254317
6452.000000 0.254353
6453.000000 0.25439
6454.000000 0.254427
6455.000000 0.254463
6456.000000 0.2545
6457.000000 0.254537
6458.000000 0.254574
6459.000000 0.25461
6460.000000 0.254647
6461.000000 0.255248
6462.000000 0.25585
6463.000000 0.256451
6464.000000 0.257051
6465.000000 0.257653
6466.000000 0.258253
6467.000000 0.258854
6468.000000 0.259455
6469.000000 0.260056
6470.000000 0.260657
6471.000000 0.261035
6472.000000 0.261412
6473.000000 0.261789
6474.000000 0.262167
6475.000000 0.262544
6476.000000 0.262921
6477.000000 0.263299
6478.000000 0.263676
6479.000000 0.264053
6480.000000 0.264431
6481.000000 0.264028
6482.000000 0.263624
6483.000000 0.26322
6484.000000 0.262817
6485.000000 0.262413
6486.000000 0.262009
6487.000000 0.261606
6488.000000 0.261202
6489.000000 0.260798
6490.000000 0.260395
6491.000000 0.259641
6492.000000 0.258889
6493.000000 0.258136
6494.000000 0.257383
6495.000000 0.25663
6496.000000 0.255877
6497.000000 0.255124
6498.000000 0.254372
6499.000000 0.253618
6500.000000 0.252865
6501.000000 0.251829
6502.000000 0.250791
6503.000000 0.249753
6504.000000 0.248715
6505.000000 0.247678
6506.000000 0.24664
6507.000000 0.245602
6508.000000 0.244565
6509.000000 0.243527
6510.000000 0.24249
6511.000000 0.242143
6512.000000 0.241796
6513.000000 0.241451
6514.000000 0.241104
6515.000000 0.240758
6516.000000 0.240412
6517.000000 0.240065
6518.000000 0.239719
6519.000000 0.239373
6520.000000 0.239027
6521.000000 0.23914
6522.000000 0.239254
6523.000000 0.239367
6524.000000 0.239482
6525.000000 0.239595
6526.000000 0.239709
6527.000000 0.239822
6528.000000 0.239936
6529.000000 0.24005
6530.000000 0.240163
6531.000000 0.24042
6532.000000 0.240675
6533.000000 0.240931
6534.000000 0.241187
6535.000000 0.241442
6536.000000 0.241698
6537.000000 0.241954
6538.000000 0.242209
6539.000000 0.242465
6540.000000 0.24272
6541.000000 0.243819
6542.000000 0.244917
6543.000000 0.246016
6544.000000 0.247115
6545.000000 0.248213
6546.000000 0.249312
6547.000000 0.250411
6548.000000 0.251509
6549.000000 0.252608
6550.000000 0.253707
6551.000000 0.254053
6552.000000 0.254399
6553.000000 0.254746
6554.000000 0.255091
6555.000000 0.255437
6556.000000 0.255784
6557.000000 0.25613
6558.000000 0.256476
6559.000000 0.256822
6560.000000 0.257168
6561.000000 0.257194
6562.000000 0.25722
6563.000000 0.257246
6564.000000 0.257272
6565.000000 0.257297
6566.000000 0.257323
6567.000000 0.257349
6568.000000 0.257375
6569.000000 0.2574
6570.000000 0.257426
6571.000000 0.257193
6572.000000 0.256961
6573.000000 0.256727
6574.000000 0.256495
6575.000000 0.256262
6576.000000 0.256029
6577.000000 0.255796
6578.000000 0.255564
6579.000000 0.255331
6580.000000 0.255098
6581.000000 0.255471
6582.000000 0.255843
6583.000000 0.256216
6584.000000 0.256589
6585.000000 0.256962
6586.000000 0.257334
6587.000000 0.257707
6588.000000 0.25808
6589.000000 0.258453
6590.000000 0.258825
6591.000000 0.25862
6592.000000 0.258415
6593.000000 0.25821
6594.000000 0.258004
6595.000000 0.2578
6596.000000 0.257594
6597.000000 0.25739
6598.000000 0.257185
6599.000000 0.25698
6600.000000 0.256774
6601.000000 0.257355
6602.000000 0.257937
6603.000000 0.258519
6604.000000 0.2591
6605.000000 0.259681
6606.000000 0.260261
6607.000000 0.260843
6608.000000 0.261423
6609.000000 0.262004
6610.000000 0.262585
6611.000000 0.262574
6612.000000 0.262564
6613.000000 0.262553
6614.000000 0.262542
6615.000000 0.262532
6616.000000 0.262522
6617.000000 0.262511
6618.000000 0.262501
6619.000000 0.262491
6620.000000 0.26248
6621.000000 0.262342
6622.000000 0.262204
6623.000000 0.262065
6624.000000 0.261927
6625.000000 0.26179
6626.000000 0.261652
6627.000000 0.261513
6628.000000 0.261375
6629.000000 0.261237
6630.000000 0.261099
6631.000000 0.261161
6632.000000 0.261222
6633.000000 0.261284
6634.000000 0.261346
6635.000000 0.261407
6636.000000 0.261469
6637.000000 0.26153
6638.000000 0.261591
6639.000000 0.261653
6640.000000 0.261714
6641.000000 0.261036
6642.000000 0.260358
6643.000000 0.259679
6644.000000 0.259002
6645.000000 0.258323
6646.000000 0.257645
6647.000000 0.256967
6648.000000 0.25629
6649.000000 0.255612
6650.000000 0.254934
6651.000000 0.254972
6652.000000 0.255011
6653.000000 0.255049
6654.000000 0.255087
6655.000000 0.255125
6656.000000 0.255163
6657.000000 0.255201
6658.000000 0.255239
6659.000000 0.255277
6660.000000 0.255316
6661.000000 0.255401
6662.000000 0.255486
6663.000000 0.255571
6664.000000 0.255656
6665.000000 0.255741
6666.000000 0.255826
6667.000000 0.255911
6668.000000 0.255996
6669.000000 0.256081
6670.000000 0.256166
6671.000000 0.256523
6672.000000 0.256881
6673.000000 0.257238
6674.000000 0.257596
6675.000000 0.257953
6676.000000 0.25831
6677.000000 0.258668
6678.000000 0.259025
6679.000000 0.259382
6680.000000 0.259739
6681.000000 0.259834
6682.000000 0.259928
6683.000000 0.260023
6684.000000 0.260118
6685.000000 0.260212
6686.000000 0.260306
6687.000000 0.260401
6688.000000 0.260495
6689.000000 0.260589
6690.000000 0.260684
6691.000000 0.2602
6692.000000 0.259716
6693.000000 0.259232
6694.000000 0.258749
6695.000000 0.258265
6696.000000 0.257781
6697.000000 0.257299
6698.000000 0.256815
6699.000000 0.256331
6700.000000 0.255848
6701.000000 0.255684
6702.000000 0.255519
6703.000000 0.255354
6704.000000 0.25519
6705.000000 0.255025
6706.000000 0.25486
6707.000000 0.254696
6708.000000 0.254531
6709.000000 0.254367
6710.000000 0.254202
6711.000000 0.253606
6712.000000 0.25301
6713.000000 0.252415
6714.000000 0.251819
6715.000000 0.251224
6716.000000 0.250629
6717.000000 0.250034
6718.000000 0.24944
6719.000000 0.248845
6720.000000 0.24825
6721.000000 0.248399
6722.000000 0.248549
6723.000000 0.248699
6724.000000 0.248849
6725.000000 0.248998
6726.000000 0.249148
6727.000000 0.249297
6728.000000 0.249447
6729.000000 0.249596
6730.000000 0.249746
6731.000000 0.249837
6732.000000 0.249928
6733.000000 0.250019
6734.000000 0.25011
6735.000000 0.250201
6736.000000 0.250292
6737.000000 0.250382
6738.000000 0.250473
6739.000000 0.250564
6740.000000 0.250655
6741.000000 0.250919
6742.000000 0.251184
6743.000000 0.251448
6744.000000 0.251712
6745.000000 0.251977
6746.000000 0.252241
6747.000000 0.252505
6748.000000 0.252769
6749.000000 0.253033
6750.000000 0.253297
6751.000000 0.253644
6752.000000 0.253992
6753.000000 0.254338
6754.000000 0.254684
6755.000000 0.255031
6756.000000 0.255377
6757.000000 0.255724
6758.000000 0.25607
6759.000000 0.256417
6760.000000 0.256762
6761.000000 0.256595
6762.000000 0.256428
6763.000000 0.25626
6764.000000 0.256092
6765.000000 0.255925
6766.000000 0.255758
6767.000000 0.255591
6768.000000 0.255424
6769.000000 0.255256
6770.000000 0.255089
6771.000000 0.25481
6772.000000 0.254532
6773.000000 0.254253
6774.000000 0.253975
6775.000000 0.253697
6776.000000 0.253419
6777.000000 0.253141
6778.000000 0.252862
6779.000000 0.252584
6780.000000 0.252306
6781.000000 0.252199
6782.000000 0.252091
6783.000000 0.251983
6784.000000 0.251875
6785.000000 0.251767
6786.000000 0.25166
6787.000000 0.251552
6788.000000 0.251444
6789.000000 0.251336
6790.000000 0.251229
6791.000000 0.251063
6792.000000 0.250897
6793.000000 0.250731
6794.000000 0.250566
6795.000000 0.2504
6796.000000 0.250234
6797.000000 0.250068
6798.000000 0.249903
6799.000000 0.249737
6800.000000 0.249571
6801.000000 0.249899
6802.000000 0.250227
6803.000000 0.250555
6804.000000 0.250882
6805.000000 0.251209
6806.000000 0.251537
6807.000000 0.251864
6808.000000 0.252191
6809.000000 0.252518
6810.000000 0.252845
6811.000000 0.252355
6812.000000 0.251866
6813.000000 0.251377
6814.000000 0.250888
6815.000000 0.250399
6816.000000 0.24991
6817.000000 0.249421
6818.000000 0.248933
6819.000000 0.248444
6820.000000 0.247955
6821.000000 0.247802
6822.000000 0.247648
6823.000000 0.247494
6824.000000 0.247341
6825.000000 0.247187
6826.000000 0.247034
6827.000000 0.24688
6828.000000 0.246727
6829.000000 0.246574
6830.000000 0.246421
6831.000000 0.246103
6832.000000 0.245784
6833.000000 0.245467
6834.000000 0.245149
6835.000000 0.244831
6836.000000 0.244513
6837.000000 0.244196
6838.000000 0.243878
6839.000000 0.243561
6840.000000 0.243244
6841.000000 0.242926
6842.000000 0.242609
6843.000000 0.242292
6844.000000 0.241975
6845.000000 0.241657
6846.000000 0.241341
6847.000000 0.241024
6848.000000 0.240707
6849.000000 0.24039
6850.000000 0.240073
6851.000000 0.240204
6852.000000 0.240333
6853.000000 0.240463
6854.000000 0.240593
6855.000000 0.240723
6856.000000 0.240852
6857.000000 0.240983
6858.000000 0.241112
6859.000000 0.241242
6860.000000 0.241371
6861.000000 0.241247
6862.000000 0.241124
6863.000000 0.241
6864.000000 0.240876
6865.000000 0.240752
6866.000000 0.240629
6867.000000 0.240505
6868.000000 0.240382
6869.000000 0.240258
6870.000000 0.240135
6871.000000 0.240213
6872.000000 0.240291
6873.000000 0.240369
6874.000000 0.240448
6875.000000 0.240526
6876.000000 0.240604
6877.000000 0.240682
6878.000000 0.240761
6879.000000 0.240838
6880.000000 0.240916
6881.000000 0.240738
6882.000000 0.24056
6883.000000 0.240382
6884.000000 0.240203
6885.000000 0.240025
6886.000000 0.239848
6887.000000 0.239669
6888.000000 0.239491
6889.000000 0.239314
6890.000000 0.239135
6891.000000 0.238787
6892.000000 0.238439
6893.000000 0.23809
6894.000000 0.237742
6895.000000 0.237394
6896.000000 0.237046
6897.000000 0.236698
6898.000000 0.236351
6899.000000 0.236003
6900.000000 0.235656
6901.000000 0.235425
6902.000000 0.235195
6903.000000 0.234964
6904.000000 0.234734
6905.000000 0.234504
6906.000000 0.234273
6907.000000 0.234043
6908.000000 0.233813
6909.000000 0.233583
6910.000000 0.233353
6911.000000 0.233318
6912.000000 0.233283
6913.000000 0.233248
6914.000000 0.233213
6915.000000 0.233178
6916.000000 0.233143
6917.000000 0.233108
6918.000000 0.233072
6919.000000 0.233037
6920.000000 0.233003
6921.000000 0.233275
6922.000000 0.233546
6923.000000 0.233818
6924.000000 0.234089
6925.000000 0.234361
6926.000000 0.234632
6927.000000 0.234903
6928.000000 0.235175
6929.000000 0.235445
6930.000000 0.235716
6931.000000 0.235704
6932.000000 0.235692
6933.000000 0.235679
6934.000000 0.235666
6935.000000 0.235654
6936.000000 0.235641
6937.000000 0.235629
6938.000000 0.235616
6939.000000 0.235603
6940.000000 0.235591
6941.000000 0.235303
6942.000000 0.235015
6943.000000 0.234728
6944.000000 0.234441
6945.000000 0.234153
6946.000000 0.233865
6947.000000 0.233578
6948.000000 0.233291
6949.000000 0.233004
6950.000000 0.232716
6951.000000 0.23221
6952.000000 0.231703
6953.000000 0.231197
6954.000000 0.230691
6955.000000 0.230185
6956.000000 0.229678
6957.000000 0.229173
6958.000000 0.228667
6959.000000 0.228161
6960.000000 0.227656
6961.000000 0.226961
6962.000000 0.226265
6963.000000 0.22557
6964.000000 0.224875
6965.000000 0.22418
6966.000000 0.223486
6967.000000 0.222791
6968.000000 0.222097
6969.000000 0.221404
6970.000000 0.22071
6971.000000 0.21998
6972.000000 0.219251
6973.000000 0.218521
6974.000000 0.217792
6975.000000 0.217063
6976.000000 0.216335
6977.000000 0.215607
6978.000000 0.214879
6979.000000 0.21415
6980.000000 0.213423
6981.000000 0.212366
6982.000000 0.21131
6983.000000 0.210254
6984.000000 0.209198
6985.000000 0.208142
6986.000000 0.207087
6987.000000 0.206033
6988.000000 0.204978
6989.000000 0.203925
6990.000000 0.202871
6991.000000 0.201279
6992.000000 0.199687
6993.000000 0.198095
6994.000000 0.196504
6995.000000 0.194913
6996.000000 0.193323
6997.000000 0.191732
6998.000000 0.190142
6999.000000 0.188553
7000.000000 0.186964
7001.000000 0.183782
7002.000000 0.180602
7003.000000 0.177423
7004.000000 0.174246
7005.000000 0.17107
7006.000000 0.167897
7007.000000 0.164724
7008.000000 0.161554
7009.000000 0.158385
7010.000000 0.155217
7011.000000 0.151041
7012.000000 0.146867
7013.000000 0.142695
7014.000000 0.138525
7015.000000 0.134356
7016.000000 0.13019
7017.000000 0.126026
7018.000000 0.121863
7019.000000 0.117702
7020.000000 0.113543
7021.000000 0.110181
7022.000000 0.10682
7023.000000 0.103461
7024.000000 0.100103
7025.000000 0.0967462
7026.000000 0.0933911
7027.000000 0.0900375
7028.000000 0.0866856
7029.000000 0.0833351
7030.000000 0.0799861
7031.000000 0.0776463
7032.000000 0.0753078
7033.000000 0.0729704
7034.000000 0.070634
7035.000000 0.068299
7036.000000 0.0659651
7037.000000 0.0636323
7038.000000 0.0613007
7039.000000 0.0589702
7040.000000 0.0566408
7041.000000 0.0551314
7042.000000 0.0536228
7043.000000 0.0521147
7044.000000 0.0506072
7045.000000 0.0491005
7046.000000 0.0475941
7047.000000 0.0460886
7048.000000 0.0445837
7049.000000 0.0430793
7050.000000 0.0415757
7051.000000 0.0402075
7052.000000 0.0388399
7053.000000 0.037473
7054.000000 0.0361066
7055.000000 0.034741
7056.000000 0.033376
7057.000000 0.0320116
7058.000000 0.030648
7059.000000 0.0292849
7060.000000 0.0279224
7061.000000 0.0267051
7062.000000 0.0254883
7063.000000 0.0242719
7064.000000 0.023056
7065.000000 0.0218407
7066.000000 0.0206259
7067.000000 0.0194115
7068.000000 0.0181977
7069.000000 0.0169844
7070.000000 0.0157716
7071.000000 0.0150129
7072.000000 0.0142545
7073.000000 0.0134965
7074.000000 0.012739
7075.000000 0.0119818
7076.000000 0.0112251
7077.000000 0.0104687
7078.000000 0.00971276
7079.000000 0.00895724
7080.000000 0.00820208
7081.000000 0.0078011
7082.000000 0.00740025
7083.000000 0.00699962
7084.000000 0.00659914
7085.000000 0.00619883
7086.000000 0.00579872
7087.000000 0.00539875
7088.000000 0.00499898
7089.000000 0.00459935
7090.000000 0.00419991
7091.000000 0.00400701
7092.000000 0.00381423
7093.000000 0.00362153
7094.000000 0.00342891
7095.000000 0.00323639
7096.000000 0.00304395
7097.000000 0.00285159
7098.000000 0.00265934
7099.000000 0.00246716
7100.000000 0.00227507
7101.000000 0.00218593
7102.000000 0.00209682
7103.000000 0.00200775
7104.000000 0.00191871
7105.000000 0.00182973
7106.000000 0.00174079
7107.000000 0.00165188
7108.000000 0.00156302
7109.000000 0.0014742
7110.000000 0.00138542
7111.000000 0.00134009
7112.000000 0.00129478
7113.000000 0.00124949
7114.000000 0.00120422
7115.000000 0.00115897
7116.000000 0.00111374
7117.000000 0.00106853
7118.000000 0.00102335
7119.000000 0.000978184
7120.000000 0.000933041
7121.000000 0.000911314
7122.000000 0.000889598
7123.000000 0.000867888
7124.000000 0.000846191
7125.000000 0.000824502
7126.000000 0.000802825
7127.000000 0.000781156
7128.000000 0.000759497
7129.000000 0.000737848
7130.000000 0.000716208
7131.000000 0.000694569
7132.000000 0.000672942
7133.000000 0.000651325
7134.000000 0.000629718
7135.000000 0.00060812
7136.000000 0.000586532
7137.000000 0.000564957
7138.000000 0.00054339
7139.000000 0.000521834
7140.000000 0.000500288
7141.000000 0.000491541
7142.000000 0.000482795
7143.000000 0.000474055
7144.000000 0.000465318
7145.000000 0.000456585
7146.000000 0.000447855
7147.000000 0.00043913
7148.000000 0.000430407
7149.000000 0.000421689
7150.000000 0.000412974
7151.000000 0.000404256
7152.000000 0.000395542
7153.000000 0.000386832
7154.000000 0.000378126
7155.000000 0.000369424
7156.000000 0.000360726
7157.000000 0.000352032
7158.000000 0.000343342
7159.000000 0.000334656
7160.000000 0.000325975
7161.000000 0.000317292
7162.000000 0.000308614
7163.000000 0.00029994
7164.000000 0.000291269
7165.000000 0.000282605
7166.000000 0.000273944
7167.000000 0.000265287
7168.000000 0.000256634
7169.000000 0.000247987
7170.000000 0.000239343
7171.000000 0.000230711
7172.000000 0.000222082
7173.000000 0.000213459
7174.000000 0.000204838
7175.000000 0.000196222
7176.000000 0.000187608
7177.000000 0.000179
7178.000000 0.000170394
7179.000000 0.000161792
7180.000000 0.000153194
7181.000000 0.000150565
7182.000000 0.000147937
7183.000000 0.000145311
7184.000000 0.000142685
7185.000000 0.000140061
7186.000000 0.000137438
7187.000000 0.000134817
7188.000000 0.000132196
7189.000000 0.000129577
7190.000000 0.000126959
7191.000000 0.000124339
7192.000000 0.00012172
7193.000000 0.000119103
7194.000000 0.000116486
7195.000000 0.000113871
7196.000000 0.000111257
7197.000000 0.000108645
7198.000000 0.000106033
7199.000000 0.000103422
7200.000000 0.000100813
7201.000000 9.8197e-05
7202.000000 9.55826e-05
7203.000000 9.29698e-05
7204.000000 9.03587e-05
7205.000000 8.77487e-05
7206.000000 8.5141e-05
7207.000000 8.25346e-05
7208.000000 7.99296e-05
7209.000000 7.73264e-05
7210.000000 7.47247e-05
7211.000000 7.21285e-05
7212.000000 6.95339e-05
7213.000000 6.69404e-05
7214.000000 6.43481e-05
7215.000000 6.17572e-05
7216.000000 5.91676e-05
7217.000000 5.65792e-05
7218.000000 5.39923e-05
