30089318.98612883 0.0
30089205.90413603 0.0
30089092.822993204 0.0
30088979.742700335 0.0
30088866.663257413 0.0
30088753.584664434 0.0
30088640.50692139 0.0
30088527.430028256 0.0
30088414.353985038 0.0
30088301.278791726 0.0
30088188.2044483 0.0
30088075.130954757 0.0
30087962.05831109 0.0
30087848.986517288 0.0
30087735.915573332 0.0
30087622.845479224 0.0
30087509.776234955 0.0
30087396.707840502 0.0
30087283.640295874 0.0
30087170.573601045 0.0
30087057.50775601 0.0
30086944.44276077 0.0
30086831.3786153 0.0
30086718.315319605 0.0
30086605.25287366 0.0
30086492.19127747 0.0
30086379.130531017 0.0
30086266.070634283 0.0
30086153.01158728 0.0
30086039.953389987 0.0
30085926.896042388 0.0
30085813.839544483 0.0
30085700.783896264 0.0
30085587.729097705 0.0
30085474.675148815 0.0
30085361.62204958 0.0
30085248.56979999 0.0
30085135.518400025 0.0
30085022.467849687 0.0
30084909.41814897 0.0
30084796.369297843 0.0
30084683.32129632 0.0
30084570.274144385 0.0
30084457.227842018 0.0
30084344.182389226 0.0
30084231.137785986 0.0
30084118.094032295 0.0
30084005.051128138 0.0
30083892.00907351 0.0
30083778.967868406 0.0
30083665.927512802 0.0
30083552.888006706 0.0
30083439.849350095 0.0
30083326.81154296 0.0
30083213.774585307 0.0
30083100.738477107 0.0
30082987.70321836 0.0
30082874.668809053 0.0
30082761.635249183 0.0
30082648.60253873 0.0
30082535.570677686 0.0
30082422.539666057 0.0
30082309.509503815 0.0
30082196.480190963 0.0
30082083.45172748 0.0
30081970.424113367 0.0
30081857.3973486 0.0
30081744.371433187 0.0
30081631.346367113 0.0
30081518.32215036 0.0
30081405.29878293 0.0
30081292.2762648 0.0
30081179.254595973 0.0
30081066.233776435 0.0
30080953.213806175 0.0
30080840.194685187 0.0
30080727.17641345 0.0
30080614.158990975 0.0
30080501.142417736 0.0
30080388.12669372 0.0
30080275.11181894 0.0
30080162.097793367 0.0
30080049.084616996 0.0
30079936.072289813 0.0
30079823.06081182 0.0
30079710.050183 0.0
30079597.040403336 0.0
30079484.031472836 0.0
30079371.023391478 0.0
30079258.016159255 0.0
30079145.009776156 0.0
30079032.00424218 0.0
30078918.9995573 0.0
30078805.995721523 0.0
30078692.99273484 0.0
30078579.99059723 0.0
30078466.989308685 0.0
30078353.9888692 0.0
30078240.98927877 0.0
30078127.99053737 0.0
30078014.992645007 0.0
30077901.99560167 0.0
30077788.99940733 0.0
30077676.004062004 0.0
30077563.009565663 0.0
30077450.015918307 0.0
30077337.023119923 0.0
30077224.031170502 0.0
30077111.04007004 0.0
30076998.04981851 0.0
30076885.060415927 0.0
30076772.07186226 0.0
30076659.084157508 0.0
30076546.09730167 0.0
30076433.111294724 0.0
30076320.126136664 0.0
30076207.141827483 0.0
30076094.158367172 0.0
30075981.175755713 0.0
30075868.193993103 0.0
30075755.213079337 0.0
30075642.233014394 0.0
30075529.253798276 0.0
30075416.275430962 0.0
30075303.29791246 0.0
30075190.321242735 0.0
30075077.3454218 0.0
30074964.370449636 0.0
30074851.396326233 0.0
30074738.42305158 0.0
30074625.450625677 0.0
30074512.4790485 0.0
30074399.508320052 0.0
30074286.538440317 0.0
30074173.569409292 0.0
30074060.601226952 0.0
30073947.633893307 0.0
30073834.667408336 0.0
30073721.701772027 0.0
30073608.73698438 0.0
30073495.77304538 0.0
30073382.80995502 0.0
30073269.84771328 0.0
30073156.886320166 0.0
30073043.925775662 0.0
30072930.96607975 0.0
30072818.00723244 0.0
30072705.0492337 0.0
30072592.092083536 0.0
30072479.135781933 0.0
30072366.180328887 0.0
30072253.225724377 0.0
30072140.271968395 0.0
30072027.319060948 0.0
30071914.367002007 0.0
30071801.41579157 0.0
30071688.46542963 0.0
30071575.515916176 0.0
30071462.567251194 0.0
30071349.61943468 0.0
30071236.672466625 0.0
30071123.72634701 0.0
30071010.78107584 0.0
30070897.836653095 0.0
30070784.893078767 0.0
30070671.950352848 0.0
30070559.008475326 0.0
30070446.0674462 0.0
30070333.127265442 0.0
30070220.187933065 0.0
30070107.249449044 0.0
30069994.31181337 0.0
30069881.375026047 0.0
30069768.439087052 0.0
30069655.503996376 0.0
30069542.569754016 0.0
30069429.636359964 0.0
30069316.7038142 0.0
30069203.772116717 0.0
30069090.84126752 0.0
30068977.91126658 0.0
30068864.982113894 0.0
30068752.053809457 0.0
30068639.126353256 0.0
30068526.199745283 0.0
30068413.273985527 0.0
30068300.34907398 0.0
30068187.425010633 0.0
30068074.50179547 0.0
30067961.579428487 0.0
30067848.657909673 0.0
30067735.737239018 0.0
30067622.817416515 0.0
30067509.89844216 0.0
30067396.980315924 0.0
30067284.06303782 0.0
30067171.146607824 0.0
30067058.23102593 0.0
30066945.31629213 0.0
30066832.402406413 0.0
30066719.489368774 0.0
30066606.57717919 0.0
30066493.66583767 0.0
30066380.755344193 0.0
30066267.845698748 0.0
30066154.936901335 0.0
30066042.028951935 0.0
30065929.121850543 0.0
30065816.21559715 0.0
30065703.310191747 0.0
30065590.405634318 0.0
30065477.501924854 0.0
30065364.59906336 0.0
30065251.697049808 0.0
30065138.7958842 0.0
30065025.89556652 0.0
30064912.996096764 0.0
30064800.097474918 0.0
30064687.199700974 0.0
30064574.302774925 0.0
30064461.40669675 0.0
30064348.511466462 0.0
30064235.61708403 0.0
30064122.72354945 0.0
30064009.83086272 0.0
30063896.939023823 0.0
30063784.048032757 0.0
30063671.157889497 0.0
30063558.268594053 0.0
30063445.3801464 0.0
30063332.492546532 0.0
30063219.60579445 0.0
30063106.719890133 0.0
30062993.834833574 0.0
30062880.95062476 0.0
30062768.067263696 0.0
30062655.184750356 0.0
30062542.30308473 0.0
30062429.422266826 0.0
30062316.542296622 0.0
30062203.663174104 0.0
30062090.784899272 0.0
30061977.90747211 0.0
30061865.030892618 0.0
30061752.155160774 0.0
30061639.280276578 0.0
30061526.406240016 0.0
30061413.533051077 0.0
30061300.660709754 0.0
30061187.789216038 0.0
30061074.918569915 0.0
30060962.04877138 0.0
30060849.17982043 0.0
30060736.311717037 0.0
30060623.44446121 0.0
30060510.57805293 0.0
30060397.712492187 0.0
30060284.847778976 0.0
30060171.983913284 0.0
30060059.120895106 0.0
30059946.25872442 0.0
30059833.397401236 0.0
30059720.53692553 0.0
30059607.677297287 0.0
30059494.81851652 0.0
30059381.960583203 0.0
30059269.103497326 0.0
30059156.247258883 0.0
30059043.39186787 0.0
30058930.537324272 0.0
30058817.68362807 0.0
30058704.830779277 0.0
30058591.978777863 0.0
30058479.127623826 0.0
30058366.277317155 0.0
30058253.427857846 0.0
30058140.57924588 0.0
30058027.731481258 0.0
30057914.884563968 0.0
30057802.038493987 0.0
30057689.193271328 0.0
30057576.348895963 0.0
30057463.505367886 0.0
30057350.662687097 0.0
30057237.820853576 0.0
30057124.979867324 0.0
30057012.13972831 0.0
30056899.300436556 0.0
30056786.46199203 0.0
30056673.62439472 0.0
30056560.787644636 0.0
30056447.95174175 0.0
30056335.11668607 0.0
30056222.28247756 0.0
30056109.44911624 0.0
30055996.61660208 0.0
30055883.784935076 0.0
30055770.954115227 0.0
30055658.124142513 0.0
30055545.295016926 0.0
30055432.46673846 0.0
30055319.639307104 0.0
30055206.812722847 0.0
30055093.98698568 0.0
30054981.1620956 0.0
30054868.338052586 0.0
30054755.514856637 0.0
30054642.692507736 0.0
30054529.87100588 0.0
30054417.050351057 0.0
30054304.23054326 0.0
30054191.41158248 0.0
30054078.593468696 0.0
30053965.776201915 0.0
30053852.959782116 0.0
30053740.144209296 0.0
30053627.32948344 0.0
30053514.51560454 0.0
30053401.702572595 0.0
30053288.890387576 0.0
30053176.079049498 0.0
30053063.26855833 0.0
30052950.45891407 0.0
30052837.65011672 0.0
30052724.842166256 0.0
30052612.03506267 0.0
30052499.228805955 0.0
30052386.423396103 0.0
30052273.61883311 0.0
30052160.81511695 0.0
30052048.01224763 0.0
30051935.210225128 0.0
30051822.409049444 0.0
30051709.60872056 0.0
30051596.809238475 0.0
30051484.010603175 0.0
30051371.212814648 0.0
30051258.415872894 0.0
30051145.61977789 0.0
30051032.824529637 0.0
30050920.03012812 0.0
30050807.23657333 0.0
30050694.443865262 0.0
30050581.652003903 0.0
30050468.860989247 0.0
30050356.07082127 0.0
30050243.281499982 0.0
30050130.493025362 0.0
30050017.7053974 0.0
30049904.9186161 0.0
30049792.132681437 0.0
30049679.34759341 0.0
30049566.563352 0.0
30049453.779957205 0.0
30049340.997409023 0.0
30049228.215707425 0.0
30049115.43485242 0.0
30049002.654843986 0.0
30048889.87568212 0.0
30048777.09736681 0.0
30048664.319898047 0.0
30048551.543275822 0.0
30048438.76750012 0.0
30048325.992570948 0.0
30048213.21848828 0.0
30048100.44525211 0.0
30047987.67286243 0.0
30047874.901319228 0.0
30047762.1306225 0.0
30047649.36077223 0.0
30047536.591768418 0.0
30047423.82361104 0.0
30047311.056300104 0.0
30047198.289835587 0.0
30047085.524217483 0.0
30046972.759445783 0.0
30046859.995520476 0.0
30046747.23244156 0.0
30046634.47020901 0.0
30046521.70882283 0.0
30046408.948283017 0.0
30046296.188589536 0.0
30046183.429742403 0.0
30046070.671741594 0.0
30045957.914587103 0.0
30045845.15827892 0.0
30045732.402817037 0.0
30045619.648201447 0.0
30045506.89443213 0.0
30045394.141509093 0.0
30045281.38943231 0.0
30045168.63820178 0.0
30045055.887817495 0.0
30044943.13827944 0.0
30044830.38958761 0.0
30044717.64174199 0.0
30044604.894742582 0.0
30044492.148589365 0.0
30044379.40328233 0.0
30044266.65882147 0.0
30044153.91520678 0.0
30044041.17243824 0.0
30043928.430515856 0.0
30043815.689439606 0.0
30043702.949209478 0.0
30043590.20982548 0.0
30043477.471287582 0.0
30043364.733595777 0.0
30043251.996750075 0.0
30043139.260750446 0.0
30043026.525596894 0.0
30042913.791289397 0.0
30042801.057827953 0.0
30042688.325212553 0.0
30042575.59344318 0.0
30042462.862519838 0.0
30042350.132442508 0.0
30042237.40321118 0.0
30042124.674825843 0.0
30042011.947286498 0.0
30041899.220593125 0.0
30041786.494745716 0.0
30041673.76974427 0.0
30041561.045588765 0.0
30041448.3222792 0.0
30041335.59981556 0.0
30041222.878197838 0.0
30041110.15742603 0.0
30040997.437500115 0.0
30040884.718420096 0.0
30040772.00018595 0.0
30040659.282797683 0.0
30040546.566255275 0.0
30040433.850558713 0.0
30040321.135707997 0.0
30040208.421703115 0.0
30040095.708544057 0.0
30039982.996230807 0.0
30039870.284763362 0.0
30039757.57414172 0.0
30039644.864365853 0.0
30039532.155435767 0.0
30039419.44735145 0.0
30039306.740112882 0.0
30039194.033720065 0.0
30039081.32817298 0.0
30038968.623471633 0.0
30038855.919615995 0.0
30038743.216606073 0.0
30038630.514441848 0.0
30038517.81312331 0.0
30038405.112650454 0.0
30038292.41302327 0.0
30038179.714241747 0.0
30038067.016305875 0.0
30037954.319215648 0.0
30037841.62297105 0.0
30037728.927572075 0.0
30037616.233018715 0.0
30037503.539310962 0.0
30037390.846448798 0.0
30037278.154432222 0.0
30037165.463261228 0.0
30037052.77293579 0.0
30036940.08345591 0.0
30036827.394821584 0.0
30036714.70703279 0.0
30036602.020089526 0.0
30036489.333991777 0.0
30036376.648739547 0.0
30036263.964332804 0.0
30036151.280771554 0.0
30036038.59805579 0.0
30035925.91618549 0.0
30035813.23516066 0.0
30035700.554981276 0.0
30035587.875647336 0.0
30035475.19715883 0.0
30035362.51951574 0.0
30035249.842718076 0.0
30035137.166765805 0.0
30035024.491658937 0.0
30034911.817397453 0.0
30034799.14398134 0.0
30034686.4714106 0.0
30034573.79968521 0.0
30034461.128805168 0.0
30034348.45877047 0.0
30034235.789581098 0.0
30034123.121237036 0.0
30034010.453738295 0.0
30033897.787084848 0.0
30033785.12127669 0.0
30033672.45631382 0.0
30033559.792196214 0.0
30033447.128923874 0.0
30033334.46649678 0.0
30033221.804914933 0.0
30033109.14417832 0.0
30032996.484286927 0.0
30032883.825240754 0.0
30032771.16703978 0.0
30032658.509684004 0.0
30032545.85317341 0.0
30032433.197507996 0.0
30032320.54268775 0.0
30032207.888712652 0.0
30032095.235582713 0.0
30031982.583297905 0.0
30031869.931858227 0.0
30031757.281263668 0.0
30031644.631514218 0.0
30031531.982609868 0.0
30031419.334550608 0.0
30031306.687336434 0.0
30031194.040967327 0.0
30031081.395443283 0.0
30030968.750764288 0.0
30030856.106930338 0.0
30030743.46394142 0.0
30030630.82179753 0.0
30030518.180498656 0.0
30030405.540044777 0.0
30030292.9004359 0.0
30030180.261672013 0.0
30030067.623753097 0.0
30029954.986679148 0.0
30029842.350450154 0.0
30029729.715066116 0.0
30029617.080527008 0.0
30029504.44683283 0.0
30029391.81398358 0.0
30029279.181979224 0.0
30029166.55081978 0.0
30029053.920505226 0.0
30028941.291035548 0.0
30028828.662410747 0.0
30028716.034630805 0.0
30028603.40769572 0.0
30028490.78160547 0.0
30028378.156360064 0.0
30028265.531959478 0.0
30028152.908403702 0.0
30028040.285692737 0.0
30027927.663826562 0.0
30027815.04280518 0.0
30027702.42262857 0.0
30027589.803296734 0.0
30027477.184809644 0.0
30027364.56716731 0.0
30027251.950369716 0.0
30027139.334416848 0.0
30027026.7193087 0.0
30026914.105045263 0.0
30026801.49162653 0.0
30026688.87905248 0.0
30026576.267323114 0.0
30026463.656438425 0.0
30026351.046398394 0.0
30026238.43720302 0.0
30026125.82885229 0.0
30026013.22134619 0.0
30025900.614684716 0.0
30025788.008867856 0.0
30025675.403895605 0.0
30025562.799767945 0.0
30025450.19648488 0.0
30025337.594046384 0.0
30025224.99245246 0.0
30025112.39170309 0.0
30024999.791798275 0.0
30024887.192737993 0.0
30024774.59452224 0.0
30024661.997151017 0.0
30024549.400624298 0.0
30024436.804942075 0.0
30024324.210104354 0.0
30024211.616111107 0.0
30024099.022962335 0.0
30023986.430658028 0.0
30023873.839198176 0.0
30023761.248582758 0.0
30023648.65881178 0.0
30023536.069885235 0.0
30023423.4818031 0.0
30023310.89456537 0.0
30023198.308172036 0.0
30023085.722623095 0.0
30022973.13791852 0.0
30022860.55405832 0.0
30022747.971042484 0.0
30022635.388870988 0.0
30022522.80754384 0.0
30022410.227061015 0.0
30022297.647422515 0.0
30022185.068628322 0.0
30022072.490678433 0.0
30021959.91357284 0.0
30021847.33731152 0.0
30021734.761894483 0.0
30021622.187321708 0.0
30021509.613593183 0.0
30021397.040708903 0.0
30021284.46866886 0.0
30021171.89747304 0.0
30021059.327121437 0.0
30020946.757614046 0.0
30020834.188950844 0.0
30020721.621131834 0.0
30020609.054157004 0.0
30020496.488026343 0.0
30020383.922739837 0.0
30020271.358297482 0.0
30020158.79469927 0.0
30020046.231945183 0.0
30019933.67003522 0.0
30019821.10896937 0.0
30019708.548747618 0.0
30019595.989369966 0.0
30019483.430836394 0.0
30019370.873146895 0.0
30019258.316301458 0.0
30019145.760300077 0.0
30019033.205142748 0.0
30018920.65082944 0.0
30018808.097360175 0.0
30018695.544734918 0.0
30018582.99295367 0.0
30018470.442016415 0.0
30018357.891923152 0.0
30018245.342673868 0.0
30018132.794268552 0.0
30018020.246707205 0.0
30017907.6999898 0.0
30017795.15411633 0.0
30017682.6090868 0.0
30017570.064901188 0.0
30017457.52155949 0.0
30017344.979061693 0.0
30017232.437407795 0.0
30017119.896597773 0.0
30017007.35663163 0.0
30016894.817509353 0.0
30016782.27923093 0.0
30016669.741796352 0.0
30016557.20520561 0.0
30016444.6694587 0.0
30016332.134555597 0.0
30016219.600496307 0.0
30016107.06728082 0.0
30015994.534909114 0.0
30015882.003381193 0.0
30015769.472697042 0.0
30015656.94285665 0.0
30015544.413860008 0.0
30015431.885707106 0.0
30015319.358397946 0.0
30015206.831932493 0.0
30015094.306310765 0.0
30014981.78153274 0.0
30014869.257598396 0.0
30014756.73450775 0.0
30014644.21226078 0.0
30014531.690857466 0.0
30014419.170297813 0.0
30014306.65058181 0.0
30014194.13170944 0.0
30014081.613680694 0.0
30013969.096495576 0.0
30013856.58015406 0.0
30013744.064656146 0.0
30013631.55000182 0.0
30013519.036191076 0.0
30013406.523223896 0.0
30013294.01110028 0.0
30013181.49982022 0.0
30013068.989383698 0.0
30012956.479790714 0.0
30012843.97104125 0.0
30012731.463135306 0.0
30012618.956072852 0.0
30012506.4498539 0.0
30012393.94447844 0.0
30012281.439946447 0.0
30012168.936257925 0.0
30012056.433412857 0.0
30011943.93141124 0.0
30011831.43025306 0.0
30011718.929938305 0.0
30011606.43046697 0.0
30011493.931839045 0.0
30011381.434054524 0.0
30011268.93711339 0.0
30011156.44101563 0.0
30011043.945761252 0.0
30010931.451350234 0.0
30010818.957782567 0.0
30010706.46505824 0.0
30010593.973177254 0.0
30010481.482139584 0.0
30010368.99194523 0.0
30010256.502594188 0.0
30010144.014086436 0.0
30010031.52642197 0.0
30009919.039600782 0.0
30009806.553622868 0.0
30009694.0684882 0.0
30009581.584196784 0.0
30009469.10074861 0.0
30009356.61814366 0.0
30009244.136381935 0.0
30009131.655463416 0.0
30009019.1753881 0.0
30008906.696155977 0.0
30008794.217767034 0.0
30008681.740221266 0.0
30008569.263518654 0.0
30008456.7876592 0.0
30008344.31264289 0.0
30008231.83846971 0.0
30008119.365139663 0.0
30008006.892652728 0.0
30007894.4210089 0.0
30007781.950208165 0.0
30007669.480250522 0.0
30007557.011135954 0.0
30007444.54286445 0.0
30007332.07543601 0.0
30007219.60885062 0.0
30007107.143108267 0.0
30006994.678208943 0.0
30006882.214152645 0.0
30006769.75093935 0.0
30006657.28856906 0.0
30006544.827041768 0.0
30006432.36635745 0.0
30006319.906516112 0.0
30006207.447517734 0.0
30006094.989362318 0.0
30005982.532049835 0.0
30005870.07558029 0.0
30005757.61995368 0.0
30005645.165169977 0.0
30005532.711229187 0.0
30005420.25813129 0.0
30005307.805876277 0.0
30005195.354464155 0.0
30005082.903894894 0.0
30004970.45416849 0.0
30004858.005284943 0.0
30004745.557244238 1.0
30004633.110046357 1.0
30004520.663691297 1.0
30004408.218179055 1.0
30004295.773509614 1.0
30004183.329682965 1.0
30004070.8866991 1.0
30003958.444558013 1.0
30003846.00325968 1.0
30003733.56280411 1.0
30003621.123191293 1.0
30003508.684421204 1.0
30003396.246493842 1.0
30003283.809409197 1.0
30003171.373167265 1.0
30003058.937768023 1.0
30002946.503211476 1.0
30002834.06949761 1.0
30002721.636626408 1.0
30002609.20459787 1.0
30002496.773411985 1.0
30002384.34306874 1.0
30002271.913568128 1.0
30002159.484910138 1.0
30002047.057094764 1.0
30001934.630121987 1.0
30001822.20399181 1.0
30001709.778704215 1.0
30001597.354259193 1.0
30001484.930656742 1.0
30001372.507896848 1.0
30001260.0859795 1.0
30001147.664904684 1.0
30001035.244672406 1.0
30000922.82528264 1.0
30000810.40673538 1.0
30000697.989030626 1.0
30000585.572168358 1.0
30000473.15614857 1.0
30000360.740971256 1.0
30000248.326636408 1.0
30000135.913144 1.0
30000023.50049404 1.0
29999911.088686522 1.0
29999798.677721415 1.0
29999686.267598733 1.0
29999573.858318448 1.0
29999461.449880566 1.0
29999349.042285062 1.0
29999236.635531936 1.0
29999124.229621183 1.0
29999011.82455278 1.0
29998899.420326732 1.0
29998787.01694302 1.0
29998674.614401627 1.0
29998562.21270257 1.0
29998449.811845813 1.0
29998337.411831364 1.0
29998225.0126592 1.0
29998112.614329323 1.0
29998000.216841713 1.0
29997887.820196364 1.0
29997775.424393274 1.0
29997663.029432427 1.0
29997550.635313813 1.0
29997438.242037423 1.0
29997325.849603254 1.0
29997213.458011284 1.0
29997101.067261513 1.0
29996988.677353933 1.0
29996876.28828853 1.0
29996763.90006529 1.0
29996651.51268421 1.0
29996539.126145285 1.0
29996426.740448494 1.0
29996314.35559383 1.0
29996201.9715813 1.0
29996089.588410866 1.0
29995977.206082545 1.0
29995864.824596312 1.0
29995752.44395216 1.0
29995640.064150084 1.0
29995527.685190074 1.0
29995415.307072118 1.0
29995302.9297962 1.0
29995190.55336233 1.0
29995078.177770477 1.0
29994965.80302064 1.0
29994853.429112818 1.0
29994741.05604699 1.0
29994628.68382315 1.0
29994516.312441286 1.0
29994403.941901397 1.0
29994291.572203465 1.0
29994179.203347478 1.0
29994066.835333444 1.0
29993954.468161333 1.0
29993842.101831146 1.0
29993729.736342873 1.0
29993617.371696506 1.0
29993505.007892024 1.0
29993392.64492943 1.0
29993280.282808717 1.0
29993167.921529863 1.0
29993055.561092865 1.0
29992943.201497715 1.0
29992830.8427444 1.0
29992718.484832913 1.0
29992606.127763245 1.0
29992493.77153539 1.0
29992381.416149326 1.0
29992269.06160506 1.0
29992156.70790257 1.0
29992044.355041843 1.0
29991932.00302289 1.0
29991819.651845682 1.0
29991707.301510222 1.0
29991594.952016484 1.0
29991482.603364483 1.0
29991370.255554188 1.0
29991257.908585593 1.0
29991145.5624587 1.0
29991033.217173494 1.0
29990920.87272996 1.0
29990808.529128093 1.0
29990696.186367888 1.0
29990583.844449323 1.0
29990471.5033724 1.0
29990359.16313711 1.0
29990246.823743436 1.0
29990134.48519137 1.0
29990022.147480905 1.0
29989909.810612038 1.0
29989797.47458474 1.0
29989685.139399022 1.0
29989572.80505487 1.0
29989460.47155226 1.0
29989348.138891205 1.0
29989235.80707168 1.0
29989123.476093676 1.0
29989011.14595719 1.0
29988898.81666221 1.0
29988786.488208733 1.0
29988674.160596732 1.0
29988561.833826218 1.0
29988449.50789717 1.0
29988337.18280957 1.0
29988224.85856343 1.0
29988112.535158727 1.0
29988000.212595455 1.0
29987887.890873604 1.0
29987775.569993168 1.0
29987663.24995413 1.0
29987550.93075648 1.0
29987438.61240022 1.0
29987326.29488533 1.0
29987213.978211805 1.0
29987101.662379634 1.0
29986989.34738881 1.0
29986877.033239316 1.0
29986764.71993115 1.0
29986652.40746431 1.0
29986540.09583877 1.0
29986427.785054527 1.0
29986315.475111574 1.0
29986203.1660099 1.0
29986090.857749496 1.0
29985978.55033035 1.0
29985866.24375246 1.0
29985753.938015804 1.0
29985641.633120388 1.0
29985529.329066187 1.0
29985417.025853198 1.0
29985304.723481417 1.0
29985192.42195083 1.0
29985080.12126143 1.0
29984967.821413197 1.0
29984855.52240614 1.0
29984743.22424023 1.0
29984630.926915463 1.0
29984518.630431846 1.0
29984406.334789347 1.0
29984294.03998797 1.0
29984181.7460277 1.0
29984069.45290854 1.0
29983957.160630453 1.0
29983844.869193453 1.0
29983732.57859753 1.0
29983620.288842667 1.0
29983507.99992885 1.0
29983395.711856082 1.0
29983283.424624342 1.0
29983171.138233628 1.0
29983058.852683928 1.0
29982946.567975238 1.0
29982834.284107536 1.0
29982722.001080826 1.0
29982609.71889509 1.0
29982497.43755032 1.0
29982385.157046508 1.0
29982272.877383646 1.0
29982160.598561727 1.0
29982048.320580725 1.0
29981936.043440655 1.0
29981823.76714149 1.0
29981711.491683222 1.0
29981599.217065852 1.0
29981486.943289362 1.0
29981374.670353744 1.0
29981262.39825899 1.0
29981150.127005097 1.0
29981037.85659204 1.0
29980925.587019812 1.0
29980813.318288423 1.0
29980701.050397843 1.0
29980588.78334807 1.0
29980476.517139092 1.0
29980364.251770902 1.0
29980251.987243492 1.0
29980139.72355685 1.0
29980027.460710973 1.0
29979915.19870584 1.0
29979802.937541448 1.0
29979690.67721779 1.0
29979578.41773485 1.0
29979466.15909262 1.0
29979353.901291095 1.0
29979241.64433027 1.0
29979129.388210118 1.0
29979017.132930648 1.0
29978904.878491838 1.0
29978792.624893688 1.0
29978680.37213618 1.0
29978568.12021931 1.0
29978455.86914307 1.0
29978343.61890744 1.0
29978231.369512428 1.0
29978119.120958008 1.0
29978006.873244174 1.0
29977894.62637093 1.0
29977782.380338248 1.0
29977670.13514613 1.0
29977557.890794564 1.0
29977445.647283543 1.0
29977333.40461305 1.0
29977221.16278308 1.0
29977108.92179363 1.0
29976996.681644678 1.0
29976884.442336224 1.0
29976772.20386825 1.0
29976659.96624076 1.0
29976547.72945373 1.0
29976435.49350716 1.0
29976323.258401044 1.0
29976211.024135355 1.0
29976098.790710103 1.0
29975986.55812527 1.0
29975874.32638084 1.0
29975762.095476817 1.0
29975649.86541318 1.0
29975537.636189934 1.0
29975425.40780705 1.0
29975313.180264536 1.0
29975200.95356237 1.0
29975088.727700546 1.0
29974976.502679065 1.0
29974864.278497905 1.0
29974752.055157058 1.0
29974639.832656518 1.0
29974527.61099628 1.0
29974415.390176322 1.0
29974303.17019664 1.0
29974190.951057237 1.0
29974078.732758086 1.0
29973966.515299186 1.0
29973854.298680525 1.0
29973742.082902096 1.0
29973629.867963884 1.0
29973517.65386589 1.0
29973405.4406081 1.0
29973293.228190497 1.0
29973181.016613077 1.0
29973068.805875834 1.0
29972956.59597875 1.0
29972844.386921827 1.0
29972732.178705048 1.0
29972619.97132841 1.0
29972507.76479189 1.0
29972395.559095494 1.0
29972283.354239203 1.0
29972171.150223013 1.0
29972058.94704691 1.0
29971946.744710885 1.0
29971834.543214936 1.0
29971722.34255904 1.0
29971610.142743204 1.0
29971497.943767406 1.0
29971385.74563163 1.0
29971273.548335895 1.0
29971161.351880163 1.0
29971049.15626444 1.0
29970936.961488705 1.0
29970824.76755296 1.0
29970712.574457195 1.0
29970600.38220139 1.0
29970488.190785546 1.0
29970376.00020965 1.0
29970263.810473688 1.0
29970151.621577654 1.0
29970039.433521543 1.0
29969927.24630534 1.0
29969815.059929036 1.0
29969702.87439263 1.0
29969590.689696096 1.0
29969478.50583944 1.0
29969366.322822645 1.0
29969254.140645705 1.0
29969141.959308606 1.0
29969029.778811343 1.0
29968917.59915391 1.0
29968805.42033628 1.0
29968693.24235847 1.0
29968581.06522045 1.0
29968468.88892221 1.0
29968356.71346376 1.0
29968244.538845073 1.0
29968132.365066145 1.0
29968020.192126967 1.0
29967908.020027533 1.0
29967795.848767824 1.0
29967683.678347833 1.0
29967571.508767564 1.0
29967459.340026993 1.0
29967347.172126114 1.0
29967235.005064916 1.0
29967122.838843398 1.0
29967010.673461538 1.0
29966898.508919336 1.0
29966786.345216785 1.0
29966674.182353865 1.0
29966562.020330574 1.0
29966449.8591469 1.0
29966337.698802833 1.0
29966225.539298363 1.0
29966113.380633485 1.0
29966001.22280819 1.0
29965889.065822456 1.0
29965776.909676295 1.0
29965664.754369676 1.0
29965552.599902604 1.0
29965440.44627506 1.0
29965328.293487042 1.0
29965216.14153854 1.0
29965103.99042954 1.0
29964991.84016004 1.0
29964879.690730017 1.0
29964767.54213947 1.0
29964655.394388396 1.0
29964543.24747678 1.0
29964431.101404607 1.0
29964318.956171874 1.0
29964206.811778568 1.0
29964094.66822469 1.0
29963982.52551021 1.0
29963870.38363514 1.0
29963758.242599458 1.0
29963646.102403156 1.0
29963533.96304623 1.0
29963421.824528664 1.0
29963309.68685045 1.0
29963197.550011586 1.0
29963085.414012056 1.0
29962973.278851844 1.0
29962861.14453096 1.0
29962749.011049375 1.0
29962636.878407087 1.0
29962524.746604085 1.0
29962412.615640365 1.0
29962300.485515915 1.0
29962188.356230717 1.0
29962076.22778478 1.0
29961964.100178074 1.0
29961851.9734106 1.0
29961739.84748235 1.0
29961627.72239331 1.0
29961515.598143477 1.0
29961403.474732835 1.0
29961291.352161378 1.0
29961179.230429098 1.0
29961067.109535977 1.0
29960954.98948202 1.0
29960842.8702672 1.0
29960730.75189152 1.0
29960618.63435497 1.0
29960506.517657537 1.0
29960394.40179921 1.0
29960282.286779985 1.0
29960170.172599852 1.0
29960058.059258796 1.0
29959945.946756814 1.0
29959833.83509389 1.0
29959721.724270016 1.0
29959609.61428519 1.0
29959497.505139392 1.0
29959385.396832626 1.0
29959273.289364863 1.0
29959161.182736117 1.0
29959049.07694636 1.0
29958936.971995592 1.0
29958824.867883798 1.0
29958712.764610972 1.0
29958600.66217711 1.0
29958488.560582183 1.0
29958376.45982621 1.0
29958264.359909154 1.0
29958152.26083102 1.0
29958040.162591804 1.0
29957928.06519149 1.0
29957815.96863006 1.0
29957703.872907516 1.0
29957591.778023846 1.0
29957479.683979042 1.0
29957367.590773087 1.0
29957255.49840598 1.0
29957143.40687771 1.0
29957031.316188265 1.0
29956919.226337634 1.0
29956807.137325812 1.0
29956695.049152788 1.0
29956582.961818554 1.0
29956470.875323102 1.0
29956358.789666414 1.0
29956246.704848487 1.0
29956134.62086931 1.0
29956022.537728876 1.0
29955910.45542717 1.0
29955798.37396419 1.0
29955686.293339927 1.0
29955574.21355436 1.0
29955462.134607494 1.0
29955350.05649931 1.0
29955237.979229797 1.0
29955125.902798958 1.0
29955013.82720677 1.0
29954901.752453238 1.0
29954789.67853833 1.0
29954677.605462056 1.0
29954565.533224408 1.0
29954453.46182536 1.0
29954341.39126492 1.0
29954229.321543064 1.0
29954117.252659794 1.0
29954005.18461509 1.0
29953893.117408954 1.0
29953781.05104137 1.0
29953668.985512327 1.0
29953556.920821827 1.0
29953444.856969845 1.0
29953332.793956377 1.0
29953220.731781416 1.0
29953108.67044495 1.0
29952996.609946974 1.0
29952884.550287474 1.0
29952772.491466448 1.0
29952660.433483873 1.0
29952548.376339756 1.0
29952436.32003407 1.0
29952324.264566824 1.0
29952212.209937993 1.0
29952100.156147573 1.0
29951988.103195563 1.0
29951876.051081937 1.0
29951763.9998067 1.0
29951651.949369837 1.0
29951539.899771333 1.0
29951427.851011194 1.0
29951315.803089395 1.0
29951203.756005935 1.0
29951091.7097608 1.0
29950979.664353985 1.0
29950867.61978548 1.0
29950755.576055266 1.0
29950643.533163354 1.0
29950531.491109714 1.0
29950419.449894346 1.0
29950307.40951724 1.0
29950195.369978383 1.0
29950083.331277773 1.0
29949971.29341539 1.0
29949859.256391242 1.0
29949747.2202053 1.0
29949635.184857562 1.0
29949523.150348023 1.0
29949411.11667667 1.0
29949299.083843492 1.0
29949187.05184848 1.0
29949075.020691633 1.0
29948962.990372922 1.0
29948850.96089236 1.0
29948738.93224993 1.0
29948626.904445607 1.0
29948514.877479408 1.0
29948402.851351306 1.0
29948290.8260613 1.0
29948178.801609367 1.0
29948066.777995512 1.0
29947954.755219728 1.0
29947842.733281985 1.0
29947730.7121823 1.0
29947618.691920646 1.0
29947506.672497015 1.0
29947394.6539114 1.0
29947282.636163797 1.0
29947170.61925419 1.0
29947058.603182573 1.0
29946946.587948937 1.0
29946834.573553268 1.0
29946722.559995558 1.0
29946610.5472758 1.0
29946498.535393983 1.0
29946386.5243501 1.0
29946274.514144138 1.0
29946162.504776094 1.0
29946050.496245947 1.0
29945938.488553703 1.0
29945826.481699336 1.0
29945714.47568285 1.0
29945602.470504228 1.0
29945490.466163464 1.0
29945378.46266055 1.0
29945266.459995467 1.0
29945154.458168216 1.0
29945042.45717879 1.0
29944930.457027163 1.0
29944818.457713347 1.0
29944706.45923732 1.0
29944594.46159907 1.0
29944482.464798596 1.0
29944370.468835883 1.0
29944258.473710928 1.0
29944146.47942371 1.0
29944034.485974237 1.0
29943922.493362483 1.0
29943810.501588445 1.0
29943698.51065211 1.0
29943586.520553477 1.0
29943474.53129253 1.0
29943362.542869262 1.0
29943250.55528367 1.0
29943138.568535727 1.0
29943026.582625438 1.0
29942914.59755279 1.0
29942802.613317773 1.0
29942690.62992038 1.0
29942578.647360593 1.0
29942466.66563842 1.0
29942354.68475383 1.0
29942242.70470683 1.0
29942130.725497406 1.0
29942018.74712554 1.0
29941906.769591242 1.0
29941794.792894483 1.0
29941682.81703527 1.0
29941570.84201357 1.0
29941458.867829397 1.0
29941346.89448274 1.0
29941234.92197357 1.0
29941122.9503019 1.0
29941010.97946771 1.0
29940899.009470984 1.0
29940787.040311728 1.0
29940675.07198992 1.0
29940563.10450556 1.0
29940451.13785863 1.0
29940339.17204913 1.0
29940227.20707704 1.0
29940115.24294236 1.0
29940003.27964507 1.0
29939891.31718517 1.0
29939779.35556265 1.0
29939667.3947775 1.0
29939555.43482971 1.0
29939443.47571926 1.0
29939331.517446153 1.0
29939219.560010385 1.0
29939107.60341193 1.0
29938995.647650793 1.0
29938883.692726955 1.0
29938771.738640413 1.0
29938659.78539115 1.0
29938547.83297916 1.0
29938435.881404445 1.0
29938323.930666972 1.0
29938211.98076676 1.0
29938100.031703774 1.0
29937988.08347802 1.0
29937876.13608948 1.0
29937764.18953815 1.0
29937652.243824024 1.0
29937540.29894708 1.0
29937428.354907326 1.0
29937316.411704738 1.0
29937204.46933931 1.0
29937092.527811036 1.0
29936980.587119903 1.0
29936868.647265904 1.0
29936756.708249032 1.0
29936644.770069275 1.0
29936532.832726624 1.0
29936420.89622106 1.0
29936308.96055259 1.0
29936197.025721196 1.0
29936085.09172687 1.0
29935973.158569604 1.0
29935861.22624939 1.0
29935749.294766203 1.0
29935637.364120055 1.0
29935525.434310928 1.0
29935413.505338814 1.0
29935301.5772037 1.0
29935189.649905574 1.0
29935077.72344444 1.0
29934965.79782027 1.0
29934853.87303307 1.0
29934741.94908283 1.0
29934630.025969524 1.0
29934518.103693165 1.0
29934406.182253726 1.0
29934294.261651207 1.0
29934182.341885597 1.0
29934070.422956884 1.0
29933958.504865065 1.0
29933846.587610118 1.0
29933734.67119205 1.0
29933622.75561084 1.0
29933510.84086648 1.0
29933398.926958963 1.0
29933287.013888277 1.0
29933175.101654418 1.0
29933063.190257374 1.0
29932951.279697135 1.0
29932839.369973686 1.0
29932727.461087026 1.0
29932615.553037148 1.0
29932503.645824034 1.0
29932391.739447676 1.0
29932279.83390807 1.0
29932167.9292052 1.0
29932056.02533906 1.0
29931944.12230964 1.0
29931832.220116936 1.0
29931720.318760924 1.0
29931608.418241616 1.0
29931496.518558986 1.0
29931384.619713027 1.0
29931272.721703734 1.0
29931160.824531097 1.0
29931048.928195108 1.0
29930937.032695744 1.0
29930825.138033018 1.0
29930713.244206905 1.0
29930601.3512174 1.0
29930489.45906449 1.0
29930377.567748174 1.0
29930265.677268434 1.0
29930153.787625268 1.0
29930041.898818664 1.0
29929930.010848608 1.0
29929818.12371509 1.0
29929706.237418115 1.0
29929594.351957656 1.0
29929482.467333715 1.0
29929370.583546277 1.0
29929258.700595338 1.0
29929146.818480875 1.0
29929034.937202893 1.0
29928923.056761384 1.0
29928811.17715633 1.0
29928699.29838772 1.0
29928587.420455553 1.0
29928475.543359816 1.0
29928363.667100493 1.0
29928251.791677587 1.0
29928139.917091083 1.0
29928028.043340962 1.0
29927916.170427237 1.0
29927804.29834988 1.0
29927692.427108884 1.0
29927580.55670424 1.0
29927468.68713595 1.0
29927356.818403993 1.0
29927244.950508356 1.0
29927133.083449047 1.0
29927021.217226036 1.0
29926909.351839323 1.0
29926797.487288907 1.0
29926685.623574767 1.0
29926573.760696895 1.0
29926461.898655284 1.0
29926350.03744993 1.0
29926238.177080806 1.0
29926126.317547925 1.0
29926014.458851267 1.0
29925902.60099082 1.0
29925790.74396658 1.0
29925678.88777853 1.0
29925567.032426674 1.0
29925455.177910984 1.0
29925343.324231464 1.0
29925231.47138811 1.0
29925119.61938089 1.0
29925007.768209822 1.0
29924895.91787488 1.0
29924784.068376053 1.0
29924672.21971334 1.0
29924560.37188673 1.0
29924448.524896216 1.0
29924336.67874177 1.0
29924224.833423413 1.0
29924112.988941114 1.0
29924001.145294867 1.0
29923889.30248467 1.0
29923777.460510504 1.0
29923665.619372364 1.0
29923553.779070243 1.0
29923441.939604133 1.0
29923330.10097402 1.0
29923218.263179887 1.0
29923106.426221747 1.0
29922994.59009957 1.0
29922882.75481335 1.0
29922770.920363087 1.0
29922659.08674877 1.0
29922547.253970373 1.0
29922435.42202791 1.0
29922323.59092136 1.0
29922211.760650713 1.0
29922099.931215957 1.0
29921988.102617092 1.0
29921876.274854105 1.0
29921764.447926976 1.0
29921652.62183571 1.0
29921540.796580296 1.0
29921428.972160712 1.0
29921317.148576967 1.0
29921205.32582904 1.0
29921093.50391692 1.0
29920981.682840604 1.0
29920869.862600077 1.0
29920758.04319534 1.0
29920646.224626366 1.0
29920534.406893168 1.0
29920422.589995716 1.0
29920310.773934007 1.0
29920198.95870804 1.0
29920087.1443178 1.0
29919975.330763273 1.0
29919863.518044457 1.0
29919751.70616134 1.0
29919639.89511391 1.0
29919528.084902156 1.0
29919416.27552608 1.0
29919304.466985658 1.0
29919192.65928089 1.0
29919080.852411766 1.0
29918969.046378277 1.0
29918857.2411804 1.0
29918745.436818145 1.0
29918633.633291498 1.0
29918521.830600437 1.0
29918410.028744973 1.0
29918298.22772508 1.0
29918186.427540757 1.0
29918074.628191985 1.0
29917962.829678766 1.0
29917851.03200109 1.0
29917739.235158935 1.0
29917627.439152308 1.0
29917515.64398119 1.0
29917403.849645566 1.0
29917292.056145445 1.0
29917180.263480805 1.0
29917068.471651636 1.0
29916956.68065793 1.0
29916844.890499685 1.0
29916733.10117688 1.0
29916621.312689506 1.0
29916509.525037568 1.0
29916397.738221046 1.0
29916285.95223993 1.0
29916174.167094212 1.0
29916062.382783886 1.0
29915950.599308934 1.0
29915838.816669356 1.0
29915727.034865145 1.0
29915615.253896277 1.0
29915503.473762758 1.0
29915391.694464568 1.0
29915279.916001707 1.0
29915168.13837415 1.0
29915056.361581903 1.0
29914944.585624956 1.0
29914832.81050329 1.0
29914721.036216903 1.0
29914609.262765784 1.0
29914497.490149923 1.0
29914385.71836931 1.0
29914273.947423935 1.0
29914162.177313797 1.0
29914050.40803887 1.0
29913938.639599163 1.0
29913826.87199465 1.0
29913715.105225332 1.0
29913603.339291204 1.0
29913491.574192245 1.0
29913379.809928447 1.0
29913268.046499807 1.0
29913156.28390632 1.0
29913044.52214796 1.0
29912932.761224728 1.0
29912821.00113662 1.0
29912709.241883613 1.0
29912597.48346571 1.0
29912485.725882895 1.0
29912373.96913516 1.0
29912262.213222492 1.0
29912150.458144892 1.0
29912038.703902345 1.0
29911926.950494833 1.0
29911815.197922364 1.0
29911703.446184915 1.0
29911591.695282485 1.0
29911479.94521505 1.0
29911368.195982616 1.0
29911256.447585173 1.0
29911144.7000227 1.0
29911032.9532952 1.0
29910921.20740266 1.0
29910809.46234506 1.0
29910697.71812241 1.0
29910585.97473469 1.0
29910474.232181888 1.0
29910362.490464 1.0
29910250.749581013 1.0
29910139.00953292 1.0
29910027.270319704 1.0
29909915.531941373 1.0
29909803.7943979 1.0
29909692.057689287 1.0
29909580.321815517 1.0
29909468.58677659 1.0
29909356.852572482 1.0
29909245.119203195 1.0
29909133.386668723 1.0
29909021.654969044 1.0
29908909.924104158 1.0
29908798.194074053 1.0
29908686.464878723 1.0
29908574.736518145 1.0
29908463.008992326 1.0
29908351.28230125 1.0
29908239.556444906 1.0
29908127.831423294 1.0
29908016.10723639 1.0
29907904.383884195 1.0
29907792.661366694 1.0
29907680.93968388 1.0
29907569.218835752 1.0
29907457.498822283 1.0
29907345.77964348 1.0
29907234.061299324 1.0
29907122.343789805 1.0
29907010.62711492 1.0
29906898.91127466 1.0
29906787.19626901 1.0
29906675.48209796 1.0
29906563.768761512 1.0
29906452.056259643 1.0
29906340.344592344 1.0
29906228.63375962 1.0
29906116.92376145 1.0
29906005.214597825 1.0
29905893.50626874 1.0
29905781.798774183 1.0
29905670.09211414 1.0
29905558.38628861 1.0
29905446.681297585 1.0
29905334.97714104 1.0
29905223.27381899 1.0
29905111.5713314 1.0
29904999.869678285 1.0
29904888.168859612 1.0
29904776.468875386 1.0
29904664.769725602 1.0
29904553.07141023 1.0
29904441.37392929 1.0
29904329.677282747 1.0
29904217.981470596 1.0
29904106.286492847 1.0
29903994.59234947 1.0
29903882.89904046 1.0
29903771.206565812 1.0
29903659.51492552 1.0
29903547.824119564 1.0
29903436.134147935 1.0
29903324.445010636 1.0
29903212.75670765 1.0
29903101.069238964 1.0
29902989.382604577 1.0
29902877.696804475 1.0
29902766.01183864 1.0
29902654.32770708 1.0
29902542.64440978 1.0
29902430.961946722 1.0
29902319.280317903 1.0
29902207.599523313 1.0
29902095.91956295 1.0
29901984.240436785 1.0
29901872.562144827 1.0
29901760.884687066 1.0
29901649.208063476 1.0
29901537.53227407 1.0
29901425.857318822 1.0
29901314.183197733 1.0
29901202.509910785 1.0
29901090.83745797 1.0
29900979.16583929 1.0
29900867.495054718 1.0
29900755.82510426 1.0
29900644.155987896 1.0
29900532.48770562 1.0
29900420.82025743 1.0
29900309.153643306 1.0
29900197.487863243 1.0
29900085.82291723 1.0
29899974.158805266 1.0
29899862.49552733 1.0
29899750.83308341 1.0
29899639.171473518 1.0
29899527.51069762 1.0
29899415.850755725 1.0
29899304.191647813 1.0
29899192.53337388 1.0
29899080.875933908 1.0
29898969.2193279 1.0
29898857.563555844 1.0
29898745.90861772 1.0
29898634.254513532 1.0
29898522.601243258 1.0
29898410.9488069 1.0
29898299.297204442 1.0
29898187.64643588 1.0
29898075.9965012 1.0
29897964.34740039 1.0
29897852.699133452 1.0
29897741.051700365 1.0
29897629.40510112 1.0
29897517.75933572 1.0
29897406.114404142 1.0
29897294.47030639 1.0
29897182.827042434 1.0
29897071.18461229 1.0
29896959.543015927 1.0
29896847.90225334 1.0
29896736.262324538 1.0
29896624.62322949 1.0
29896512.984968197 1.0
29896401.347540643 1.0
29896289.71094683 1.0
29896178.075186733 1.0
29896066.44026036 1.0
29895954.80616769 1.0
29895843.172908716 1.0
29895731.540483426 1.0
29895619.908891816 1.0
29895508.278133877 1.0
29895396.648209594 1.0
29895285.01911896 1.0
29895173.390861973 1.0
29895061.76343861 1.0
29894950.136848874 1.0
29894838.51109275 1.0
29894726.886170227 1.0
29894615.2620813 1.0
29894503.638825953 1.0
29894392.01640419 1.0
29894280.39481598 1.0
29894168.774061337 1.0
29894057.154140238 1.0
29893945.535052672 1.0
29893833.916798644 1.0
29893722.299378127 1.0
29893610.682791125 1.0
29893499.06703762 1.0
29893387.45211761 1.0
29893275.83803108 1.0
29893164.22477802 1.0
29893052.612358425 1.0
29892941.000772286 1.0
29892829.39001959 1.0
29892717.780100327 1.0
29892606.171014488 1.0
29892494.56276207 1.0
29892382.955343056 1.0
29892271.348757446 1.0
29892159.74300522 1.0
29892048.13808637 1.0
29891936.534000896 1.0
29891824.93074878 1.0
29891713.328330014 1.0
29891601.72674459 1.0
29891490.1259925 1.0
29891378.526073728 1.0
29891266.926988278 1.0
29891155.328736126 1.0
29891043.731317267 1.0
29890932.134731703 1.0
29890820.53897941 1.0
29890708.94406039 1.0
29890597.349974617 1.0
29890485.7567221 1.0
29890374.16430282 1.0
29890262.572716765 1.0
29890150.98196394 1.0
29890039.39204432 1.0
29889927.802957904 1.0
29889816.214704677 1.0
29889704.627284642 1.0
29889593.04069777 1.0
29889481.454944063 1.0
29889369.870023523 1.0
29889258.285936117 1.0
29889146.70268185 1.0
29889035.12026071 1.0
29888923.538672693 1.0
29888811.95791778 1.0
29888700.377995964 1.0
29888588.798907246 1.0
29888477.2206516 1.0
29888365.64322903 1.0
29888254.06663952 1.0
29888142.490883064 1.0
29888030.91595965 1.0
29887919.34186927 1.0
29887807.768611915 1.0
29887696.19618757 1.0
29887584.62459624 1.0
29887473.053837903 1.0
29887361.483912546 1.0
29887249.914820176 1.0
29887138.346560773 1.0
29887026.779134326 1.0
29886915.21254083 1.0
29886803.64678028 1.0
29886692.081852656 1.0
29886580.51775795 1.0
29886468.954496164 1.0
29886357.392067276 1.0
29886245.830471285 1.0
29886134.269708175 1.0
29886022.709777944 1.0
29885911.150680576 1.0
29885799.592416067 1.0
29885688.034984406 1.0
29885576.478385583 1.0
29885464.922619585 1.0
29885353.36768641 1.0
29885241.81358604 1.0
29885130.260318477 1.0
29885018.7078837 1.0
29884907.156281713 1.0
29884795.60551249 1.0
29884684.055576034 1.0
29884572.506472334 1.0
29884460.95820137 1.0
29884349.410763152 1.0
29884237.864157654 1.0
29884126.31838488 1.0
29884014.7734448 1.0
29883903.22933743 1.0
29883791.686062746 1.0
29883680.143620733 1.0
29883568.6020114 1.0
29883457.061234728 1.0
29883345.5212907 1.0
29883233.98217932 1.0
29883122.44390057 1.0
29883010.90645445 1.0
29882899.369840935 1.0
29882787.834060032 1.0
29882676.29911172 1.0
29882564.764995996 1.0
29882453.231712848 1.0
29882341.699262265 1.0
29882230.167644244 1.0
29882118.636858772 1.0
29882007.10690584 1.0
29881895.577785432 1.0
29881784.049497556 1.0
29881672.522042185 1.0
29881560.995419316 1.0
29881449.46962894 1.0
29881337.944671046 1.0
29881226.420545634 1.0
29881114.897252675 1.0
29881003.374792185 1.0
29880891.853164133 1.0
29880780.332368515 1.0
29880668.812405333 1.0
29880557.293274567 1.0
29880445.77497621 1.0
29880334.25751025 1.0
29880222.740876686 1.0
29880111.2250755 1.0
29879999.71010668 1.0
29879888.19597023 1.0
29879776.68266613 1.0
29879665.170194373 1.0
29879553.658554953 1.0
29879442.147747856 1.0
29879330.637773074 1.0
29879219.1286306 1.0
29879107.620320432 1.0
29878996.11284254 1.0
29878884.606196932 1.0
29878773.10038359 1.0
29878661.595402513 1.0
29878550.09125368 1.0
29878438.58793709 1.0
29878327.08545274 1.0
29878215.583800603 1.0
29878104.082980685 1.0
29877992.58299297 1.0
29877881.08383745 1.0
29877769.585514113 1.0
29877658.08802295 1.0
29877546.591363963 1.0
29877435.095537122 1.0
29877323.60054244 1.0
29877212.106379893 1.0
29877100.613049466 1.0
29876989.120551173 1.0
29876877.628884986 1.0
29876766.1380509 1.0
29876654.648048904 1.0
29876543.158878993 1.0
29876431.67054116 1.0
29876320.183035385 1.0
29876208.69636167 1.0
29876097.21052 1.0
29875985.725510363 1.0
29875874.241332754 1.0
29875762.75798716 1.0
29875651.27547358 1.0
29875539.793791994 1.0
29875428.312942408 1.0
29875316.83292479 1.0
29875205.35373915 1.0
29875093.87538547 1.0
29874982.397863746 1.0
29874870.92117396 1.0
29874759.44531611 1.0
29874647.970290188 1.0
29874536.49609617 1.0
29874425.022734072 1.0
29874313.550203867 1.0
29874202.078505542 1.0
29874090.607639104 1.0
29873979.13760453 1.0
29873867.668401815 1.0
29873756.200030953 1.0
29873644.73249193 1.0
29873533.26578474 1.0
29873421.79990937 1.0
29873310.334865816 1.0
29873198.87065406 1.0
29873087.407274105 1.0
29872975.94472593 1.0
29872864.483009532 1.0
29872753.0221249 1.0
29872641.562072027 1.0
29872530.102850903 1.0
29872418.644461516 1.0
29872307.186903857 1.0
29872195.730177917 1.0
29872084.27428369 1.0
29871972.81922116 1.0
29871861.364990324 1.0
29871749.911591176 1.0
29871638.459023688 1.0
29871527.00728788 1.0
29871415.556383714 1.0
29871304.1063112 1.0
29871192.65707032 1.0
29871081.208661065 1.0
29870969.76108343 1.0
29870858.3143374 1.0
29870746.868422974 1.0
29870635.423340134 1.0
29870523.979088873 1.0
29870412.535669185 1.0
29870301.093081057 1.0
29870189.651324484 1.0
29870078.210399453 1.0
29869966.770305954 1.0
29869855.33104398 1.0
29869743.89261352 1.0
29869632.455014568 1.0
29869521.018247113 1.0
29869409.582311142 1.0
29869298.14720665 1.0
29869186.712933626 1.0
29869075.27949206 1.0
29868963.846881945 1.0
29868852.415103275 1.0
29868740.984156027 1.0
29868629.554040212 1.0
29868518.124755803 1.0
29868406.696302798 1.0
29868295.268681187 1.0
29868183.84189096 1.0
29868072.41593211 1.0
29867960.990804624 1.0
29867849.566508498 1.0
29867738.14304372 1.0
29867626.720410272 1.0
29867515.29860816 1.0
29867403.877637368 1.0
29867292.457497884 1.0
29867181.0381897 1.0
29867069.61971281 1.0
29866958.202067208 1.0
29866846.785252865 1.0
29866735.3692698 1.0
29866623.954117984 1.0
29866512.53979741 1.0
29866401.126308072 1.0
29866289.713649966 1.0
29866178.301823072 1.0
29866066.890827388 1.0
29865955.480662905 1.0
29865844.07132961 1.0
29865732.66282749 1.0
29865621.255156547 1.0
29865509.848316763 1.0
29865398.44230813 1.0
29865287.037130643 1.0
29865175.632784292 1.0
29865064.229269054 1.0
29864952.826584943 1.0
29864841.424731933 1.0
29864730.023710016 1.0
29864618.62351919 1.0
29864507.224159442 1.0
29864395.825630765 1.0
29864284.427933138 1.0
29864173.031066567 1.0
29864061.635031037 1.0
29863950.239826534 1.0
29863838.845453057 1.0
29863727.451910593 1.0
29863616.059199132 1.0
29863504.66731866 1.0
29863393.27626918 1.0
29863281.886050675 1.0
29863170.496663127 1.0
29863059.108106546 1.0
29862947.72038091 1.0
29862836.33348621 1.0
29862724.94742244 1.0
29862613.56218959 1.0
29862502.177787647 1.0
29862390.794216607 1.0
29862279.411476467 1.0
29862168.0295672 1.0
29862056.64848881 1.0
29861945.26824128 1.0
29861833.88882461 1.0
29861722.510238778 1.0
29861611.132483788 1.0
29861499.755559623 1.0
29861388.379466273 1.0
29861277.004203737 1.0
29861165.629771996 1.0
29861054.25617104 1.0
29860942.883400872 1.0
29860831.51146147 1.0
29860720.140352838 1.0
29860608.770074945 1.0
29860497.400627803 1.0
29860386.032011397 1.0
29860274.664225705 1.0
29860163.29727074 1.0
29860051.931146476 1.0
29859940.565852907 1.0
29859829.201390028 1.0
29859717.837757826 1.0
29859606.47495629 1.0
29859495.112985417 1.0
29859383.751845196 1.0
29859272.39153561 1.0
29859161.03205666 1.0
29859049.67340833 1.0
29858938.315590613 1.0
29858826.958603498 1.0
29858715.60244698 1.0
29858604.24712105 1.0
29858492.892625686 1.0
29858381.5389609 1.0
29858270.186126664 1.0
29858158.83412298 1.0
29858047.482949827 1.0
29857936.13260721 1.0
29857824.783095114 1.0
29857713.434413522 1.0
29857602.086562436 1.0
29857490.739541844 1.0
29857379.393351726 1.0
29857268.04799209 1.0
29857156.703462917 1.0
29857045.3597642 1.0
29856934.016895924 1.0
29856822.674858086 1.0
29856711.333650682 1.0
29856599.993273683 1.0
29856488.653727107 1.0
29856377.31501092 1.0
29856265.977125123 1.0
29856154.640069712 1.0
29856043.303844668 1.0
29855931.968449987 1.0
29855820.63388566 1.0
29855709.30015168 1.0
29855597.967248026 1.0
29855486.635174703 1.0
29855375.30393169 1.0
29855263.973518986 1.0
29855152.643936582 1.0
29855041.315184463 1.0
29854929.987262625 1.0
29854818.66017105 1.0
29854707.33390974 1.0
29854596.008478682 1.0
29854484.683877856 1.0
29854373.360107273 1.0
29854262.03716691 1.0
29854150.715056762 1.0
29854039.393776808 1.0
29853928.073327057 1.0
29853816.753707495 1.0
29853705.4349181 1.0
29853594.11695888 1.0
29853482.799829815 1.0
29853371.483530898 1.0
29853260.168062117 1.0
29853148.85342347 1.0
29853037.539614942 1.0
29852926.226636525 1.0
29852814.914488215 1.0
29852703.603169993 1.0
29852592.292681854 1.0
29852480.98302379 1.0
29852369.67419579 1.0
29852258.366197843 1.0
29852147.059029948 1.0
29852035.752692092 1.0
29851924.447184253 1.0
29851813.14250644 1.0
29851701.83865864 1.0
29851590.535640832 1.0
29851479.233453017 1.0
29851367.93209518 1.0
29851256.631567325 1.0
29851145.331869423 1.0
29851034.033001475 1.0
29850922.73496348 1.0
29850811.43775541 1.0
29850700.14137727 1.0
29850588.845829047 1.0
29850477.55111073 1.0
29850366.25722231 1.0
29850254.964163776 1.0
29850143.67193513 1.0
29850032.380536344 1.0
29849921.089967426 1.0
29849809.800228354 1.0
29849698.511319127 1.0
29849587.22323973 1.0
29849475.93599016 1.0
29849364.6495704 1.0
29849253.363980446 1.0
29849142.079220295 1.0
29849030.795289923 1.0
29848919.512189325 1.0
29848808.229918502 1.0
29848696.948477436 1.0
29848585.66786612 1.0
29848474.38808454 1.0
29848363.109132696 1.0
29848251.831010565 1.0
29848140.55371815 1.0
29848029.277255442 1.0
29847918.00162242 1.0
29847806.72681909 1.0
29847695.452845432 1.0
29847584.179701444 1.0
29847472.907387104 1.0
29847361.635902416 1.0
29847250.36524737 1.0
29847139.09542194 1.0
29847027.82642614 1.0
29846916.55825995 1.0
29846805.290923357 1.0
29846694.024416354 1.0
29846582.758738935 1.0
29846471.49389109 1.0
29846360.229872808 1.0
29846248.966684084 1.0
29846137.7043249 1.0
29846026.442795254 1.0
29845915.182095133 1.0
29845803.92222453 1.0
29845692.663183436 1.0
29845581.404971838 1.0
29845470.147589736 1.0
29845358.891037103 1.0
29845247.635313947 1.0
29845136.38042026 1.0
29845025.126356017 1.0
29844913.873121217 1.0
29844802.620715853 1.0
29844691.369139917 1.0
29844580.118393388 1.0
29844468.868476268 1.0
29844357.61938855 1.0
29844246.37113021 1.0
29844135.123701256 1.0
29844023.877101667 1.0
29843912.63133144 1.0
29843801.38639056 1.0
29843690.14227902 1.0
29843578.898996823 1.0
29843467.656543933 1.0
29843356.414920367 1.0
29843245.174126104 1.0
29843133.93416113 1.0
29843022.695025444 1.0
29842911.456719037 1.0
29842800.21924189 1.0
29842688.982594006 1.0
29842577.746775374 1.0
29842466.511785977 1.0
29842355.277625803 1.0
29842244.04429486 1.0
29842132.811793122 1.0
29842021.58012059 1.0
29841910.349277247 1.0
29841799.119263094 1.0
29841687.890078105 1.0
29841576.661722284 1.0
29841465.434195627 1.0
29841354.207498107 1.0
29841242.981629726 1.0
29841131.756590474 1.0
29841020.532380342 1.0
29840909.308999315 1.0
29840798.086447388 1.0
29840686.864724558 1.0
29840575.643830802 1.0
29840464.423766125 1.0
29840353.204530507 1.0
29840241.98612394 1.0
29840130.76854642 1.0
29840019.551797938 1.0
29839908.33587848 1.0
29839797.120788034 1.0
29839685.906526603 1.0
29839574.693094164 1.0
29839463.48049071 1.0
29839352.268716246 1.0
29839241.057770748 1.0
29839129.84765421 1.0
29839018.638366625 1.0
29838907.429907985 1.0
29838796.222278267 1.0
29838685.01547748 1.0
29838573.80950561 1.0
29838462.604362644 1.0
29838351.400048573 1.0
29838240.19656339 1.0
29838128.993907087 1.0
29838017.792079642 1.0
29837906.59108106 1.0
29837795.390911337 1.0
29837684.191570442 1.0
29837572.993058387 1.0
29837461.79537515 1.0
29837350.598520726 1.0
29837239.402495105 1.0
29837128.20729828 1.0
29837017.01293024 0.0
29836905.81939097 0.0
29836794.626680475 0.0
29836683.434798732 0.0
29836572.243745737 0.0
29836461.05352148 0.0
29836349.864125952 0.0
29836238.675559144 0.0
29836127.48782105 0.0
29836016.300911658 0.0
29835905.114830956 0.0
29835793.92957893 0.0
29835682.745155588 0.0
29835571.561560906 0.0
29835460.37879488 0.0
29835349.196857497 0.0
29835238.015748758 0.0
29835126.835468635 0.0
29835015.656017136 0.0
29834904.47739425 0.0
29834793.299599957 0.0
29834682.122634258 0.0
29834570.94649714 0.0
29834459.771188594 0.0
29834348.596708603 0.0
29834237.423057172 0.0
29834126.250234287 0.0
29834015.078239933 0.0
29833903.90707411 0.0
29833792.736736797 0.0
29833681.56722799 0.0
29833570.398547683 0.0
29833459.230695862 0.0
29833348.063672528 0.0
29833236.897477653 0.0
29833125.73211125 0.0
29833014.56757329 0.0
29832903.403863773 0.0
29832792.240982693 0.0
29832681.07893003 0.0
29832569.91770579 0.0
29832458.757309947 0.0
29832347.59774251 0.0
29832236.439003445 0.0
29832125.281092767 0.0
29832014.12401046 0.0
29831902.967756502 0.0
29831791.812330898 0.0
29831680.657733634 0.0
29831569.503964707 0.0
29831458.35102409 0.0
29831347.19891179 0.0
29831236.0476278 0.0
29831124.897172093 0.0
29831013.74754468 0.0
29830902.59874554 0.0
29830791.450774662 0.0
29830680.303632043 0.0
29830569.157317672 0.0
29830458.011831544 0.0
29830346.86717364 0.0
29830235.723343957 0.0
29830124.580342483 0.0
29830013.438169207 0.0
29829902.29682413 0.0
29829791.156307235 0.0
29829680.016618513 0.0
29829568.877757955 0.0
29829457.739725556 0.0
29829346.602521297 0.0
29829235.46614517 0.0
29829124.33059718 0.0
29829013.195877302 0.0
29828902.061985537 0.0
29828790.928921867 0.0
29828679.796686295 0.0
29828568.665278796 0.0
29828457.53469937 0.0
29828346.40494801 0.0
29828235.276024703 0.0
29828124.147929437 0.0
29828013.020662207 0.0
29827901.89422301 0.0
29827790.768611815 0.0
29827679.643828634 0.0
29827568.51987345 0.0
29827457.39674625 0.0
29827346.274447042 0.0
29827235.152975794 0.0
29827124.03233251 0.0
29827012.912517175 0.0
29826901.793529782 0.0
29826790.675370328 0.0
29826679.55803879 0.0
29826568.441535175 0.0
29826457.325859457 0.0
29826346.211011633 0.0
29826235.096991703 0.0
29826123.983799648 0.0
29826012.871435463 0.0
29825901.759899132 0.0
29825790.64919066 0.0
29825679.539310016 0.0
29825568.43025721 0.0
29825457.322032228 0.0
29825346.214635056 0.0
29825235.108065687 0.0
29825124.00232411 0.0
29825012.897410326 0.0
29824901.793324307 0.0
29824790.69006606 0.0
29824679.587635573 0.0
29824568.486032825 0.0
29824457.385257825 0.0
29824346.28531055 0.0
29824235.186191 0.0
29824124.087899152 0.0
29824012.990435008 0.0
29823901.893798564 0.0
29823790.797989793 0.0
29823679.703008704 0.0
29823568.608855277 0.0
29823457.5155295 0.0
29823346.42303138 0.0
29823235.331360888 0.0
29823124.240518026 0.0
29823013.150502782 0.0
29822902.061315153 0.0
29822790.97295512 0.0
29822679.88542267 0.0
29822568.79871781 0.0
29822457.71284052 0.0
29822346.627790794 0.0
29822235.543568622 0.0
29822124.460173998 0.0
29822013.3776069 0.0
29821902.29586733 0.0
29821791.21495528 0.0
29821680.134870738 0.0
29821569.055613693 0.0
29821457.977184135 0.0
29821346.899582066 0.0
29821235.822807454 0.0
29821124.746860307 0.0
29821013.671740618 0.0
29820902.597448364 0.0
29820791.523983553 0.0
29820680.45134616 0.0
29820569.37953618 0.0
29820458.30855361 0.0
29820347.238398433 0.0
29820236.16907065 0.0
29820125.100570235 0.0
29820014.032897197 0.0
29819902.966051515 0.0
29819791.900033176 0.0
29819680.83484219 0.0
29819569.77047853 0.0
29819458.706942197 0.0
29819347.64423317 0.0
29819236.582351457 0.0
29819125.521297034 0.0
29819014.46106989 0.0
29818903.40167003 0.0
29818792.343097437 0.0
29818681.2853521 0.0
29818570.228434008 0.0
29818459.172343165 0.0
29818348.11707954 0.0
29818237.06264314 0.0
29818126.00903396 0.0
29818014.956251968 0.0
29817903.90429718 0.0
29817792.85316957 0.0
29817681.802869145 0.0
29817570.753395874 0.0
29817459.70474976 0.0
29817348.6569308 0.0
29817237.609938968 0.0
29817126.563774277 0.0
29817015.518436696 0.0
29816904.47392622 0.0
29816793.43024286 0.0
29816682.38738658 0.0
29816571.345357385 0.0
29816460.304155264 0.0
29816349.26378021 0.0
29816238.224232204 0.0
29816127.185511243 0.0
29816016.147617325 0.0
29815905.11055043 0.0
29815794.07431055 0.0
29815683.038897682 0.0
29815572.004311815 0.0
29815460.97055293 0.0
29815349.937621027 0.0
29815238.905516103 0.0
29815127.874238137 0.0
29815016.843787123 0.0
29814905.81416305 0.0
29814794.78536592 0.0
29814683.757395707 0.0
29814572.73025241 0.0
29814461.703936026 0.0
29814350.67844653 0.0
29814239.653783932 0.0
29814128.62994821 0.0
29814017.606939357 0.0
29813906.58475736 0.0
29813795.56340222 0.0
29813684.542873926 0.0
29813573.523172453 0.0
29813462.504297815 0.0
29813351.486249983 0.0
29813240.469028957 0.0
29813129.452634733 0.0
29813018.43706729 0.0
29812907.422326624 0.0
29812796.40841273 0.0
29812685.395325597 0.0
29812574.38306521 0.0
29812463.371631555 0.0
29812352.361024644 0.0
29812241.35124445 0.0
29812130.342290968 0.0
29812019.33416419 0.0
29811908.326864112 0.0
29811797.32039071 0.0
29811686.314743984 0.0
29811575.309923932 0.0
29811464.30593053 0.0
29811353.302763782 0.0
29811242.30042367 0.0
29811131.298910186 0.0
29811020.298223324 0.0
29810909.298363075 0.0
29810798.29932943 0.0
29810687.301122367 0.0
29810576.3037419 0.0
29810465.307188 0.0
29810354.311460663 0.0
29810243.31655989 0.0
29810132.322485656 0.0
29810021.32923796 0.0
29809910.336816795 0.0
29809799.345222153 0.0
29809688.354454014 0.0
29809577.364512373 0.0
29809466.375397228 0.0
29809355.387108564 0.0
29809244.39964637 0.0
29809133.413010646 0.0
29809022.427201375 0.0
29808911.44221854 0.0
29808800.458062146 0.0
29808689.474732183 0.0
29808578.492228635 0.0
29808467.51055149 0.0
29808356.52970075 0.0
29808245.549676396 0.0
29808134.57047842 0.0
29808023.59210682 0.0
29807912.614561584 0.0
29807801.637842692 0.0
29807690.661950152 0.0
29807579.68688394 0.0
29807468.712644055 0.0
29807357.739230487 0.0
29807246.766643226 0.0
29807135.794882264 0.0
29807024.823947582 0.0
29806913.85383919 0.0
29806802.88455706 0.0
29806691.916101187 0.0
29806580.948471572 0.0
29806469.981668197 0.0
29806359.015691053 0.0
29806248.050540134 0.0
29806137.086215433 0.0
29806026.122716933 0.0
29805915.160044625 0.0
29805804.198198512 0.0
29805693.23717857 0.0
29805582.2769848 0.0
29805471.317617185 0.0
29805360.359075725 0.0
29805249.401360396 0.0
29805138.444471203 0.0
29805027.488408137 0.0
29804916.53317118 0.0
29804805.578760326 0.0
29804694.625175565 0.0
29804583.672416892 0.0
29804472.72048429 0.0
29804361.76937776 0.0
29804250.819097288 0.0
29804139.869642857 0.0
29804028.921014473 0.0
29803917.973212115 0.0
29803807.026235774 0.0
29803696.08008545 0.0
29803585.134761125 0.0
29803474.1902628 0.0
29803363.246590447 0.0
29803252.303744078 0.0
29803141.36172367 0.0
29803030.42052921 0.0
29802919.48016071 0.0
29802808.54061814 0.0
29802697.601901498 0.0
29802586.664010778 0.0
29802475.72694597 0.0
29802364.790707055 0.0
29802253.855294034 0.0
29802142.9207069 0.0
29802031.986945637 0.0
29801921.054010235 0.0
29801810.12190069 0.0
29801699.190616988 0.0
29801588.26015912 0.0
29801477.330527082 0.0
29801366.401720867 0.0
29801255.473740447 0.0
29801144.54658584 0.0
29801033.620257016 0.0
29800922.69475397 0.0
29800811.7700767 0.0
29800700.84622519 0.0
29800589.92319944 0.0
29800479.00099942 0.0
29800368.07962515 0.0
29800257.159076598 0.0
29800146.239353754 0.0
29800035.32045663 0.0
29799924.402385198 0.0
29799813.485139456 0.0
29799702.56871939 0.0
29799591.653125 0.0
29799480.738356266 0.0
29799369.82441318 0.0
29799258.911295746 0.0
29799147.99900394 0.0
29799037.087537758 0.0
29798926.17689719 0.0
29798815.267082226 0.0
29798704.358092863 0.0
29798593.44992908 0.0
29798482.542590886 0.0
29798371.636078253 0.0
29798260.730391182 0.0
29798149.825529657 0.0
29798038.921493676 0.0
29797928.018283226 0.0
29797817.1158983 0.0
29797706.214338887 0.0
29797595.313604973 0.0
29797484.413696565 0.0
29797373.514613636 0.0
29797262.616356175 0.0
29797151.718924195 0.0
29797040.822317667 0.0
29796929.926536594 0.0
29796819.031580947 0.0
29796708.137450743 0.0
29796597.244145956 0.0
29796486.351666577 0.0
29796375.460012607 0.0
29796264.569184028 0.0
29796153.67918083 0.0
29796042.790003013 0.0
29795931.901650555 0.0
29795821.01412346 0.0
29795710.127421707 0.0
29795599.2415453 0.0
29795488.356494218 0.0
29795377.472268455 0.0
29795266.588868 0.0
29795155.70629285 0.0
29795044.824542988 0.0
29794933.943618413 0.0
29794823.063519116 0.0
29794712.184245072 0.0
29794601.305796295 0.0
29794490.428172756 0.0
29794379.551374458 0.0
29794268.675401386 0.0
29794157.80025353 0.0
29794046.92593089 0.0
29793936.052433442 0.0
29793825.17976119 0.0
29793714.30791412 0.0
29793603.436892215 0.0
29793492.56669548 0.0
29793381.6973239 0.0
29793270.828777462 0.0
29793159.961056158 0.0
29793049.094159987 0.0
29792938.228088927 0.0
29792827.362842973 0.0
29792716.498422123 0.0
29792605.634826362 0.0
29792494.772055678 0.0
29792383.910110068 0.0
29792273.048989516 0.0
29792162.18869402 0.0
29792051.329223566 0.0
29791940.47057815 0.0
29791829.612757757 0.0
29791718.755762376 0.0
29791607.899592005 0.0
29791497.04424663 0.0
29791386.18972624 0.0
29791275.336030833 0.0
29791164.483160403 0.0
29791053.63111492 0.0
29790942.779894397 0.0
29790831.929498814 0.0
29790721.079928156 0.0
29790610.231182434 0.0
29790499.38326162 0.0
29790388.536165718 0.0
29790277.689894702 0.0
29790166.84444858 0.0
29790055.999827333 0.0
29789945.15603095 0.0
29789834.313059434 0.0
29789723.470912766 0.0
29789612.629590936 0.0
29789501.78909394 0.0
29789390.949421767 0.0
29789280.110574406 0.0
29789169.272551846 0.0
29789058.435354088 0.0
29788947.598981112 0.0
29788836.763432913 0.0
29788725.928709477 0.0
29788615.094810802 0.0
29788504.261736874 0.0
29788393.429487687 0.0
29788282.598063234 0.0
29788171.767463494 0.0
29788060.937688477 0.0
29787950.108738154 0.0
29787839.28061253 0.0
29787728.453311585 0.0
29787617.626835316 0.0
29787506.80118372 0.0
29787395.976356767 0.0
29787285.152354475 0.0
29787174.329176817 0.0
29787063.506823782 0.0
29786952.685295373 0.0
29786841.864591572 0.0
29786731.044712376 0.0
29786620.22565777 0.0
29786509.407427747 0.0
29786398.590022303 0.0
29786287.77344141 0.0
29786176.957685087 0.0
29786066.142753303 0.0
29785955.32864606 0.0
29785844.51536334 0.0
29785733.70290514 0.0
29785622.891271453 0.0
29785512.080462262 0.0
29785401.270477567 0.0
29785290.461317353 0.0
29785179.65298161 0.0
29785068.845470328 0.0
29784958.0387835 0.0
29784847.23292112 0.0
29784736.427883174 0.0
29784625.623669658 0.0
29784514.820280552 0.0
29784404.017715864 0.0
29784293.21597557 0.0
29784182.415059667 0.0
29784071.614968143 0.0
29783960.81570099 0.0
29783850.017258205 0.0
29783739.219639763 0.0
29783628.422845677 0.0
29783517.62687592 0.0
29783406.831730478 0.0
29783296.037409365 0.0
29783185.24391256 0.0
29783074.451240044 0.0
29782963.65939182 0.0
29782852.868367877 0.0
29782742.07816821 0.0
29782631.288792793 0.0
29782520.500241637 0.0
29782409.712514717 0.0
29782298.925612032 0.0
29782188.139533572 0.0
29782077.35427933 0.0
29781966.56984929 0.0
29781855.786243446 0.0
29781745.003461793 0.0
29781634.221504312 0.0
29781523.44037101 0.0
29781412.660061862 0.0
29781301.880576864 0.0
29781191.101916008 0.0
29781080.324079283 0.0
29780969.54706669 0.0
29780858.770878196 0.0
29780747.99551382 0.0
29780637.220973533 0.0
29780526.44725733 0.0
29780415.674365208 0.0
29780304.902297154 0.0
29780194.131053157 0.0
29780083.36063321 0.0
29779972.591037303 0.0
29779861.82226543 0.0
29779751.054317575 0.0
29779640.287193738 0.0
29779529.5208939 0.0
29779418.75541806 0.0
29779307.990766197 0.0
29779197.22693832 0.0
29779086.463934403 0.0
29778975.701754443 0.0
29778864.94039844 0.0
29778754.17986637 0.0
29778643.42015823 0.0
29778532.66127401 0.0
29778421.903213702 0.0
29778311.145977296 0.0
29778200.389564782 0.0
29778089.63397616 0.0
29777978.879211403 0.0
29777868.12527052 0.0
29777757.372153487 0.0
29777646.619860303 0.0
29777535.86839096 0.0
29777425.11774544 0.0
29777314.367923748 0.0
29777203.61892586 0.0
29777092.870751772 0.0
29776982.12340148 0.0
29776871.37687497 0.0
29776760.631172236 0.0
29776649.886293262 0.0
29776539.142238043 0.0
29776428.399006575 0.0
29776317.65659884 0.0
29776206.915014837 0.0
29776096.174254548 0.0
29775985.434317973 0.0
29775874.695205092 0.0
29775763.956915908 0.0
29775653.219450403 0.0
29775542.482808568 0.0
29775431.746990398 0.0
29775321.011995886 0.0
29775210.27782502 0.0
29775099.54447778 0.0
29774988.811954178 0.0
29774878.080254186 0.0
29774767.349377804 0.0
29774656.619325023 0.0
29774545.89009583 0.0
29774435.161690224 0.0
29774324.43410818 0.0
29774213.707349703 0.0
29774102.98141478 0.0
29773992.256303392 0.0
29773881.53201555 0.0
29773770.80855123 0.0
29773660.08591043 0.0
29773549.36409313 0.0
29773438.64309933 0.0
29773327.922929026 0.0
29773217.20358219 0.0
29773106.485058833 0.0
29772995.767358936 0.0
29772885.05048249 0.0
29772774.334429484 0.0
29772663.619199917 0.0
29772552.90479377 0.0
29772442.19121104 0.0
29772331.47845172 0.0
29772220.766515795 0.0
29772110.055403255 0.0
29771999.345114093 0.0
29771888.635648303 0.0
29771777.927005872 0.0
29771667.21918679 0.0
29771556.512191057 0.0
29771445.80601865 0.0
29771335.10066957 0.0
29771224.396143805 0.0
29771113.69244134 0.0
29771002.989562176 0.0
29770892.287506297 0.0
29770781.586273696 0.0
29770670.88586436 0.0
29770560.186278284 0.0
29770449.487515464 0.0
29770338.78957588 0.0
29770228.09245953 0.0
29770117.3961664 0.0
29770006.700696483 0.0
29769896.00604977 0.0
29769785.312226254 0.0
29769674.619225927 0.0
29769563.92704877 0.0
29769453.235694785 0.0
29769342.545163956 0.0
29769231.855456278 0.0
29769121.166571736 0.0
29769010.478510328 0.0
29768899.791272037 0.0
29768789.104856864 0.0
29768678.419264793 0.0
29768567.73449581 0.0
29768457.05054992 0.0
29768346.367427103 0.0
29768235.68512735 0.0
29768125.003650654 0.0
29768014.322997008 0.0
29767903.643166404 0.0
29767792.96415882 0.0
29767682.285974264 0.0
29767571.60861272 0.0
29767460.93207417 0.0
29767350.256358624 0.0
29767239.581466056 0.0
29767128.90739647 0.0
29767018.234149836 0.0
29766907.561726164 0.0
29766796.890125442 0.0
29766686.219347652 0.0
29766575.549392797 0.0
29766464.88026086 0.0
29766354.21195183 0.0
29766243.544465706 0.0
29766132.87780247 0.0
29766022.211962115 0.0
29765911.546944637 0.0
29765800.882750027 0.0
29765690.21937827 0.0
29765579.556829356 0.0
29765468.89510328 0.0
29765358.23420003 0.0
29765247.5741196 0.0
29765136.91486198 0.0
29765026.256427165 0.0
29764915.598815132 0.0
29764804.94202589 0.0
29764694.286059413 0.0
29764583.6309157 0.0
29764472.976594746 0.0
29764362.323096532 0.0
29764251.670421064 0.0
29764141.01856831 0.0
29764030.367538277 0.0
29763919.71733096 0.0
29763809.06794633 0.0
29763698.4193844 0.0
29763587.77164515 0.0
29763477.124728568 0.0
29763366.47863465 0.0
29763255.833363384 0.0
29763145.18891477 0.0
29763034.54528878 0.0
29762923.902485423 0.0
29762813.260504678 0.0
29762702.619346544 0.0
29762591.979011007 0.0
29762481.339498058 0.0
29762370.70080769 0.0
29762260.062939893 0.0
29762149.425894663 0.0
29762038.789671976 0.0
29761928.154271834 0.0
29761817.51969423 0.0
29761706.88593915 0.0
29761596.253006585 0.0
29761485.620896526 0.0
29761374.98960897 0.0
29761264.359143894 0.0
29761153.7295013 0.0
29761043.10068118 0.0
29760932.47268351 0.0
29760821.845508307 0.0
29760711.219155535 0.0
29760600.593625207 0.0
29760489.968917288 0.0
29760379.34503179 0.0
29760268.721968703 0.0
29760158.099728007 0.0
29760047.478309702 0.0
29759936.857713774 0.0
29759826.237940215 0.0
29759715.618989013 0.0
29759605.000860162 0.0
29759494.383553658 0.0
29759383.76706948 0.0
29759273.151407633 0.0
29759162.536568094 0.0
29759051.92255086 0.0
29758941.309355922 0.0
29758830.69698327 0.0
29758720.0854329 0.0
29758609.47470479 0.0
29758498.86479895 0.0
29758388.255715348 0.0
29758277.64745399 0.0
29758167.04001487 0.0
29758056.433397967 0.0
29757945.827603277 0.0
29757835.22263079 0.0
29757724.618480507 0.0
29757614.0151524 0.0
29757503.41264647 0.0
29757392.81096271 0.0
29757282.210101105 0.0
29757171.610061653 0.0
29757061.01084434 0.0
29756950.41244916 0.0
29756839.814876094 0.0
29756729.218125146 0.0
29756618.6221963 0.0
29756508.027089547 0.0
29756397.432804883 0.0
29756286.83934229 0.0
29756176.246701766 0.0
29756065.654883295 0.0
29755955.063886877 0.0
29755844.473712496 0.0
29755733.884360142 0.0
29755623.295829818 0.0
29755512.708121497 0.0
29755402.121235177 0.0
29755291.535170857 0.0
29755180.94992852 0.0
29755070.365508154 0.0
29754959.781909753 0.0
29754849.199133314 0.0
29754738.617178816 0.0
29754628.03604626 0.0
29754517.455735635 0.0
29754406.87624692 0.0
29754296.297580127 0.0
29754185.71973523 0.0
29754075.14271223 0.0
29753964.566511106 0.0
