13040666.97656218 0.0
13040645.806642715 0.0
13040624.636791984 0.0
13040603.467009988 0.0
13040582.297296723 0.0
13040561.12765219 0.0
13040539.95807639 0.0
13040518.78856932 0.0
13040497.619130984 0.0
13040476.449761378 0.0
13040455.280460501 0.0
13040434.111228356 0.0
13040412.942064943 0.0
13040391.772970257 0.0
13040370.6039443 0.0
13040349.434987074 0.0
13040328.266098576 0.0
13040307.097278807 0.0
13040285.928527765 0.0
13040264.75984545 0.0
13040243.591231862 0.0
13040222.422687003 0.0
13040201.254210873 0.0
13040180.085803466 0.0
13040158.917464785 0.0
13040137.74919483 0.0
13040116.580993602 0.0
13040095.412861098 0.0
13040074.244797317 0.0
13040053.076802261 0.0
13040031.908875931 0.0
13040010.741018325 0.0
13039989.573229441 0.0
13039968.405509278 0.0
13039947.23785784 0.0
13039926.070275124 0.0
13039904.902761132 0.0
13039883.73531586 0.0
13039862.567939308 0.0
13039841.400631478 0.0
13039820.233392367 0.0
13039799.06622198 0.0
13039777.899120312 0.0
13039756.732087363 0.0
13039735.565123133 0.0
13039714.398227623 0.0
13039693.23140083 0.0
13039672.064642755 0.0
13039650.8979534 0.0
13039629.731332762 0.0
13039608.564780844 0.0
13039587.39829764 0.0
13039566.231883153 0.0
13039545.06553738 0.0
13039523.899260325 0.0
13039502.73305199 0.0
13039481.566912364 0.0
13039460.400841456 0.0
13039439.234839262 0.0
13039418.068905782 0.0
13039396.903041016 0.0
13039375.737244966 0.0
13039354.571517626 0.0
13039333.405859001 0.0
13039312.24026909 0.0
13039291.074747888 0.0
13039269.909295399 0.0
13039248.743911622 0.0
13039227.578596557 0.0
13039206.413350202 0.0
13039185.248172559 0.0
13039164.083063625 0.0
13039142.918023402 0.0
13039121.753051886 0.0
13039100.588149082 0.0
13039079.423314987 0.0
13039058.258549599 0.0
13039037.09385292 0.0
13039015.929224951 0.0
13038994.764665687 0.0
13038973.600175131 0.0
13038952.435753282 0.0
13038931.27140014 0.0
13038910.107115706 0.0
13038888.942899976 0.0
13038867.778752951 0.0
13038846.61467463 0.0
13038825.450665016 0.0
13038804.28672411 0.0
13038783.122851903 0.0
13038761.959048402 0.0
13038740.795313604 0.0
13038719.63164751 0.0
13038698.468050119 0.0
13038677.30452143 0.0
13038656.141061444 0.0
13038634.97767016 0.0
13038613.814347578 0.0
13038592.651093697 0.0
13038571.487908514 0.0
13038550.324792035 0.0
13038529.161744256 0.0
13038507.998765176 0.0
13038486.835854797 0.0
13038465.673013115 0.0
13038444.510240134 0.0
13038423.347535849 0.0
13038402.184900265 0.0
13038381.022333378 0.0
13038359.859835189 0.0
13038338.697405696 0.0
13038317.535044903 0.0
13038296.372752802 0.0
13038275.2105294 0.0
13038254.048374694 0.0
13038232.886288684 0.0
13038211.724271368 0.0
13038190.562322749 0.0
13038169.400442822 0.0
13038148.23863159 0.0
13038127.076889051 0.0
13038105.91521521 0.0
13038084.753610058 0.0
13038063.592073599 0.0
13038042.430605834 0.0
13038021.269206759 0.0
13038000.107876379 0.0
13037978.94661469 0.0
13037957.78542169 0.0
13037936.624297382 0.0
13037915.463241767 0.0
13037894.30225484 0.0
13037873.141336603 0.0
13037851.980487056 0.0
13037830.819706198 0.0
13037809.65899403 0.0
13037788.49835055 0.0
13037767.337775758 0.0
13037746.17726965 0.0
13037725.016832234 0.0
13037703.856463507 0.0
13037682.696163462 0.0
13037661.535932107 0.0
13037640.375769438 0.0
13037619.215675453 0.0
13037598.055650154 0.0
13037576.895693542 0.0
13037555.735805614 0.0
13037534.57598637 0.0
13037513.416235812 0.0
13037492.256553937 0.0
13037471.096940743 0.0
13037449.937396234 0.0
13037428.777920408 0.0
13037407.618513266 0.0
13037386.459174804 0.0
13037365.299905026 0.0
13037344.140703928 0.0
13037322.98157151 0.0
13037301.822507776 0.0
13037280.663512722 0.0
13037259.504586346 0.0
13037238.34572865 0.0
13037217.186939638 0.0
13037196.028219301 0.0
13037174.869567642 0.0
13037153.710984664 0.0
13037132.552470362 0.0
13037111.39402474 0.0
13037090.235647796 0.0
13037069.077339528 0.0
13037047.919099936 0.0
13037026.76092902 0.0
13037005.602826785 0.0
13036984.444793222 0.0
13036963.286828335 0.0
13036942.128932124 0.0
13036920.971104586 0.0
13036899.813345725 0.0
13036878.655655535 0.0
13036857.49803402 0.0
13036836.34048118 0.0
13036815.182997014 0.0
13036794.02558152 0.0
13036772.868234696 0.0
13036751.710956546 0.0
13036730.553747067 0.0
13036709.396606263 0.0
13036688.239534128 0.0
13036667.082530662 0.0
13036645.925595868 0.0
13036624.768729743 0.0
13036603.61193229 0.0
13036582.455203507 0.0
13036561.298543392 0.0
13036540.141951945 0.0
13036518.985429168 0.0
13036497.828975057 0.0
13036476.672589615 0.0
13036455.516272841 0.0
13036434.360024733 0.0
13036413.203845294 0.0
13036392.047734521 0.0
13036370.891692413 0.0
13036349.73571897 0.0
13036328.579814192 0.0
13036307.423978083 0.0
13036286.268210636 0.0
13036265.112511855 0.0
13036243.956881737 0.0
13036222.801320283 0.0
13036201.645827493 0.0
13036180.490403365 0.0
13036159.3350479 0.0
13036138.179761099 0.0
13036117.024542961 0.0
13036095.869393483 0.0
13036074.714312665 0.0
13036053.55930051 0.0
13036032.404357014 0.0
13036011.249482183 0.0
13035990.094676008 0.0
13035968.939938495 0.0
13035947.78526964 0.0
13035926.630669443 0.0
13035905.476137908 0.0
13035884.32167503 0.0
13035863.16728081 0.0
13035842.012955248 0.0
13035820.858698344 0.0
13035799.704510096 0.0
13035778.550390506 0.0
13035757.396339571 0.0
13035736.242357293 0.0
13035715.088443672 0.0
13035693.934598707 0.0
13035672.780822394 0.0
13035651.627114736 0.0
13035630.473475734 0.0
13035609.319905387 0.0
13035588.166403692 0.0
13035567.012970652 0.0
13035545.859606264 0.0
13035524.70631053 0.0
13035503.553083446 0.0
13035482.399925016 0.0
13035461.246835237 0.0
13035440.09381411 0.0
13035418.940861637 0.0
13035397.787977811 0.0
13035376.635162635 0.0
13035355.48241611 0.0
13035334.329738235 0.0
13035313.177129012 0.0
13035292.024588436 0.0
13035270.872116508 0.0
13035249.71971323 0.0
13035228.567378597 0.0
13035207.415112615 0.0
13035186.26291528 0.0
13035165.11078659 0.0
13035143.95872655 0.0
13035122.806735154 0.0
13035101.654812405 0.0
13035080.502958301 0.0
13035059.351172844 0.0
13035038.19945603 0.0
13035017.047807865 0.0
13034995.896228341 0.0
13034974.744717462 0.0
13034953.593275225 0.0
13034932.441901632 0.0
13034911.290596684 0.0
13034890.139360378 0.0
13034868.988192715 0.0
13034847.837093692 0.0
13034826.68606331 0.0
13034805.535101574 0.0
13034784.384208476 0.0
13034763.23338402 0.0
13034742.082628204 0.0
13034720.931941027 0.0
13034699.781322492 0.0
13034678.630772594 0.0
13034657.480291337 0.0
13034636.329878718 0.0
13034615.179534739 0.0
13034594.029259397 0.0
13034572.879052691 0.0
13034551.728914622 0.0
13034530.578845192 0.0
13034509.4288444 0.0
13034488.278912243 0.0
13034467.129048722 0.0
13034445.979253836 0.0
13034424.829527587 0.0
13034403.679869972 0.0
13034382.530280992 0.0
13034361.380760647 0.0
13034340.231308935 0.0
13034319.08192586 0.0
13034297.932611415 0.0
13034276.783365602 0.0
13034255.634188423 0.0
13034234.485079877 0.0
13034213.336039966 0.0
13034192.187068684 0.0
13034171.038166033 0.0
13034149.889332013 0.0
13034128.740566622 0.0
13034107.591869866 0.0
13034086.443241738 0.0
13034065.294682238 0.0
13034044.14619137 0.0
13034022.997769129 0.0
13034001.849415518 0.0
13033980.701130535 0.0
13033959.55291418 0.0
13033938.404766452 0.0
13033917.256687354 0.0
13033896.108676882 0.0
13033874.960735036 0.0
13033853.812861815 0.0
13033832.665057221 0.0
13033811.517321255 0.0
13033790.369653912 0.0
13033769.222055195 0.0
13033748.074525103 0.0
13033726.927063635 0.0
13033705.77967079 0.0
13033684.63234657 0.0
13033663.485090973 0.0
13033642.337903999 0.0
13033621.19078565 0.0
13033600.043735921 0.0
13033578.896754812 0.0
13033557.749842327 0.0
13033536.602998463 0.0
13033515.456223223 0.0
13033494.309516601 0.0
13033473.162878599 0.0
13033452.016309218 0.0
13033430.869808454 0.0
13033409.723376315 0.0
13033388.57701279 0.0
13033367.430717887 0.0
13033346.2844916 0.0
13033325.138333933 0.0
13033303.992244883 0.0
13033282.84622445 0.0
13033261.700272633 0.0
13033240.554389434 0.0
13033219.408574853 0.0
13033198.262828887 0.0
13033177.117151536 0.0
13033155.971542798 0.0
13033134.826002678 0.0
13033113.680531174 0.0
13033092.535128282 0.0
13033071.389794005 0.0
13033050.244528342 0.0
13033029.099331291 0.0
13033007.954202853 0.0
13032986.80914303 0.0
13032965.664151818 0.0
13032944.519229217 0.0
13032923.374375228 0.0
13032902.229589853 0.0
13032881.084873086 0.0
13032859.94022493 0.0
13032838.795645384 0.0
13032817.651134452 0.0
13032796.506692126 0.0
13032775.362318411 0.0
13032754.218013303 0.0
13032733.073776804 0.0
13032711.929608917 0.0
13032690.785509635 0.0
13032669.641478961 0.0
13032648.497516895 0.0
13032627.353623435 0.0
13032606.209798582 0.0
13032585.066042336 0.0
13032563.922354694 0.0
13032542.77873566 0.0
13032521.635185232 0.0
13032500.491703408 0.0
13032479.348290188 0.0
13032458.204945572 0.0
13032437.06166956 0.0
13032415.918462154 0.0
13032394.77532335 0.0
13032373.632253148 0.0
13032352.48925155 0.0
13032331.346318552 0.0
13032310.20345416 0.0
13032289.060658367 0.0
13032267.917931177 0.0
13032246.775272585 0.0
13032225.632682597 0.0
13032204.49016121 0.0
13032183.347708419 0.0
13032162.205324229 0.0
13032141.06300864 0.0
13032119.92076165 0.0
13032098.778583258 0.0
13032077.636473464 0.0
13032056.494432267 0.0
13032035.35245967 0.0
13032014.210555669 0.0
13031993.068720266 0.0
13031971.92695346 0.0
13031950.785255248 0.0
13031929.643625634 0.0
13031908.502064614 0.0
13031887.360572191 0.0
13031866.219148362 0.0
13031845.077793127 0.0
13031823.93650649 0.0
13031802.795288444 0.0
13031781.65413899 0.0
13031760.513058132 0.0
13031739.372045865 0.0
13031718.231102195 0.0
13031697.090227114 0.0
13031675.949420625 0.0
13031654.808682729 0.0
13031633.668013422 0.0
13031612.527412709 0.0
13031591.386880584 0.0
13031570.246417051 0.0
13031549.106022108 0.0
13031527.965695754 0.0
13031506.82543799 0.0
13031485.685248815 0.0
13031464.545128226 0.0
13031443.405076228 0.0
13031422.26509282 0.0
13031401.125177996 0.0
13031379.98533176 0.0
13031358.845554112 0.0
13031337.705845049 0.0
13031316.566204576 0.0
13031295.426632686 0.0
13031274.287129382 0.0
13031253.147694664 0.0
13031232.008328531 0.0
13031210.86903098 0.0
13031189.729802016 0.0
13031168.590641636 0.0
13031147.45154984 0.0
13031126.312526627 0.0
13031105.173571996 0.0
13031084.034685947 0.0
13031062.895868482 0.0
13031041.757119598 0.0
13031020.618439298 0.0
13030999.479827577 0.0
13030978.341284439 0.0
13030957.20280988 0.0
13030936.064403899 0.0
13030914.926066503 0.0
13030893.787797684 0.0
13030872.649597444 0.0
13030851.511465784 0.0
13030830.373402702 0.0
13030809.235408198 0.0
13030788.097482273 0.0
13030766.959624924 0.0
13030745.821836153 0.0
13030724.684115961 0.0
13030703.546464344 0.0
13030682.408881305 0.0
13030661.271366838 0.0
13030640.133920949 0.0
13030618.996543637 0.0
13030597.8592349 0.0
13030576.721994735 0.0
13030555.584823145 0.0
13030534.447720129 0.0
13030513.310685687 0.0
13030492.173719818 0.0
13030471.036822522 0.0
13030449.8999938 0.0
13030428.763233649 0.0
13030407.62654207 0.0
13030386.489919063 0.0
13030365.353364626 0.0
13030344.216878762 0.0
13030323.080461469 0.0
13030301.944112746 0.0
13030280.807832591 0.0
13030259.671621008 0.0
13030238.53547799 0.0
13030217.399403546 0.0
13030196.26339767 0.0
13030175.12746036 0.0
13030153.99159162 0.0
13030132.855791446 0.0
13030111.72005984 0.0
13030090.5843968 0.0
13030069.448802328 0.0
13030048.313276421 0.0
13030027.177819084 0.0
13030006.04243031 0.0
13029984.9071101 0.0
13029963.771858454 0.0
13029942.636675375 0.0
13029921.501560861 0.0
13029900.36651491 0.0
13029879.231537523 0.0
13029858.096628698 0.0
13029836.961788436 0.0
13029815.827016737 0.0
13029794.692313602 0.0
13029773.557679027 0.0
13029752.423113015 0.0
13029731.288615562 0.0
13029710.154186673 0.0
13029689.019826341 0.0
13029667.885534573 0.0
13029646.751311364 0.0
13029625.617156714 0.0
13029604.483070625 0.0
13029583.349053092 0.0
13029562.21510412 0.0
13029541.081223704 0.0
13029519.947411848 0.0
13029498.813668549 0.0
13029477.679993806 0.0
13029456.546387622 0.0
13029435.412849994 0.0
13029414.279380923 0.0
13029393.145980407 0.0
13029372.012648446 0.0
13029350.879385041 0.0
13029329.74619019 0.0
13029308.613063898 0.0
13029287.480006156 0.0
13029266.347016968 0.0
13029245.214096334 0.0
13029224.081244256 0.0
13029202.948460728 0.0
13029181.815745754 0.0
13029160.683099331 0.0
13029139.55052146 0.0
13029118.418012142 0.0
13029097.285571376 0.0
13029076.153199159 0.0
13029055.020895492 0.0
13029033.888660377 0.0
13029012.756493814 0.0
13028991.624395797 0.0
13028970.492366329 0.0
13028949.360405412 0.0
13028928.228513045 0.0
13028907.096689224 0.0
13028885.96493395 0.0
13028864.833247224 0.0
13028843.701629046 0.0
13028822.570079418 0.0
13028801.438598333 0.0
13028780.307185795 0.0
13028759.175841803 0.0
13028738.044566358 0.0
13028716.913359456 0.0
13028695.7822211 0.0
13028674.651151288 0.0
13028653.52015002 0.0
13028632.389217298 0.0
13028611.25835312 0.0
13028590.127557483 0.0
13028568.996830389 0.0
13028547.866171839 0.0
13028526.735581832 0.0
13028505.605060365 0.0
13028484.474607442 0.0
13028463.344223058 0.0
13028442.213907214 0.0
13028421.083659913 0.0
13028399.95348115 0.0
13028378.82337093 0.0
13028357.693329249 0.0
13028336.563356105 0.0
13028315.433451502 0.0
13028294.303615436 0.0
13028273.17384791 0.0
13028252.04414892 0.0
13028230.914518472 0.0
13028209.784956558 0.0
13028188.65546318 0.0
13028167.526038337 0.0
13028146.396682033 0.0
13028125.267394267 0.0
13028104.138175035 0.0
13028083.009024337 0.0
13028061.879942175 0.0
13028040.750928547 0.0
13028019.621983455 0.0
13027998.493106896 0.0
13027977.364298869 0.0
13027956.235559378 0.0
13027935.106888417 0.0
13027913.978285993 0.0
13027892.849752096 0.0
13027871.721286733 0.0
13027850.592889903 0.0
13027829.464561604 0.0
13027808.336301835 0.0
13027787.208110597 0.0
13027766.07998789 0.0
13027744.95193371 0.0
13027723.823948063 0.0
13027702.696030945 0.0
13027681.568182355 0.0
13027660.440402294 0.0
13027639.31269076 0.0
13027618.185047755 0.0
13027597.057473278 0.0
13027575.929967327 0.0
13027554.802529903 0.0
13027533.675161008 0.0
13027512.54786064 0.0
13027491.420628794 0.0
13027470.293465473 0.0
13027449.16637068 0.0
13027428.039344413 0.0
13027406.912386669 0.0
13027385.78549745 0.0
13027364.658676755 0.0
13027343.531924581 0.0
13027322.405240932 0.0
13027301.278625807 0.0
13027280.152079204 0.0
13027259.025601123 0.0
13027237.899191564 0.0
13027216.772850528 0.0
13027195.64657801 0.0
13027174.520374015 0.0
13027153.39423854 0.0
13027132.268171588 0.0
13027111.142173154 0.0
13027090.01624324 0.0
13027068.890381845 0.0
13027047.764588967 0.0
13027026.63886461 0.0
13027005.513208771 0.0
13026984.38762145 0.0
13026963.262102645 0.0
13026942.13665236 0.0
13026921.01127059 0.0
13026899.885957336 0.0
13026878.7607126 0.0
13026857.635536378 0.0
13026836.510428675 0.0
13026815.385389486 0.0
13026794.26041881 0.0
13026773.13551665 0.0
13026752.010683002 0.0
13026730.885917872 0.0
13026709.761221254 0.0
13026688.636593148 0.0
13026667.512033558 0.0
13026646.387542475 0.0
13026625.26311991 0.0
13026604.138765855 0.0
13026583.014480311 0.0
13026561.890263278 0.0
13026540.766114756 0.0
13026519.642034749 0.0
13026498.518023245 0.0
13026477.394080255 0.0
13026456.270205773 0.0
13026435.146399803 0.0
13026414.022662342 0.0
13026392.898993388 0.0
13026371.77539294 0.0
13026350.651861003 0.0
13026329.528397573 0.0
13026308.40500265 0.0
13026287.281676235 0.0
13026266.158418326 0.0
13026245.035228923 0.0
13026223.912108025 0.0
13026202.789055634 0.0
13026181.666071746 0.0
13026160.543156367 0.0
13026139.42030949 0.0
13026118.297531119 0.0
13026097.174821248 0.0
13026076.052179884 0.0
13026054.929607023 0.0
13026033.807102665 0.0
13026012.68466681 0.0
13025991.562299456 0.0
13025970.440000605 0.0
13025949.317770254 0.0
13025928.195608405 0.0
13025907.073515058 0.0
13025885.95149021 0.0
13025864.829533864 0.0
13025843.707646018 0.0
13025822.58582667 0.0
13025801.464075822 0.0
13025780.342393473 0.0
13025759.220779622 0.0
13025738.09923427 0.0
13025716.977757419 0.0
13025695.856349062 0.0
13025674.7350092 0.0
13025653.613737838 0.0
13025632.492534975 0.0
13025611.371400606 0.0
13025590.250334732 0.0
13025569.129337354 0.0
13025548.008408472 0.0
13025526.887548083 0.0
13025505.766756192 0.0
13025484.646032792 0.0
13025463.525377888 0.0
13025442.404791476 0.0
13025421.284273561 0.0
13025400.163824134 0.0
13025379.043443203 0.0
13025357.923130762 0.0
13025336.802886816 0.0
13025315.68271136 0.0
13025294.562604396 0.0
13025273.442565922 0.0
13025252.322595935 0.0
13025231.202694444 0.0
13025210.082861442 0.0
13025188.963096928 0.0
13025167.843400903 0.0
13025146.723773368 0.0
13025125.604214322 0.0
13025104.484723764 0.0
13025083.365301693 0.0
13025062.24594811 0.0
13025041.126663014 0.0
13025020.007446408 0.0
13024998.888298286 0.0
13024977.76921865 0.0
13024956.650207499 0.0
13024935.531264838 0.0
13024914.412390659 0.0
13024893.293584965 0.0
13024872.174847756 0.0
13024851.056179032 0.0
13024829.93757879 0.0
13024808.819047034 1.0
13024787.70058376 1.0
13024766.58218897 1.0
13024745.463862661 1.0
13024724.345604837 1.0
13024703.22741549 1.0
13024682.109294629 1.0
13024660.991242247 1.0
13024639.873258347 1.0
13024618.755342929 1.0
13024597.63749599 1.0
13024576.519717531 1.0
13024555.40200755 1.0
13024534.28436605 1.0
13024513.16679303 1.0
13024492.049288487 1.0
13024470.931852423 1.0
13024449.814484837 1.0
13024428.697185729 1.0
13024407.579955097 1.0
13024386.462792942 1.0
13024365.345699264 1.0
13024344.228674063 1.0
13024323.11171734 1.0
13024301.994829088 1.0
13024280.878009314 1.0
13024259.761258014 1.0
13024238.64457519 1.0
13024217.527960839 1.0
13024196.411414962 1.0
13024175.29493756 1.0
13024154.178528627 1.0
13024133.062188173 1.0
13024111.945916189 1.0
13024090.829712678 1.0
13024069.713577637 1.0
13024048.597511068 1.0
13024027.481512973 1.0
13024006.365583345 1.0
13023985.24972219 1.0
13023964.133929506 1.0
13023943.01820529 1.0
13023921.902549546 1.0
13023900.78696227 1.0
13023879.671443462 1.0
13023858.555993123 1.0
13023837.440611254 1.0
13023816.325297853 1.0
13023795.210052919 1.0
13023774.094876451 1.0
13023752.979768451 1.0
13023731.864728918 1.0
13023710.74975785 1.0
13023689.634855248 1.0
13023668.520021113 1.0
13023647.405255442 1.0
13023626.29055824 1.0
13023605.175929496 1.0
13023584.06136922 1.0
13023562.946877409 1.0
13023541.832454061 1.0
13023520.718099175 1.0
13023499.603812754 1.0
13023478.489594793 1.0
13023457.375445295 1.0
13023436.26136426 1.0
13023415.147351686 1.0
13023394.033407575 1.0
13023372.919531923 1.0
13023351.80572473 1.0
13023330.691986 1.0
13023309.578315731 1.0
13023288.46471392 1.0
13023267.351180568 1.0
13023246.237715675 1.0
13023225.124319242 1.0
13023204.010991268 1.0
13023182.897731747 1.0
13023161.784540689 1.0
13023140.671418088 1.0
13023119.55836394 1.0
13023098.445378251 1.0
13023077.33246102 1.0
13023056.219612243 1.0
13023035.106831921 1.0
13023013.994120056 1.0
13022992.881476644 1.0
13022971.768901689 1.0
13022950.656395188 1.0
13022929.54395714 1.0
13022908.431587545 1.0
13022887.319286404 1.0
13022866.207053717 1.0
13022845.094889482 1.0
13022823.9827937 1.0
13022802.87076637 1.0
13022781.75880749 1.0
13022760.646917062 1.0
13022739.535095086 1.0
13022718.42334156 1.0
13022697.311656484 1.0
13022676.200039858 1.0
13022655.088491682 1.0
13022633.977011954 1.0
13022612.865600677 1.0
13022591.754257848 1.0
13022570.642983466 1.0
13022549.531777535 1.0
13022528.420640051 1.0
13022507.309571013 1.0
13022486.198570421 1.0
13022465.087638276 1.0
13022443.97677458 1.0
13022422.865979329 1.0
13022401.755252521 1.0
13022380.64459416 1.0
13022359.534004245 1.0
13022338.423482774 1.0
13022317.313029747 1.0
13022296.202645164 1.0
13022275.092329025 1.0
13022253.98208133 1.0
13022232.871902078 1.0
13022211.761791267 1.0
13022190.6517489 1.0
13022169.541774973 1.0
13022148.43186949 1.0
13022127.322032448 1.0
13022106.212263847 1.0
13022085.102563685 1.0
13022063.992931964 1.0
13022042.883368684 1.0
13022021.773873843 1.0
13022000.664447442 1.0
13021979.55508948 1.0
13021958.445799954 1.0
13021937.33657887 1.0
13021916.227426222 1.0
13021895.118342012 1.0
13021874.00932624 1.0
13021852.900378903 1.0
13021831.791500006 1.0
13021810.682689544 1.0
13021789.573947515 1.0
13021768.465273924 1.0
13021747.35666877 1.0
13021726.24813205 1.0
13021705.139663765 1.0
13021684.031263914 1.0
13021662.922932496 1.0
13021641.814669512 1.0
13021620.706474962 1.0
13021599.598348845 1.0
13021578.49029116 1.0
13021557.382301908 1.0
13021536.27438109 1.0
13021515.1665287 1.0
13021494.058744742 1.0
13021472.951029215 1.0
13021451.84338212 1.0
13021430.735803457 1.0
13021409.628293222 1.0
13021388.520851417 1.0
13021367.41347804 1.0
13021346.306173094 1.0
13021325.198936574 1.0
13021304.091768485 1.0
13021282.984668823 1.0
13021261.87763759 1.0
13021240.770674782 1.0
13021219.663780402 1.0
13021198.556954449 1.0
13021177.450196922 1.0
13021156.34350782 1.0
13021135.236887148 1.0
13021114.130334899 1.0
13021093.023851072 1.0
13021071.917435672 1.0
13021050.811088696 1.0
13021029.704810146 1.0
13021008.598600019 1.0
13020987.492458316 1.0
13020966.386385031 1.0
13020945.280380175 1.0
13020924.174443739 1.0
13020903.068575725 1.0
13020881.962776132 1.0
13020860.857044961 1.0
13020839.751382213 1.0
13020818.645787882 1.0
13020797.540261973 1.0
13020776.434804482 1.0
13020755.329415414 1.0
13020734.224094765 1.0
13020713.118842535 1.0
13020692.013658721 1.0
13020670.908543328 1.0
13020649.803496353 1.0
13020628.698517796 1.0
13020607.593607655 1.0
13020586.48876593 1.0
13020565.383992624 1.0
13020544.279287733 1.0
13020523.17465126 1.0
13020502.070083201 1.0
13020480.965583557 1.0
13020459.861152329 1.0
13020438.756789517 1.0
13020417.652495116 1.0
13020396.548269132 1.0
13020375.44411156 1.0
13020354.340022402 1.0
13020333.23600166 1.0
13020312.132049326 1.0
13020291.028165407 1.0
13020269.924349898 1.0
13020248.820602803 1.0
13020227.716924118 1.0
13020206.613313844 1.0
13020185.509771982 1.0
13020164.40629853 1.0
13020143.302893488 1.0
13020122.199556855 1.0
13020101.096288633 1.0
13020079.993088817 1.0
13020058.889957413 1.0
13020037.786894416 1.0
13020016.683899827 1.0
13019995.580973646 1.0
13019974.478115872 1.0
13019953.375326507 1.0
13019932.272605546 1.0
13019911.169952992 1.0
13019890.067368846 1.0
13019868.964853104 1.0
13019847.862405768 1.0
13019826.760026837 1.0
13019805.65771631 1.0
13019784.555474188 1.0
13019763.453300469 1.0
13019742.351195157 1.0
13019721.249158245 1.0
13019700.147189736 1.0
13019679.045289632 1.0
13019657.94345793 1.0
13019636.84169463 1.0
13019615.739999732 1.0
13019594.638373233 1.0
13019573.536815137 1.0
13019552.435325442 1.0
13019531.333904147 1.0
13019510.232551252 1.0
13019489.131266756 1.0
13019468.030050661 1.0
13019446.928902963 1.0
13019425.827823665 1.0
13019404.726812767 1.0
13019383.625870265 1.0
13019362.524996161 1.0
13019341.424190456 1.0
13019320.323453147 1.0
13019299.222784232 1.0
13019278.122183718 1.0
13019257.021651598 1.0
13019235.921187874 1.0
13019214.820792546 1.0
13019193.720465612 1.0
13019172.620207073 1.0
13019151.52001693 1.0
13019130.419895178 1.0
13019109.319841823 1.0
13019088.219856858 1.0
13019067.119940288 1.0
13019046.020092113 1.0
13019024.920312326 1.0
13019003.820600934 1.0
13018982.720957933 1.0
13018961.621383324 1.0
13018940.521877106 1.0
13018919.422439279 1.0
13018898.323069843 1.0
13018877.223768793 1.0
13018856.124536138 1.0
13018835.02537187 1.0
13018813.92627599 1.0
13018792.8272485 1.0
13018771.7282894 1.0
13018750.629398687 1.0
13018729.530576361 1.0
13018708.431822423 1.0
13018687.333136871 1.0
13018666.234519707 1.0
13018645.135970932 1.0
13018624.03749054 1.0
13018602.939078532 1.0
13018581.840734912 1.0
13018560.742459675 1.0
13018539.644252827 1.0
13018518.54611436 1.0
13018497.44804428 1.0
13018476.35004258 1.0
13018455.252109267 1.0
13018434.154244335 1.0
13018413.056447785 1.0
13018391.95871962 1.0
13018370.861059835 1.0
13018349.763468435 1.0
13018328.665945413 1.0
13018307.568490772 1.0
13018286.471104514 1.0
13018265.373786636 1.0
13018244.276537139 1.0
13018223.17935602 1.0
13018202.082243279 1.0
13018180.985198919 1.0
13018159.888222938 1.0
13018138.791315338 1.0
13018117.694476113 1.0
13018096.597705266 1.0
13018075.501002796 1.0
13018054.404368704 1.0
13018033.307802988 1.0
13018012.21130565 1.0
13017991.114876688 1.0
13017970.018516101 1.0
13017948.922223892 1.0
13017927.826000053 1.0
13017906.729844593 1.0
13017885.633757506 1.0
13017864.537738793 1.0
13017843.441788455 1.0
13017822.345906489 1.0
13017801.250092898 1.0
13017780.154347677 1.0
13017759.05867083 1.0
13017737.963062355 1.0
13017716.867522253 1.0
13017695.772050522 1.0
13017674.67664716 1.0
13017653.581312172 1.0
13017632.486045552 1.0
13017611.390847303 1.0
13017590.295717424 1.0
13017569.200655915 1.0
13017548.105662776 1.0
13017527.010738004 1.0
13017505.9158816 1.0
13017484.821093565 1.0
13017463.726373898 1.0
13017442.631722601 1.0
13017421.537139667 1.0
13017400.442625104 1.0
13017379.348178905 1.0
13017358.25380107 1.0
13017337.159491604 1.0
13017316.065250503 1.0
13017294.971077766 1.0
13017273.876973394 1.0
13017252.782937389 1.0
13017231.688969744 1.0
13017210.595070466 1.0
13017189.501239551 1.0
13017168.407476999 1.0
13017147.313782811 1.0
13017126.220156984 1.0
13017105.126599519 1.0
13017084.033110416 1.0
13017062.939689675 1.0
13017041.846337296 1.0
13017020.753053276 1.0
13016999.659837617 1.0
13016978.566690318 1.0
13016957.47361138 1.0
13016936.3806008 1.0
13016915.287658582 1.0
13016894.19478472 1.0
13016873.101979218 1.0
13016852.009242075 1.0
13016830.916573288 1.0
13016809.823972858 1.0
13016788.731440786 1.0
13016767.638977071 1.0
13016746.546581715 1.0
13016725.454254713 1.0
13016704.361996066 1.0
13016683.269805776 1.0
13016662.17768384 1.0
13016641.08563026 1.0
13016619.993645033 1.0
13016598.901728163 1.0
13016577.809879644 1.0
13016556.71809948 1.0
13016535.626387669 1.0
13016514.53474421 1.0
13016493.443169104 1.0
13016472.35166235 1.0
13016451.260223951 1.0
13016430.1688539 1.0
13016409.077552201 1.0
13016387.98631885 1.0
13016366.895153854 1.0
13016345.804057209 1.0
13016324.713028912 1.0
13016303.622068964 1.0
13016282.531177364 1.0
13016261.440354116 1.0
13016240.349599214 1.0
13016219.258912662 1.0
13016198.168294456 1.0
13016177.0777446 1.0
13016155.98726309 1.0
13016134.896849927 1.0
13016113.806505108 1.0
13016092.716228638 1.0
13016071.626020513 1.0
13016050.535880737 1.0
13016029.445809303 1.0
13016008.355806215 1.0
13015987.265871469 1.0
13015966.17600507 1.0
13015945.086207014 1.0
13015923.996477302 1.0
13015902.906815933 1.0
13015881.817222906 1.0
13015860.727698224 1.0
13015839.63824188 1.0
13015818.548853882 1.0
13015797.459534222 1.0
13015776.370282907 1.0
13015755.281099932 1.0
13015734.191985296 1.0
13015713.102939 1.0
13015692.013961045 1.0
13015670.92505143 1.0
13015649.836210156 1.0
13015628.747437218 1.0
13015607.65873262 1.0
13015586.570096359 1.0
13015565.481528437 1.0
13015544.393028852 1.0
13015523.304597603 1.0
13015502.216234693 1.0
13015481.127940118 1.0
13015460.039713884 1.0
13015438.95155598 1.0
13015417.863466414 1.0
13015396.775445182 1.0
13015375.687492287 1.0
13015354.599607727 1.0
13015333.5117915 1.0
13015312.424043607 1.0
13015291.336364044 1.0
13015270.24875282 1.0
13015249.161209926 1.0
13015228.073735366 1.0
13015206.986329138 1.0
13015185.898991242 1.0
13015164.811721679 1.0
13015143.724520443 1.0
13015122.63738754 1.0
13015101.550322969 1.0
13015080.463326726 1.0
13015059.376398817 1.0
13015038.289539235 1.0
13015017.20274798 1.0
13014996.116025057 1.0
13014975.02937046 1.0
13014953.942784196 1.0
13014932.856266256 1.0
13014911.769816644 1.0
13014890.683435362 1.0
13014869.597122405 1.0
13014848.510877773 1.0
13014827.424701469 1.0
13014806.338593492 1.0
13014785.25255384 1.0
13014764.166582514 1.0
13014743.08067951 1.0
13014721.994844832 1.0
13014700.909078479 1.0
13014679.82338045 1.0
13014658.737750746 1.0
13014637.652189363 1.0
13014616.566696305 1.0
13014595.481271565 1.0
13014574.39591515 1.0
13014553.310627062 1.0
13014532.225407291 1.0
13014511.14025584 1.0
13014490.055172713 1.0
13014468.970157905 1.0
13014447.885211417 1.0
13014426.80033325 1.0
13014405.715523403 1.0
13014384.630781874 1.0
13014363.546108667 1.0
13014342.461503776 1.0
13014321.376967201 1.0
13014300.292498948 1.0
13014279.208099011 1.0
13014258.123767393 1.0
13014237.03950409 1.0
13014215.955309106 1.0
13014194.871182436 1.0
13014173.787124082 1.0
13014152.703134045 1.0
13014131.619212324 1.0
13014110.535358915 1.0
13014089.451573823 1.0
13014068.367857046 1.0
13014047.28420858 1.0
13014026.20062843 1.0
13014005.117116593 1.0
13013984.033673069 1.0
13013962.95029786 1.0
13013941.866990961 1.0
13013920.783752374 1.0
13013899.700582096 1.0
13013878.617480133 1.0
13013857.534446482 1.0
13013836.45148114 1.0
13013815.368584108 1.0
13013794.285755385 1.0
13013773.202994974 1.0
13013752.12030287 1.0
13013731.037679076 1.0
13013709.955123592 1.0
13013688.872636415 1.0
13013667.790217549 1.0
13013646.707866987 1.0
13013625.625584733 1.0
13013604.543370787 1.0
13013583.461225146 1.0
13013562.379147815 1.0
13013541.297138788 1.0
13013520.215198066 1.0
13013499.13332565 1.0
13013478.05152154 1.0
13013456.969785733 1.0
13013435.88811823 1.0
13013414.806519033 1.0
13013393.724988138 1.0
13013372.64352555 1.0
13013351.56213126 1.0
13013330.480805276 1.0
13013309.399547592 1.0
13013288.318358213 1.0
13013267.237237135 1.0
13013246.156184359 1.0
13013225.075199882 1.0
13013203.994283704 1.0
13013182.91343583 1.0
13013161.832656255 1.0
13013140.75194498 1.0
13013119.671302004 1.0
13013098.590727327 1.0
13013077.51022095 1.0
13013056.42978287 1.0
13013035.34941309 1.0
13013014.269111605 1.0
13012993.188878419 1.0
13012972.10871353 1.0
13012951.028616939 1.0
13012929.948588641 1.0
13012908.86862864 1.0
13012887.788736936 1.0
13012866.70891353 1.0
13012845.629158415 1.0
13012824.549471596 1.0
13012803.46985307 1.0
13012782.39030284 1.0
13012761.310820905 1.0
13012740.231407262 1.0
13012719.152061911 1.0
13012698.072784854 1.0
13012676.99357609 1.0
13012655.914435618 1.0
13012634.835363436 1.0
13012613.756359547 1.0
13012592.677423948 1.0
13012571.598556641 1.0
13012550.519757625 1.0
13012529.441026896 1.0
13012508.36236446 1.0
13012487.283770312 1.0
13012466.205244454 1.0
13012445.126786884 1.0
13012424.048397603 1.0
13012402.97007661 1.0
13012381.891823905 1.0
13012360.813639486 1.0
13012339.735523356 1.0
13012318.65747551 1.0
13012297.579495953 1.0
13012276.501584684 1.0
13012255.423741696 1.0
13012234.345966997 1.0
13012213.268260581 1.0
13012192.19062245 1.0
13012171.113052607 1.0
13012150.035551045 1.0
13012128.958117768 1.0
13012107.880752772 1.0
13012086.80345606 1.0
13012065.726227634 1.0
13012044.64906749 1.0
13012023.571975624 1.0
13012002.494952044 1.0
13011981.417996742 1.0
13011960.341109723 1.0
13011939.264290985 1.0
13011918.187540527 1.0
13011897.11085835 1.0
13011876.034244454 1.0
13011854.957698835 1.0
13011833.881221494 1.0
13011812.804812433 1.0
13011791.728471652 1.0
13011770.652199151 1.0
13011749.575994924 1.0
13011728.499858975 1.0
13011707.423791304 1.0
13011686.34779191 1.0
13011665.271860793 1.0
13011644.195997952 1.0
13011623.120203385 1.0
13011602.044477096 1.0
13011580.968819082 1.0
13011559.893229341 1.0
13011538.817707874 1.0
13011517.742254684 1.0
13011496.666869765 1.0
13011475.591553124 1.0
13011454.516304752 1.0
13011433.441124655 1.0
13011412.366012827 1.0
13011391.290969275 1.0
13011370.215993995 1.0
13011349.141086984 1.0
13011328.066248246 1.0
13011306.991477778 1.0
13011285.91677558 1.0
13011264.842141654 1.0
13011243.767575998 1.0
13011222.69307861 1.0
13011201.618649492 1.0
13011180.544288643 1.0
13011159.469996063 1.0
13011138.395771747 1.0
13011117.321615703 1.0
13011096.247527927 1.0
13011075.173508419 1.0
13011054.099557174 1.0
13011033.025674198 1.0
13011011.95185949 1.0
13010990.878113043 1.0
13010969.804434866 1.0
13010948.730824951 1.0
13010927.657283302 1.0
13010906.58380992 1.0
13010885.510404801 1.0
13010864.437067943 1.0
13010843.36379935 1.0
13010822.290599022 1.0
13010801.217466956 1.0
13010780.144403154 1.0
13010759.071407612 1.0
13010737.998480333 1.0
13010716.925621314 1.0
13010695.852830557 1.0
13010674.780108063 1.0
13010653.707453828 1.0
13010632.634867853 1.0
13010611.562350137 1.0
13010590.489900682 1.0
13010569.417519487 1.0
13010548.34520655 1.0
13010527.272961872 1.0
13010506.20078545 1.0
13010485.12867729 1.0
13010464.056637386 1.0
13010442.984665737 1.0
13010421.912762346 1.0
13010400.840927212 1.0
13010379.769160336 1.0
13010358.697461715 1.0
13010337.625831349 1.0
13010316.554269237 1.0
13010295.48277538 1.0
13010274.41134978 1.0
13010253.339992434 1.0
13010232.268703341 1.0
13010211.197482502 1.0
13010190.12632992 1.0
13010169.055245584 1.0
13010147.984229503 1.0
13010126.913281675 1.0
13010105.842402099 1.0
13010084.771590777 1.0
13010063.700847704 1.0
13010042.63017288 1.0
13010021.559566308 1.0
13010000.489027986 1.0
13009979.418557918 1.0
13009958.348156096 1.0
13009937.277822524 1.0
13009916.207557201 1.0
13009895.137360126 1.0
13009874.0672313 1.0
13009852.997170722 1.0
13009831.92717839 1.0
13009810.857254308 1.0
13009789.787398474 1.0
13009768.717610883 1.0
13009747.647891538 1.0
13009726.578240441 1.0
13009705.50865759 1.0
13009684.439142985 1.0
13009663.369696625 1.0
13009642.300318507 1.0
13009621.231008634 1.0
13009600.161767006 1.0
13009579.092593623 1.0
13009558.023488482 1.0
13009536.954451583 1.0
13009515.885482928 1.0
13009494.816582514 1.0
13009473.747750344 1.0
13009452.678986413 1.0
13009431.610290727 1.0
13009410.54166328 1.0
13009389.473104075 1.0
13009368.40461311 1.0
13009347.336190382 1.0
13009326.267835895 1.0
13009305.199549649 1.0
13009284.131331641 1.0
13009263.063181873 1.0
13009241.995100342 1.0
13009220.92708705 1.0
13009199.859141992 1.0
13009178.791265177 1.0
13009157.723456597 1.0
13009136.655716253 1.0
13009115.588044146 1.0
13009094.520440275 1.0
13009073.452904638 1.0
13009052.385437239 1.0
13009031.318038072 1.0
13009010.250707142 1.0
13008989.183444448 1.0
13008968.116249986 1.0
13008947.049123758 1.0
13008925.982065761 1.0
13008904.915075999 1.0
13008883.848154472 1.0
13008862.781301176 1.0
13008841.71451611 1.0
13008820.647799278 1.0
13008799.581150677 1.0
13008778.514570307 1.0
13008757.448058167 1.0
13008736.381614259 1.0
13008715.315238578 1.0
13008694.248931132 1.0
13008673.182691911 1.0
13008652.116520919 1.0
13008631.050418157 1.0
13008609.984383624 1.0
13008588.91841732 1.0
13008567.852519242 1.0
13008546.786689391 1.0
13008525.72092777 1.0
13008504.65523437 1.0
13008483.589609202 1.0
13008462.524052259 1.0
13008441.45856354 1.0
13008420.393143049 1.0
13008399.327790782 1.0
13008378.262506738 1.0
13008357.19729092 1.0
13008336.132143326 1.0
13008315.067063956 1.0
13008294.00205281 1.0
13008272.937109886 1.0
13008251.872235185 1.0
13008230.807428705 1.0
13008209.74269045 1.0
13008188.678020416 1.0
13008167.613418603 1.0
13008146.54888501 1.0
13008125.48441964 1.0
13008104.42002249 1.0
13008083.355693558 1.0
13008062.291432848 1.0
13008041.227240358 1.0
13008020.163116084 1.0
13007999.099060034 1.0
13007978.035072198 1.0
13007956.971152581 1.0
13007935.907301182 1.0
13007914.843518 1.0
13007893.779803038 1.0
13007872.71615629 1.0
13007851.65257776 1.0
13007830.589067446 1.0
13007809.525625344 1.0
13007788.462251464 1.0
13007767.398945795 1.0
13007746.335708342 1.0
13007725.272539103 1.0
13007704.20943808 1.0
13007683.146405268 1.0
13007662.08344067 1.0
13007641.020544287 1.0
13007619.957716117 1.0
13007598.894956158 1.0
13007577.832264412 1.0
13007556.769640878 1.0
13007535.707085554 1.0
13007514.644598441 1.0
13007493.582179543 1.0
13007472.519828852 1.0
13007451.457546372 1.0
13007430.395332102 1.0
13007409.33318604 1.0
13007388.27110819 1.0
13007367.209098546 1.0
13007346.147157112 1.0
13007325.085283887 1.0
13007304.02347887 1.0
13007282.96174206 1.0
13007261.900073454 1.0
13007240.838473057 1.0
13007219.77694087 1.0
13007198.715476887 1.0
13007177.654081108 1.0
13007156.592753537 1.0
13007135.531494169 1.0
13007114.470303006 1.0
13007093.40918005 1.0
13007072.348125298 1.0
13007051.287138747 1.0
13007030.226220403 1.0
13007009.165370261 1.0
13006988.10458832 1.0
13006967.043874584 1.0
13006945.983229049 1.0
13006924.922651716 1.0
13006903.862142587 1.0
13006882.801701656 1.0
13006861.741328925 1.0
13006840.681024397 1.0
13006819.62078807 1.0
13006798.560619943 1.0
13006777.500520013 1.0
13006756.440488284 1.0
13006735.380524755 1.0
13006714.320629422 1.0
13006693.26080229 1.0
13006672.201043354 1.0
13006651.141352616 1.0
13006630.081730075 1.0
13006609.022175733 1.0
13006587.962689584 1.0
13006566.903271634 1.0
13006545.84392188 1.0
13006524.78464032 1.0
13006503.725426957 1.0
13006482.666281788 1.0
13006461.607204814 1.0
13006440.548196033 1.0
13006419.489255445 1.0
13006398.430383055 1.0
13006377.371578855 1.0
13006356.31284285 1.0
13006335.254175037 1.0
13006314.195575416 1.0
13006293.137043986 1.0
13006272.078580748 1.0
13006251.020185703 1.0
13006229.961858848 1.0
13006208.903600184 1.0
13006187.84540971 1.0
13006166.787287423 1.0
13006145.72923333 1.0
13006124.671247425 1.0
13006103.61332971 1.0
13006082.555480182 1.0
13006061.497698843 1.0
13006040.439985693 1.0
13006019.382340727 1.0
13005998.324763952 1.0
13005977.267255364 1.0
13005956.20981496 1.0
13005935.152442744 1.0
13005914.095138716 1.0
13005893.03790287 1.0
13005871.98073521 1.0
13005850.923635736 1.0
13005829.866604447 1.0
13005808.809641344 1.0
13005787.752746424 1.0
13005766.695919687 1.0
13005745.63916113 1.0
13005724.58247076 1.0
13005703.525848573 1.0
13005682.469294569 1.0
13005661.412808744 1.0
13005640.356391102 1.0
13005619.300041642 1.0
13005598.243760362 1.0
13005577.187547263 1.0
13005556.131402345 1.0
13005535.075325606 1.0
13005514.01931705 1.0
13005492.963376671 1.0
13005471.90750447 1.0
13005450.851700447 1.0
13005429.795964604 1.0
13005408.740296941 1.0
13005387.684697453 1.0
13005366.629166143 1.0
13005345.573703011 1.0
13005324.518308053 1.0
13005303.462981276 1.0
13005282.407722672 1.0
13005261.352532245 1.0
13005240.297409993 1.0
13005219.242355917 1.0
13005198.187370013 1.0
13005177.132452285 1.0
13005156.077602731 1.0
13005135.02282135 1.0
13005113.968108146 1.0
13005092.913463112 1.0
13005071.858886251 1.0
13005050.804377561 1.0
13005029.749937044 1.0
13005008.695564702 1.0
13004987.641260529 1.0
13004966.587024527 1.0
13004945.532856695 1.0
13004924.478757033 1.0
13004903.424725546 1.0
13004882.370762225 1.0
13004861.316867074 1.0
13004840.263040092 1.0
13004819.209281279 1.0
13004798.155590635 1.0
13004777.101968156 1.0
13004756.048413847 1.0
13004734.994927706 1.0
13004713.941509733 1.0
13004692.888159925 1.0
13004671.834878284 1.0
13004650.78166481 1.0
13004629.7285195 1.0
13004608.675442358 1.0
13004587.62243338 1.0
13004566.569492565 1.0
13004545.516619917 1.0
13004524.463815432 1.0
13004503.41107911 1.0
13004482.358410954 1.0
13004461.30581096 1.0
13004440.253279127 1.0
13004419.20081546 1.0
13004398.148419954 1.0
13004377.096092608 1.0
13004356.043833423 1.0
13004334.991642402 1.0
13004313.939519541 1.0
13004292.887464842 1.0
13004271.8354783 1.0
13004250.78355992 1.0
13004229.731709696 1.0
13004208.679927636 1.0
13004187.628213733 1.0
13004166.576567989 1.0
13004145.524990402 1.0
13004124.473480975 1.0
13004103.422039703 1.0
13004082.37066659 1.0
13004061.319361633 1.0
13004040.268124832 1.0
13004019.216956189 1.0
13003998.165855702 1.0
13003977.11482337 1.0
13003956.063859189 1.0
13003935.012963166 1.0
13003913.9621353 1.0
13003892.911375586 1.0
13003871.860684028 1.0
13003850.81006062 1.0
13003829.759505367 1.0
13003808.709018268 1.0
13003787.65859932 1.0
13003766.608248524 1.0
13003745.557965882 1.0
13003724.507751392 1.0
13003703.45760505 1.0
13003682.40752686 1.0
13003661.357516821 1.0
13003640.307574932 1.0
13003619.257701196 1.0
13003598.207895607 1.0
13003577.158158166 1.0
13003556.108488875 1.0
13003535.058887731 1.0
13003514.009354739 1.0
13003492.959889892 1.0
13003471.910493195 1.0
13003450.861164642 1.0
13003429.81190424 1.0
13003408.762711981 1.0
13003387.71358787 1.0
13003366.664531905 1.0
13003345.615544084 1.0
13003324.566624412 1.0
13003303.517772883 1.0
13003282.468989497 1.0
13003261.420274256 1.0
13003240.37162716 1.0
13003219.323048208 1.0
13003198.274537398 1.0
13003177.226094732 1.0
13003156.177720208 1.0
13003135.129413826 1.0
13003114.081175586 1.0
13003093.033005489 1.0
13003071.984903533 1.0
13003050.936869716 1.0
13003029.888904043 1.0
13003008.841006508 1.0
13002987.793177113 1.0
13002966.745415857 1.0
13002945.697722742 1.0
13002924.650097767 1.0
13002903.602540929 1.0
13002882.55505223 1.0
13002861.507631669 1.0
13002840.460279243 1.0
13002819.412994958 1.0
13002798.365778808 1.0
13002777.318630796 1.0
13002756.27155092 1.0
13002735.22453918 1.0
13002714.177595574 1.0
13002693.130720105 1.0
13002672.083912771 1.0
13002651.037173571 1.0
13002629.990502508 1.0
13002608.943899577 1.0
13002587.89736478 1.0
13002566.850898115 1.0
13002545.804499583 1.0
13002524.758169187 1.0
13002503.711906921 1.0
13002482.665712787 1.0
13002461.619586786 1.0
13002440.573528914 1.0
13002419.527539175 1.0
13002398.481617566 1.0
13002377.435764087 1.0
13002356.38997874 1.0
13002335.344261523 1.0
13002314.298612434 1.0
13002293.253031472 1.0
13002272.20751864 1.0
13002251.162073938 1.0
13002230.116697365 1.0
13002209.071388919 1.0
13002188.026148599 1.0
13002166.980976405 1.0
13002145.935872339 1.0
13002124.8908364 1.0
13002103.84586859 1.0
13002082.800968902 1.0
13002061.75613734 1.0
13002040.711373903 1.0
13002019.66667859 1.0
13001998.622051403 1.0
13001977.57749234 1.0
13001956.5330014 1.0
13001935.488578586 1.0
13001914.444223894 1.0
13001893.39993732 1.0
13001872.355718873 1.0
13001851.311568549 1.0
13001830.267486347 1.0
13001809.223472264 1.0
13001788.179526303 1.0
13001767.135648463 1.0
13001746.091838742 1.0
13001725.048097143 1.0
13001704.004423663 1.0
13001682.960818304 1.0
13001661.917281061 1.0
13001640.87381194 1.0
13001619.830410935 1.0
13001598.787078049 1.0
13001577.743813282 1.0
13001556.700616632 1.0
13001535.6574881 1.0
13001514.614427684 1.0
13001493.571435384 1.0
13001472.5285112 1.0
13001451.48565513 1.0
13001430.44286718 1.0
13001409.400147345 1.0
13001388.357495623 1.0
13001367.314912014 1.0
13001346.272396522 1.0
13001325.22994914 1.0
13001304.187569875 1.0
13001283.145258723 1.0
13001262.103015684 1.0
13001241.060840758 1.0
13001220.018733943 1.0
13001198.976695238 1.0
13001177.934724646 1.0
13001156.892822165 1.0
13001135.850987798 1.0
13001114.809221538 1.0
13001093.76752339 1.0
13001072.72589335 1.0
13001051.68433142 1.0
13001030.642837603 1.0
13001009.60141189 1.0
13000988.56005429 1.0
13000967.518764794 1.0
13000946.477543408 1.0
13000925.43639013 1.0
13000904.395304957 1.0
13000883.354287893 1.0
13000862.313338935 1.0
13000841.272458086 1.0
13000820.23164534 1.0
13000799.190900698 1.0
13000778.150224162 1.0
13000757.109615732 1.0
13000736.06907541 1.0
13000715.028603189 1.0
13000693.98819907 1.0
13000672.947863057 1.0
13000651.907595146 1.0
13000630.86739534 1.0
13000609.827263635 1.0
13000588.787200034 1.0
13000567.747204533 1.0
13000546.707277136 1.0
13000525.66741784 1.0
13000504.62762664 1.0
13000483.587903544 1.0
13000462.54824855 1.0
13000441.508661656 1.0
13000420.46914286 1.0
13000399.429692164 1.0
13000378.390309567 1.0
13000357.350995066 1.0
13000336.311748667 1.0
13000315.272570364 1.0
13000294.23346016 1.0
13000273.194418052 1.0
13000252.15544404 1.0
13000231.116538128 1.0
13000210.07770031 1.0
13000189.03893059 1.0
13000168.000228964 1.0
13000146.961595435 1.0
13000125.923029998 1.0
13000104.884532658 1.0
13000083.846103411 1.0
13000062.807742259 1.0
13000041.769449202 1.0
13000020.731224237 1.0
12999999.693067364 1.0
12999978.654978584 1.0
12999957.616957897 1.0
12999936.579005303 1.0
12999915.5411208 1.0
12999894.503304388 1.0
12999873.465556066 1.0
12999852.42787584 1.0
12999831.390263699 1.0
12999810.352719648 1.0
12999789.315243687 1.0
12999768.277835816 1.0
12999747.240496038 1.0
12999726.203224344 1.0
12999705.16602074 1.0
12999684.128885224 1.0
12999663.091817794 1.0
12999642.054818455 1.0
12999621.017887201 1.0
12999599.981024034 1.0
12999578.944228953 1.0
12999557.907501958 1.0
12999536.87084305 1.0
12999515.834252225 1.0
12999494.797729488 1.0
12999473.761274833 1.0
12999452.724888267 1.0
12999431.688569782 1.0
12999410.652319381 1.0
12999389.616137061 1.0
12999368.580022827 1.0
12999347.543976676 1.0
12999326.507998608 1.0
12999305.47208862 1.0
12999284.436246714 1.0
12999263.400472889 1.0
12999242.364767147 1.0
12999221.329129485 1.0
12999200.293559905 1.0
12999179.258058403 1.0
12999158.222624982 1.0
12999137.18725964 1.0
12999116.151962377 1.0
12999095.116733193 1.0
12999074.081572087 1.0
12999053.046479061 1.0
12999032.011454111 1.0
12999010.97649724 1.0
12998989.941608444 1.0
12998968.906787725 1.0
12998947.872035086 1.0
12998926.83735052 1.0
12998905.80273403 1.0
12998884.768185617 1.0
12998863.733705278 1.0
12998842.699293014 1.0
12998821.664948825 1.0
12998800.63067271 1.0
12998779.596464667 1.0
12998758.562324703 1.0
12998737.528252808 1.0
12998716.494248984 1.0
12998695.460313234 1.0
12998674.426445559 1.0
12998653.392645955 1.0
12998632.358914422 1.0
12998611.325250959 1.0
12998590.291655568 1.0
12998569.258128246 1.0
12998548.224668996 1.0
12998527.191277817 1.0
12998506.157954706 1.0
12998485.124699663 1.0
12998464.091512691 1.0
12998443.058393786 1.0
12998422.02534295 1.0
12998400.992360182 1.0
12998379.959445482 1.0
12998358.92659885 1.0
12998337.893820284 1.0
12998316.861109784 1.0
12998295.828467349 1.0
12998274.795892982 1.0
12998253.763386682 1.0
12998232.730948444 1.0
12998211.698578272 1.0
12998190.666276166 1.0
12998169.634042123 1.0
12998148.601876143 1.0
12998127.56977823 1.0
12998106.537748378 1.0
12998085.505786588 1.0
12998064.473892862 1.0
12998043.4420672 1.0
12998022.410309596 1.0
12998001.378620056 1.0
12997980.346998576 1.0
12997959.31544516 1.0
12997938.283959802 1.0
12997917.252542505 1.0
12997896.221193269 1.0
12997875.18991209 1.0
12997854.158698974 1.0
12997833.127553914 1.0
12997812.096476914 1.0
12997791.065467972 1.0
12997770.034527088 1.0
12997749.003654262 1.0
12997727.972849492 1.0
12997706.942112781 1.0
12997685.911444126 1.0
12997664.880843528 1.0
12997643.850310985 1.0
12997622.819846498 1.0
12997601.789450064 1.0
12997580.759121688 1.0
12997559.728861367 1.0
12997538.698669098 1.0
12997517.668544885 1.0
12997496.638488725 1.0
12997475.608500618 1.0
12997454.578580566 1.0
12997433.548728565 1.0
12997412.518944615 1.0
12997391.48922872 1.0
12997370.459580876 1.0
12997349.430001084 1.0
12997328.40048934 1.0
12997307.371045649 1.0
12997286.341670008 1.0
12997265.31236242 1.0
12997244.283122877 1.0
12997223.253951386 1.0
12997202.224847943 1.0
12997181.195812548 1.0
12997160.166845204 1.0
12997139.137945907 1.0
12997118.109114656 1.0
12997097.080351455 1.0
12997076.0516563 1.0
12997055.023029191 1.0
12997033.99447013 1.0
12997012.965979114 1.0
12996991.937556144 1.0
12996970.909201222 1.0
12996949.880914342 1.0
12996928.852695508 1.0
12996907.824544717 1.0
12996886.79646197 1.0
12996865.76844727 1.0
12996844.740500612 1.0
12996823.712621996 1.0
12996802.684811423 1.0
12996781.657068891 1.0
12996760.629394405 1.0
12996739.601787958 1.0
12996718.574249554 1.0
12996697.546779191 1.0
12996676.519376868 1.0
12996655.492042588 1.0
12996634.464776345 1.0
12996613.437578142 1.0
12996592.41044798 1.0
12996571.383385858 1.0
12996550.356391773 1.0
12996529.329465726 1.0
12996508.302607717 1.0
12996487.275817748 1.0
12996466.249095816 1.0
12996445.222441921 1.0
12996424.195856063 1.0
12996403.169338241 1.0
12996382.142888457 1.0
12996361.116506707 1.0
12996340.090192992 1.0
12996319.063947313 1.0
12996298.03776967 1.0
12996277.01166006 1.0
12996255.985618485 1.0
12996234.959644943 1.0
12996213.933739435 1.0
12996192.90790196 1.0
12996171.88213252 1.0
12996150.856431112 1.0
12996129.830797734 1.0
12996108.805232389 1.0
12996087.779735073 1.0
12996066.754305795 1.0
12996045.728944544 1.0
12996024.703651322 1.0
12996003.678426132 1.0
12995982.653268972 1.0
12995961.62817984 1.0
12995940.60315874 1.0
12995919.578205667 1.0
12995898.553320624 1.0
12995877.52850361 1.0
12995856.503754621 1.0
12995835.479073662 1.0
12995814.454460727 1.0
12995793.429915821 1.0
12995772.405438945 1.0
12995751.381030092 1.0
12995730.356689265 1.0
12995709.332416464 1.0
12995688.308211688 1.0
12995667.284074936 1.0
12995646.26000621 1.0
12995625.236005507 1.0
12995604.21207283 1.0
12995583.188208176 1.0
12995562.164411547 1.0
12995541.140682938 1.0
12995520.117022352 1.0
12995499.093429789 1.0
12995478.06990525 1.0
12995457.046448732 1.0
12995436.023060232 1.0
12995414.999739757 1.0
12995393.976487298 1.0
12995372.953302864 1.0
12995351.930186449 1.0
12995330.907138053 1.0
12995309.884157676 1.0
12995288.86124532 1.0
12995267.83840098 1.0
12995246.81562466 1.0
12995225.792916358 1.0
12995204.770276072 1.0
12995183.747703806 1.0
12995162.725199556 1.0
12995141.702763323 1.0
12995120.680395104 1.0
12995099.658094903 1.0
12995078.63586272 1.0
12995057.61369855 1.0
12995036.591602394 1.0
12995015.569574254 1.0
12994994.54761413 1.0
12994973.525722018 1.0
12994952.503897918 1.0
12994931.482141836 1.0
12994910.460453764 1.0
12994889.438833704 1.0
12994868.417281661 1.0
12994847.395797625 1.0
12994826.374381604 1.0
12994805.353033593 1.0
12994784.331753595 1.0
12994763.310541606 1.0
12994742.289397627 1.0
12994721.26832166 1.0
12994700.247313699 1.0
12994679.226373753 1.0
12994658.205501812 1.0
12994637.184697881 1.0
12994616.163961958 1.0
12994595.143294044 1.0
12994574.122694138 1.0
12994553.102162238 1.0
12994532.081698347 1.0
12994511.061302463 1.0
12994490.040974583 1.0
12994469.020714713 1.0
12994448.000522846 1.0
12994426.980398983 1.0
12994405.960343128 1.0
12994384.940355279 1.0
12994363.920435432 1.0
12994342.90058359 1.0
12994321.880799752 1.0
12994300.861083915 1.0
12994279.841436084 1.0
12994258.821856257 1.0
12994237.80234443 1.0
12994216.782900605 1.0
12994195.763524784 1.0
12994174.744216964 1.0
12994153.724977143 1.0
12994132.705805324 1.0
12994111.686701506 1.0
12994090.66766569 1.0
12994069.648697874 1.0
12994048.629798055 1.0
12994027.610966234 1.0
12994006.592202414 1.0
12993985.573506594 1.0
12993964.554878771 1.0
12993943.536318945 1.0
12993922.517827118 1.0
12993901.499403287 1.0
12993880.481047453 1.0
12993859.462759616 1.0
12993838.444539776 1.0
12993817.426387932 1.0
12993796.408304082 1.0
12993775.39028823 1.0
12993754.37234037 1.0
12993733.354460506 1.0
12993712.336648636 1.0
12993691.318904761 1.0
12993670.301228879 1.0
12993649.283620989 1.0
12993628.266081093 1.0
12993607.248609187 1.0
12993586.231205279 1.0
12993565.21386936 1.0
12993544.196601432 1.0
12993523.179401496 1.0
12993502.16226955 1.0
12993481.145205598 1.0
12993460.128209632 1.0
12993439.111281658 1.0
12993418.094421674 1.0
12993397.07762968 1.0
12993376.060905673 1.0
12993355.044249656 1.0
12993334.027661625 1.0
12993313.011141583 1.0
12993291.994689532 1.0
12993270.978305466 1.0
12993249.961989386 1.0
12993228.945741294 1.0
12993207.929561188 0.0
12993186.913449068 0.0
12993165.897404933 0.0
12993144.881428786 0.0
12993123.86552062 0.0
12993102.849680442 0.0
12993081.833908249 0.0
12993060.818204038 0.0
12993039.80256781 0.0
12993018.786999566 0.0
12992997.771499308 0.0
12992976.75606703 0.0
12992955.740702735 0.0
12992934.725406421 0.0
12992913.710178088 0.0
12992892.69501774 0.0
12992871.679925371 0.0
12992850.664900983 0.0
12992829.649944576 0.0
12992808.63505615 0.0
12992787.6202357 0.0
12992766.605483232 0.0
12992745.590798743 0.0
12992724.576182233 0.0
12992703.5616337 0.0
12992682.547153149 0.0
12992661.532740572 0.0
12992640.518395972 0.0
12992619.50411935 0.0
12992598.489910707 0.0
12992577.47577004 0.0
12992556.461697347 0.0
12992535.44769263 0.0
12992514.43375589 0.0
12992493.419887125 0.0
12992472.406086335 0.0
12992451.392353518 0.0
12992430.378688676 0.0
12992409.365091808 0.0
12992388.351562915 0.0
12992367.33810199 0.0
12992346.324709043 0.0
12992325.311384067 0.0
12992304.298127064 0.0
12992283.284938032 0.0
12992262.27181697 0.0
12992241.258763881 0.0
12992220.245778762 0.0
12992199.232861616 0.0
12992178.220012438 0.0
12992157.20723123 0.0
12992136.19451799 0.0
12992115.181872722 0.0
12992094.169295423 0.0
12992073.15678609 0.0
12992052.144344727 0.0
12992031.131971331 0.0
12992010.119665904 0.0
12991989.107428445 0.0
12991968.095258951 0.0
12991947.083157422 0.0
12991926.07112386 0.0
12991905.059158267 0.0
12991884.047260638 0.0
12991863.035430973 0.0
12991842.023669275 0.0
12991821.01197554 0.0
12991800.00034977 0.0
12991778.988791963 0.0
12991757.97730212 0.0
12991736.965880241 0.0
12991715.954526324 0.0
12991694.943240372 0.0
12991673.932022378 0.0
12991652.92087235 0.0
12991631.909790281 0.0
12991610.898776174 0.0
12991589.88783003 0.0
12991568.876951845 0.0
12991547.86614162 0.0
12991526.855399353 0.0
12991505.84472505 0.0
12991484.834118703 0.0
12991463.823580317 0.0
12991442.81310989 0.0
12991421.802707419 0.0
12991400.792372907 0.0
12991379.782106353 0.0
12991358.771907756 0.0
12991337.761777116 0.0
12991316.751714433 0.0
12991295.741719708 0.0
12991274.731792938 0.0
12991253.721934121 0.0
12991232.712143261 0.0
12991211.702420358 0.0
12991190.69276541 0.0
12991169.683178414 0.0
12991148.673659371 0.0
12991127.664208282 0.0
12991106.65482515 0.0
12991085.645509968 0.0
12991064.63626274 0.0
12991043.627083464 0.0
12991022.61797214 0.0
12991001.60892877 0.0
12990980.599953346 0.0
12990959.591045877 0.0
12990938.582206357 0.0
12990917.573434789 0.0
12990896.564731173 0.0
12990875.556095503 0.0
12990854.547527783 0.0
12990833.539028013 0.0
12990812.530596193 0.0
12990791.52223232 0.0
12990770.513936395 0.0
12990749.505708419 0.0
12990728.497548388 0.0
12990707.489456305 0.0
12990686.48143217 0.0
12990665.473475982 0.0
12990644.465587739 0.0
12990623.45776744 0.0
12990602.45001509 0.0
12990581.442330683 0.0
12990560.43471422 0.0
12990539.427165704 0.0
12990518.419685133 0.0
12990497.412272504 0.0
12990476.404927816 0.0
12990455.397651074 0.0
12990434.390442273 0.0
12990413.383301416 0.0
12990392.376228502 0.0
12990371.36922353 0.0
12990350.362286497 0.0
12990329.355417406 0.0
12990308.348616257 0.0
12990287.341883048 0.0
12990266.33521778 0.0
12990245.32862045 0.0
12990224.322091062 0.0
12990203.315629613 0.0
12990182.309236102 0.0
12990161.302910527 0.0
12990140.296652893 0.0
12990119.290463196 0.0
12990098.284341438 0.0
12990077.278287616 0.0
12990056.272301732 0.0
12990035.266383782 0.0
12990014.26053377 0.0
12989993.254751695 0.0
12989972.249037554 0.0
12989951.243391348 0.0
12989930.237813078 0.0
12989909.232302744 0.0
12989888.22686034 0.0
12989867.221485874 0.0
12989846.21617934 0.0
12989825.21094074 0.0
12989804.205770073 0.0
12989783.200667338 0.0
12989762.195632536 0.0
12989741.190665662 0.0
12989720.185766725 0.0
12989699.180935718 0.0
12989678.17617264 0.0
12989657.171477495 0.0
12989636.166850278 0.0
12989615.162290992 0.0
12989594.157799637 0.0
12989573.15337621 0.0
12989552.149020711 0.0
12989531.144733142 0.0
12989510.140513504 0.0
12989489.13636179 0.0
12989468.132278003 0.0
12989447.128262145 0.0
12989426.124314217 0.0
12989405.120434213 0.0
12989384.116622135 0.0
12989363.112877984 0.0
12989342.109201757 0.0
12989321.105593456 0.0
12989300.102053082 0.0
12989279.09858063 0.0
12989258.095176104 0.0
12989237.091839502 0.0
12989216.088570824 0.0
12989195.085370068 0.0
12989174.082237234 0.0
12989153.079172326 0.0
12989132.07617534 0.0
12989111.073246276 0.0
12989090.070385132 0.0
12989069.067591911 0.0
12989048.064866608 0.0
12989027.06220923 0.0
12989006.059619771 0.0
12988985.05709823 0.0
12988964.05464461 0.0
12988943.05225891 0.0
12988922.04994113 0.0
12988901.047691269 0.0
12988880.045509323 0.0
12988859.0433953 0.0
12988838.041349191 0.0
12988817.039371002 0.0
12988796.03746073 0.0
12988775.03561837 0.0
12988754.03384393 0.0
12988733.032137409 0.0
12988712.0304988 0.0
12988691.028928109 0.0
12988670.027425332 0.0
12988649.025990468 0.0
12988628.02462352 0.0
12988607.023324488 0.0
12988586.022093367 0.0
12988565.02093016 0.0
12988544.019834867 0.0
12988523.01880749 0.0
12988502.017848019 0.0
12988481.016956463 0.0
12988460.01613282 0.0
12988439.015377088 0.0
12988418.014689269 0.0
12988397.014069358 0.0
12988376.013517357 0.0
12988355.013033267 0.0
12988334.012617089 0.0
12988313.012268819 0.0
12988292.01198846 0.0
12988271.011776008 0.0
12988250.011631465 0.0
12988229.01155483 0.0
12988208.011546101 0.0
12988187.011605283 0.0
12988166.01173237 0.0
12988145.011927364 0.0
12988124.012190267 0.0
12988103.012521075 0.0
12988082.012919787 0.0
12988061.013386408 0.0
12988040.013920931 0.0
12988019.014523363 0.0
12987998.015193697 0.0
12987977.015931934 0.0
12987956.016738076 0.0
12987935.017612124 0.0
12987914.018554073 0.0
12987893.019563925 0.0
12987872.020641679 0.0
12987851.021787336 0.0
12987830.023000896 0.0
12987809.024282357 0.0
12987788.025631718 0.0
12987767.027048983 0.0
12987746.028534146 0.0
12987725.030087212 0.0
12987704.031708175 0.0
12987683.033397038 0.0
12987662.0351538 0.0
12987641.036978465 0.0
12987620.038871026 0.0
12987599.040831486 0.0
12987578.042859843 0.0
12987557.044956097 0.0
12987536.04712025 0.0
12987515.0493523 0.0
12987494.051652245 0.0
12987473.054020088 0.0
12987452.056455826 0.0
12987431.058959464 0.0
12987410.06153099 0.0
12987389.064170416 0.0
12987368.066877736 0.0
12987347.06965295 0.0
12987326.07249606 0.0
12987305.075407062 0.0
12987284.078385957 0.0
12987263.081432743 0.0
12987242.084547427 0.0
12987221.08773 0.0
12987200.090980466 0.0
12987179.094298823 0.0
12987158.097685073 0.0
12987137.101139212 0.0
12987116.104661243 0.0
12987095.108251164 0.0
12987074.111908976 0.0
12987053.115634676 0.0
12987032.11942827 0.0
12987011.123289749 0.0
12986990.127219116 0.0
12986969.131216373 0.0
12986948.13528152 0.0
12986927.139414554 0.0
12986906.143615475 0.0
12986885.147884281 0.0
12986864.152220977 0.0
12986843.156625558 0.0
12986822.161098026 0.0
12986801.165638378 0.0
12986780.170246618 0.0
12986759.174922742 0.0
12986738.179666752 0.0
12986717.184478642 0.0
12986696.18935842 0.0
12986675.194306083 0.0
12986654.199321628 0.0
12986633.204405056 0.0
12986612.209556367 0.0
12986591.214775562 0.0
12986570.220062636 0.0
12986549.225417595 0.0
12986528.230840435 0.0
12986507.236331156 0.0
12986486.241889756 0.0
12986465.247516239 0.0
12986444.2532106 0.0
12986423.258972844 0.0
12986402.264802966 0.0
12986381.270700967 0.0
12986360.276666846 0.0
12986339.282700608 0.0
12986318.288802244 0.0
12986297.294971757 0.0
12986276.30120915 0.0
12986255.30751442 0.0
12986234.313887568 0.0
12986213.320328591 0.0
12986192.326837491 0.0
12986171.333414268 0.0
12986150.340058919 0.0
12986129.346771445 0.0
12986108.353551846 0.0
12986087.360400124 0.0
12986066.367316274 0.0
12986045.3743003 0.0
12986024.381352197 0.0
12986003.388471968 0.0
12985982.395659612 0.0
12985961.40291513 0.0
12985940.410238521 0.0
12985919.417629784 0.0
12985898.425088918 0.0
12985877.43261592 0.0
12985856.440210797 0.0
12985835.447873544 0.0
12985814.455604162 0.0
12985793.463402648 0.0
12985772.471269004 0.0
12985751.479203232 0.0
12985730.487205327 0.0
12985709.49527529 0.0
12985688.503413122 0.0
12985667.511618823 0.0
12985646.519892393 0.0
12985625.528233828 0.0
12985604.536643129 0.0
12985583.545120299 0.0
12985562.553665334 0.0
12985541.562278239 0.0
12985520.570959006 0.0
12985499.57970764 0.0
12985478.588524135 0.0
12985457.5974085 0.0
12985436.606360728 0.0
12985415.61538082 0.0
12985394.624468775 0.0
12985373.633624595 0.0
12985352.642848277 0.0
12985331.65213982 0.0
12985310.661499228 0.0
12985289.670926498 0.0
12985268.68042163 0.0
12985247.689984623 0.0
12985226.699615479 0.0
12985205.709314192 0.0
12985184.719080767 0.0
12985163.728915203 0.0
12985142.738817498 0.0
12985121.748787655 0.0
12985100.758825667 0.0
12985079.76893154 0.0
12985058.779105272 0.0
12985037.789346863 0.0
12985016.79965631 0.0
12984995.810033614 0.0
12984974.820478776 0.0
12984953.830991797 0.0
12984932.841572672 0.0
12984911.852221403 0.0
12984890.862937992 0.0
12984869.873722436 0.0
12984848.884574736 0.0
12984827.89549489 0.0
12984806.906482898 0.0
12984785.917538758 0.0
12984764.928662475 0.0
12984743.939854046 0.0
12984722.95111347 0.0
12984701.962440746 0.0
12984680.973835874 0.0
12984659.985298855 0.0
12984638.996829689 0.0
12984618.008428372 0.0
12984597.020094909 0.0
12984576.031829296 0.0
12984555.043631535 0.0
12984534.055501623 0.0
12984513.06743956 0.0
12984492.079445347 0.0
12984471.091518983 0.0
12984450.103660472 0.0
12984429.115869805 0.0
12984408.128146987 0.0
12984387.140492018 0.0
12984366.152904898 0.0
12984345.165385623 0.0
12984324.177934196 0.0
12984303.190550616 0.0
12984282.203234881 0.0
12984261.215986995 0.0
12984240.22880695 0.0
12984219.241694754 0.0
12984198.254650401 0.0
12984177.267673895 0.0
12984156.280765234 0.0
12984135.293924414 0.0
12984114.307151439 0.0
12984093.320446307 0.0
12984072.333809018 0.0
12984051.347239573 0.0
12984030.36073797 0.0
12984009.374304209 0.0
12983988.387938289 0.0
12983967.40164021 0.0
12983946.415409973 0.0
12983925.429247577 0.0
12983904.44315302 0.0
12983883.457126305 0.0
12983862.47116743 0.0
12983841.485276394 0.0
12983820.499453194 0.0
12983799.513697837 0.0
12983778.528010316 0.0
12983757.542390635 0.0
12983736.556838792 0.0
12983715.571354784 0.0
12983694.585938616 0.0
12983673.600590281 0.0
12983652.615309786 0.0
12983631.630097125 0.0
12983610.644952301 0.0
12983589.659875313 0.0
12983568.67486616 0.0
12983547.68992484 0.0
12983526.705051355 0.0
12983505.720245706 0.0
12983484.735507889 0.0
12983463.750837907 0.0
12983442.76623576 0.0
12983421.781701442 0.0
12983400.797234956 0.0
12983379.812836306 0.0
12983358.828505486 0.0
12983337.844242498 0.0
12983316.86004734 0.0
12983295.875920014 0.0
12983274.891860519 0.0
12983253.907868853 0.0
12983232.923945017 0.0
12983211.940089012 0.0
12983190.956300834 0.0
12983169.972580489 0.0
12983148.988927968 0.0
12983128.005343275 0.0
12983107.021826413 0.0
12983086.038377378 0.0
12983065.05499617 0.0
12983044.07168279 0.0
12983023.088437235 0.0
12983002.105259506 0.0
12982981.122149605 0.0
12982960.139107527 0.0
12982939.156133277 0.0
12982918.17322685 0.0
12982897.190388247 0.0
12982876.207617473 0.0
12982855.224914517 0.0
12982834.242279388 0.0
12982813.259712081 0.0
12982792.277212597 0.0
12982771.294780938 0.0
12982750.312417101 0.0
12982729.330121081 0.0
12982708.347892888 0.0
12982687.365732513 0.0
12982666.383639963 0.0
12982645.401615232 0.0
12982624.41965832 0.0
12982603.437769229 0.0
12982582.455947958 0.0
12982561.474194506 0.0
12982540.492508873 0.0
12982519.51089106 0.0
12982498.529341063 0.0
12982477.547858886 0.0
12982456.566444525 0.0
12982435.585097982 0.0
12982414.603819257 0.0
12982393.622608347 0.0
12982372.641465258 0.0
12982351.66038998 0.0
12982330.67938252 0.0
12982309.698442873 0.0
12982288.717571044 0.0
12982267.73676703 0.0
12982246.75603083 0.0
12982225.775362443 0.0
12982204.79476187 0.0
12982183.81422911 0.0
12982162.833764164 0.0
12982141.85336703 0.0
12982120.87303771 0.0
12982099.8927762 0.0
12982078.912582505 0.0
12982057.93245662 0.0
12982036.952398544 0.0
12982015.972408282 0.0
12981994.992485829 0.0
12981974.012631187 0.0
12981953.032844355 0.0
12981932.053125331 0.0
12981911.073474117 0.0
12981890.093890712 0.0
12981869.114375114 0.0
12981848.134927327 0.0
12981827.155547347 0.0
12981806.176235173 0.0
12981785.196990808 0.0
12981764.217814248 0.0
12981743.238705495 0.0
12981722.25966455 0.0
12981701.28069141 0.0
12981680.301786076 0.0
12981659.322948547 0.0
12981638.344178822 0.0
12981617.3654769 0.0
12981596.386842785 0.0
12981575.408276476 0.0
12981554.429777967 0.0
12981533.451347262 0.0
12981512.47298436 0.0
12981491.494689262 0.0
12981470.516461965 0.0
12981449.53830247 0.0
12981428.560210776 0.0
12981407.582186883 0.0
12981386.604230795 0.0
12981365.626342503 0.0
12981344.648522012 0.0
12981323.670769323 0.0
12981302.693084432 0.0
12981281.715467343 0.0
12981260.737918051 0.0
12981239.760436557 0.0
12981218.783022862 0.0
12981197.805676965 0.0
12981176.828398865 0.0
12981155.851188563 0.0
12981134.874046057 0.0
12981113.89697135 0.0
12981092.91996444 0.0
12981071.943025323 0.0
12981050.966154002 0.0
12981029.989350477 0.0
12981009.012614748 0.0
12980988.035946814 0.0
12980967.059346674 0.0
12980946.082814328 0.0
12980925.106349774 0.0
12980904.129953014 0.0
12980883.153624048 0.0
12980862.177362876 0.0
12980841.201169495 0.0
12980820.225043906 0.0
12980799.248986108 0.0
12980778.272996103 0.0
12980757.297073888 0.0
12980736.321219465 0.0
12980715.345432831 0.0
12980694.36971399 0.0
12980673.394062936 0.0
12980652.418479672 0.0
12980631.442964196 0.0
12980610.46751651 0.0
12980589.492136614 0.0
12980568.516824504 0.0
12980547.541580183 0.0
12980526.566403648 0.0
12980505.591294903 0.0
12980484.616253942 0.0
12980463.64128077 0.0
12980442.666375382 0.0
12980421.69153778 0.0
12980400.716767967 0.0
12980379.742065934 0.0
12980358.76743169 0.0
12980337.792865228 0.0
12980316.81836655 0.0
12980295.84393566 0.0
12980274.86957255 0.0
12980253.89527722 0.0
12980232.921049679 0.0
12980211.946889916 0.0
12980190.97279794 0.0
12980169.998773744 0.0
12980149.024817329 0.0
12980128.050928695 0.0
12980107.077107841 0.0
12980086.103354769 0.0
12980065.129669478 0.0
12980044.156051965 0.0
12980023.182502232 0.0
12980002.209020281 0.0
12979981.235606106 0.0
12979960.26225971 0.0
12979939.288981093 0.0
12979918.315770254 0.0
12979897.342627194 0.0
12979876.369551908 0.0
12979855.396544402 0.0
12979834.423604669 0.0
12979813.450732715 0.0
12979792.477928538 0.0
12979771.505192136 0.0
12979750.53252351 0.0
12979729.559922656 0.0
12979708.587389579 0.0
12979687.614924274 0.0
12979666.642526746 0.0
12979645.67019699 0.0
12979624.697935008 0.0
12979603.7257408 0.0
12979582.753614364 0.0
12979561.7815557 0.0
12979540.809564807 0.0
12979519.837641686 0.0
12979498.86578634 0.0
12979477.89399876 0.0
12979456.922278954 0.0
12979435.950626917 0.0
12979414.979042651 0.0
12979394.007526154 0.0
12979373.036077427 0.0
12979352.064696468 0.0
12979331.09338328 0.0
12979310.122137861 0.0
12979289.150960205 0.0
12979268.179850321 0.0
12979247.208808202 0.0
12979226.237833852 0.0
12979205.26692727 0.0
12979184.296088453 0.0
12979163.325317403 0.0
12979142.354614116 0.0
12979121.383978596 0.0
12979100.413410842 0.0
12979079.442910854 0.0
12979058.472478628 0.0
12979037.502114167 0.0
12979016.53181747 0.0
12978995.561588537 0.0
12978974.591427365 0.0
12978953.621333959 0.0
12978932.651308313 0.0
12978911.681350432 0.0
12978890.711460311 0.0
12978869.741637949 0.0
12978848.771883352 0.0
12978827.802196514 0.0
12978806.832577439 0.0
12978785.863026122 0.0
12978764.893542565 0.0
12978743.924126768 0.0
12978722.95477873 0.0
12978701.985498453 0.0
12978681.016285932 0.0
12978660.04714117 0.0
12978639.078064166 0.0
12978618.109054921 0.0
12978597.14011343 0.0
12978576.171239698 0.0
12978555.202433722 0.0
12978534.233695503 0.0
12978513.26502504 0.0
12978492.296422333 0.0
12978471.32788738 0.0
12978450.359420182 0.0
12978429.39102074 0.0
12978408.422689052 0.0
12978387.454425117 0.0
12978366.486228937 0.0
12978345.51810051 0.0
12978324.550039835 0.0
12978303.582046913 0.0
12978282.614121743 0.0
12978261.646264326 0.0
12978240.678474661 0.0
12978219.710752748 0.0
12978198.743098585 0.0
12978177.77551217 0.0
12978156.807993507 0.0
12978135.840542596 0.0
12978114.873159435 0.0
12978093.905844022 0.0
12978072.938596359 0.0
12978051.971416444 0.0
12978031.004304275 0.0
12978010.037259858 0.0
12977989.070283186 0.0
12977968.103374263 0.0
12977947.136533087 0.0
12977926.16975966 0.0
12977905.203053974 0.0
12977884.236416036 0.0
12977863.269845845 0.0
12977842.303343398 0.0
12977821.3369087 0.0
12977800.370541744 0.0
12977779.404242532 0.0
12977758.438011063 0.0
12977737.47184734 0.0
12977716.505751362 0.0
12977695.539723124 0.0
12977674.573762631 0.0
12977653.60786988 0.0
12977632.64204487 0.0
12977611.676287603 0.0
12977590.710598078 0.0
12977569.744976291 0.0
12977548.779422248 0.0
12977527.813935947 0.0
12977506.848517383 0.0
12977485.883166559 0.0
