31145833333.33334 0.0
31135451388.888897 0.0
31125076363.43441 0.0
31114708250.055523 0.0
31104347041.847046 0.0
31093992731.91301 0.0
31083645313.366615 0.0
31073304779.33023 0.0
31062971122.93538 0.0
31052644337.322697 0.0
31042324415.641968 0.0
31032011351.05205 0.0
31021705136.720913 0.0
31011405765.825592 0.0
31001113231.55217 0.0
30990827527.09578 0.0
30980548645.660587 0.0
30970276580.459774 0.0
30960011324.715504 0.0
30949752871.65894 0.0
30939501214.5302 0.0
30929256346.578373 0.0
30919018261.061462 0.0
30908786951.24642 0.0
30898562410.409092 0.0
30888344631.834217 0.0
30878133608.81543 0.0
30867929334.655216 0.0
30857731802.66491 0.0
30847541006.164692 0.0
30837356938.48355 0.0
30827179592.959297 0.0
30817008962.938526 0.0
30806845041.77661 0.0
30796687822.837677 0.0
30786537299.494617 0.0
30776393465.129055 0.0
30766256313.13132 0.0
30756125836.900455 0.0
30746002029.844196 0.0
30735884885.378967 0.0
30725774396.92983 0.0
30715670557.93051 0.0
30705573361.823364 0.0
30695482802.059372 0.0
30685398872.098118 0.0
30675321565.407776 0.0
30665250875.4651 0.0
30655186795.75539 0.0
30645129319.772533 0.0
30635078441.018917 0.0
30625034153.005466 0.0
30614996449.251617 0.0
30604965323.285282 0.0
30594940768.642868 0.0
30584922778.869247 0.0
30574911347.51774 0.0
30564906468.150085 0.0
30554908134.3365 0.0
30544916339.655552 0.0
30534931077.69424 0.0
30524952342.047935 0.0
30514980126.320377 0.0
30505014424.123672 0.0
30495055229.078247 0.0
30485102534.812885 0.0
30475156334.964657 0.0
30465216623.17895 0.0
30455283393.109447 0.0
30445356638.418083 0.0
30435436352.775066 0.0
30425522529.85885 0.0
30415615163.35613 0.0
30405714246.96181 0.0
30395819774.379 0.0
30385931739.319027 0.0
30376050135.501358 0.0
30366174956.653664 0.0
30356306196.511757 0.0
30346443848.819588 0.0
30336587907.329224 0.0
30326738365.80087 0.0
30316895218.00282 0.0
30307058457.711445 0.0
30297228078.711216 0.0
30287404074.79464 0.0
30277586439.762295 0.0
30267775167.42277 0.0
30257970251.592705 0.0
30248171686.096725 0.0
30238379464.767456 0.0
30228593581.445526 0.0
30218814029.979515 0.0
30209040804.225964 0.0
30199273898.04936 0.0
30189513305.322132 0.0
30179759019.92461 0.0
30170011035.745052 0.0
30160269346.67959 0.0
30150533946.63224 0.0
30140804829.5149 0.0
30131081989.247314 0.0
30121365419.757072 0.0
30111655114.979588 0.0
30101951068.858097 0.0
30092253275.343647 0.0
30082561728.395065 0.0
30072876421.97897 0.0
30063197350.069736 0.0
30053524506.649506 0.0
30043857885.70816 0.0
30034197481.243305 0.0
30024543287.260265 0.0
30014895297.772064 0.0
30005253506.799446 0.0
29995617908.370804 0.0
29985988496.52221 0.0
29976365265.29739 0.0
29966748208.74773 0.0
29957137320.932224 0.0
29947532595.9175 0.0
29937934027.777782 0.0
29928341610.594894 0.0
29918755338.458256 0.0
29909175205.464836 0.0
29899601205.71917 0.0
29890033333.33334 0.0
29880471582.42696 0.0
29870915947.12718 0.0
29861366421.56863 0.0
29851822999.893475 0.0
29842285676.251335 0.0
29832754444.79932 0.0
29823229299.702003 0.0
29813710235.1314 0.0
29804197245.26697 0.0
29794690324.29559 0.0
29785189466.411568 0.0
29775694665.816605 0.0
29766205916.719784 0.0
29756723213.33758 0.0
29747246549.89385 0.0
29737775920.619762 0.0
29728311319.753876 0.0
29718852741.542057 0.0
29709400180.237488 0.0
29699953630.100693 0.0
29690513085.399452 0.0
29681078540.408863 0.0
29671649989.41127 0.0
29662227426.69631 0.0
29652810846.560852 0.0
29643400243.309006 0.0
29633995611.25212 0.0
29624596944.708744 0.0
29615204238.00465 0.0
29605817485.472797 0.0
29596436681.453323 0.0
29587061820.29353 0.0
29577692896.3479 0.0
29568329903.978054 0.0
29558972837.55275 0.0
29549621691.447857 0.0
29540276460.04639 0.0
29530937137.738438 0.0
29521603718.9212 0.0
29512276197.99895 0.0
29502954569.383034 0.0
29493638827.491844 0.0
29484328966.750843 0.0
29475024981.592514 0.0
29465726866.456364 0.0
29456434615.788925 0.0
29447148224.04372 0.0
29437867685.681274 0.0
29428592995.169086 0.0
29419324146.981632 0.0
29410061135.600338 0.0
29400803955.513588 0.0
29391552601.2167 0.0
29382307067.211918 0.0
29373067348.00839 0.0
29363833438.122185 0.0
29354605332.076267 0.0
29345383024.400463 0.0
29336166509.631496 0.0
29326955782.31293 0.0
29317750836.99519 0.0
29308551668.235542 0.0
29299358270.59808 0.0
29290170638.653713 0.0
29280988766.98015 0.0
29271812650.161915 0.0
29262642282.790314 0.0
29253477659.463413 0.0
29244318774.78606 0.0
29235165623.36985 0.0
29226018199.833126 0.0
29216876498.80096 0.0
29207740514.905155 0.0
29198610242.784206 0.0
29189485677.083336 0.0
29180366812.454445 0.0
29171253643.556118 0.0
29162146165.0536 0.0
29153044371.618813 0.0
29143948257.93032 0.0
29134857818.673325 0.0
29125773048.539658 0.0
29116693942.22777 0.0
29107620494.442715 0.0
29098552699.89616 0.0
29089490553.306347 0.0
29080434049.398098 0.0
29071383182.90279 0.0
29062337948.55839 0.0
29053298341.109386 0.0
29044264355.3068 0.0
29035235985.9082 0.0
29026213227.67765 0.0
29017196075.38573 0.0
29008184523.80953 0.0
28999178567.732594 0.0
28990178201.944965 0.0
28981183421.24315 0.0
28972194220.43011 0.0
28963210594.31525 0.0
28954232537.71441 0.0
28945260045.449852 0.0
28936293112.350273 0.0
28927331733.25075 0.0
28918375902.99278 0.0
28909425616.42423 0.0
28900480868.39934 0.0
28891541653.778744 0.0
28882607967.4294 0.0
28873679804.22463 0.0
28864757159.04409 0.0
28855840026.773766 0.0
28846928402.305954 0.0
28838022280.539265 0.0
28829121656.378605 0.0
28820226524.73517 0.0
28811336880.526424 0.0
28802452718.676125 0.0
28793574034.11427 0.0
28784700821.777096 0.0
28775833076.60711 0.0
28766970793.55303 0.0
28758113967.56979 0.0
28749262593.618553 0.0
28740416666.666668 0.0
28731576181.68769 0.0
28722741133.66134 0.0
28713911517.573524 0.0
28705087328.41631 0.0
28696268561.187916 0.0
28687455210.89271 0.0
28678647272.5412 0.0
28669844741.149994 0.0
28661047611.741848 0.0
28652255879.345608 0.0
28643469538.99622 0.0
28634688585.734726 0.0
28625913014.60824 0.0
28617142820.669937 0.0
28608377998.979073 0.0
28599618544.60094 0.0
28590864452.60688 0.0
28582115718.07426 0.0
28573372336.08647 0.0
28564634301.73293 0.0
28555901610.10904 0.0
28547174256.316223 0.0
28538452235.46186 0.0
28529735542.659336 0.0
28521024173.027992 0.0
28512318121.693127 0.0
28503617383.785988 0.0
28494921954.443768 0.0
28486231828.8096 0.0
28477547002.03252 0.0
28468867469.2675 0.0
28460193225.675407 0.0
28451524266.42299 0.0
28442860586.682907 0.0
28434202181.63369 0.0
28425549046.459732 0.0
28416901176.351284 0.0
28408258566.504463 0.0
28399621212.121216 0.0
28390989108.40933 0.0
28382362250.5824 0.0
28373740633.859863 0.0
28365124253.46695 0.0
28356513104.634693 0.0
28347907182.599903 0.0
28339306482.60518 0.0
28330710999.8989 0.0
28322120729.735195 0.0
28313535667.373955 0.0
28304955808.08081 0.0
28296381147.127132 0.0
28287811679.790028 0.0
28279247401.35231 0.0
28270688307.102505 0.0
28262134392.33485 0.0
28253585652.349262 0.0
28245042082.451366 0.0
28236503677.952442 0.0
28227970434.16944 0.0
28219442346.42498 0.0
28210919410.047318 0.0
28202401620.370373 0.0
28193888972.733677 0.0
28185381462.482403 0.0
28176879084.967323 0.0
28168381835.544838 0.0
28159889709.57693 0.0
28151402702.431187 0.0
28142920809.48077 0.0
28134444026.10442 0.0
28125972347.686443 0.0
28117505769.616703 0.0
28109044287.290604 0.0
28100587896.109108 0.0
28092136591.4787 0.0
28083690368.811386 0.0
28075249223.5247 0.0
28066813151.04167 0.0
28058382146.790833 0.0
28049956206.206207 0.0
28041535324.727314 0.0
28033119497.799126 0.0
28024708720.87209 0.0
28016302989.402122 0.0
28007902298.85058 0.0
27999506644.684254 0.0
27991116022.375393 0.0
27982730427.40164 0.0
27974349855.246082 0.0
27965974301.39721 0.0
27957603761.348904 0.0
27949238230.600445 0.0
27940877704.656498 0.0
27932522179.027115 0.0
27924171649.227707 0.0
27915826110.77904 0.0
27907485559.207253 0.0
27899149990.04381 0.0
27890819398.82552 0.0
27882493781.094532 0.0
27874173132.398296 0.0
27865857448.289577 0.0
27857546724.326477 0.0
27849240956.072353 0.0
27840940139.095882 0.0
27832644268.971 0.0
27824353341.276936 0.0
27816067351.59818 0.0
27807786295.524464 0.0
27799510168.6508 0.0
27791238966.57741 0.0
27782972684.909775 0.0
27774711319.258602 0.0
27766454865.2398 0.0
27758203318.474495 0.0
27749956674.589027 0.0
27741714929.21493 0.0
27733478077.988922 0.0
27725246116.552887 0.0
27717019040.55391 0.0
27708796845.644222 0.0
27700579527.48122 0.0
27692367081.727448 0.0
27684159504.050587 0.0
27675956790.123455 0.0
27667758935.624016 0.0
27659565936.23532 0.0
27651377787.64555 0.0
27643194485.547997 0.0
27635016025.64103 0.0
27626842403.62812 0.0
27618673615.217823 0.0
27610509656.12376 0.0
27602350522.06462 0.0
27594196208.764156 0.0
27586046711.951176 0.0
27577902027.359516 0.0
27569762150.72806 0.0
27561627077.800728 0.0
27553496804.326454 0.0
27545371326.059177 0.0
27537250638.757866 0.0
27529134738.186466 0.0
27521023620.11393 0.0
27512917280.31419 0.0
27504815714.56616 0.0
27496718918.65372 0.0
27488626888.365704 0.0
27480539619.495934 0.0
27472457107.84314 0.0
27464379349.211018 0.0
27456306339.408195 0.0
27448238074.248215 0.0
27440174549.54955 0.0
27432115761.135586 0.0
27424061704.83461 0.0
27416012376.479797 0.0
27407967771.909233 0.0
27399927886.965878 0.0
27391892717.497562 0.0
27383862259.356987 0.0
27375836508.401722 0.0
27367815460.494194 0.0
27359799111.501663 0.0
27351787457.296246 0.0
27343780493.754883 0.0
27335778216.759342 0.0
27327780622.196217 0.0
27319787705.956913 0.0
27311799463.937626 0.0
27303815892.039364 0.0
27295836986.167934 0.0
27287862742.233913 0.0
27279893156.15265 0.0
27271928223.844288 0.0
27263967941.233707 0.0
27256012304.25056 0.0
27248061308.82925 0.0
27240114950.90892 0.0
27232173226.433434 0.0
27224236131.351406 0.0
27216303661.616165 0.0
27208375813.185753 0.0
27200452582.02291 0.0
27192533964.0951 0.0
27184619955.37447 0.0
27176710551.837845 0.0
27168805749.466747 0.0
27160905544.247364 0.0
27153009932.170544 0.0
27145118909.231815 0.0
27137232471.431343 0.0
27129350614.77394 0.0
27121473335.269066 0.0
27113600628.93082 0.0
27105732491.777912 0.0
27097868919.833675 0.0
27090009909.12607 0.0
27082155455.68764 0.0
27074305555.555557 0.0
27066460204.77157 0.0
27058619399.382004 0.0
27050783135.437786 0.0
27042951408.994404 0.0
27035124216.11192 0.0
27027301552.85494 0.0
27019483415.292645 0.0
27011669799.49875 0.0
27003860701.55151 0.0
26996056117.533722 0.0
26988256043.5327 0.0
26980460475.64029 0.0
26972669409.952835 0.0
26964882842.57121 0.0
26957100769.600773 0.0
26949323187.15138 0.0
26941550091.337376 0.0
26933781478.277588 0.0
26926017344.09532 0.0
26918257684.91835 0.0
26910502496.878906 0.0
26902751776.113674 0.0
26895005518.763798 0.0
26887263720.974865 0.0
26879526378.89689 0.0
26871793488.684315 0.0
26864065046.49602 0.0
26856341048.495308 0.0
26848621490.84986 0.0
26840906369.731804 0.0
26833195681.31763 0.0
26825489421.788246 0.0
26817787587.328934 0.0
26810090174.129356 0.0
26802397178.383553 0.0
26794708596.28992 0.0
26787024424.05124 0.0
26779344657.87462 0.0
26771669293.97153 0.0
26763998328.55779 0.0
26756331757.85353 0.0
26748669578.08324 0.0
26741011785.475716 0.0
26733358376.264076 0.0
26725709346.68574 0.0
26718064692.982456 0.0
26710424411.40025 0.0
26702788498.189445 0.0
26695156949.604652 0.0
26687529761.904762 0.0
26679906931.352947 0.0
26672288454.21664 0.0
26664674326.767536 0.0
26657064545.281586 0.0
26649459106.038994 0.0
26641858005.324207 0.0
26634261239.425915 0.0
26626668804.637024 0.0
26619080697.25468 0.0
26611496913.58025 0.0
26603917449.919304 0.0
26596342302.581627 0.0
26588771467.881207 0.0
26581204942.136215 0.0
26573642721.669037 0.0
26566084802.80622 0.0
26558531181.878498 0.0
26550981855.220768 0.0
26543436819.172115 0.0
26535896070.07576 0.0
26528359604.279087 0.0
26520827418.13364 0.0
26513299507.995083 0.0
26505775870.223236 0.0
26498256501.182034 0.0
26490741397.23956 0.0
26483230554.767982 0.0
26475723970.143612 0.0
26468221639.74686 0.0
26460723559.96223 0.0
26453229727.17833 0.0
26445740137.787846 0.0
26438254788.18757 0.0
26430773674.778343 0.0
26423296793.965115 0.0
26415824142.156868 0.0
26408355715.76666 0.0
26400891511.21161 0.0
26393431524.91288 0.0
26385975753.29567 0.0
26378524192.789234 0.0
26371076839.826843 0.0
26363633690.845802 0.0
26356194742.287437 0.0
26348759990.597088 0.0
26341329432.224106 0.0
26333903063.62184 0.0
26326480881.247654 0.0
26319062881.562885 0.0
26311649061.03287 0.0
26304239416.126915 0.0
26296833943.31832 0.0
26289432639.084343 0.0
26282035499.90621 0.0
26274642522.269104 0.0
26267253702.66217 0.0
26259869037.578484 0.0
26252488523.515087 0.0
26245112156.97294 0.0
26237739934.45693 0.0
26230371852.4759 0.0
26223007907.542583 0.0
26215648096.17364 0.0
26208292414.88964 0.0
26200940860.215054 0.0
26193593428.678257 0.0
26186250116.811516 0.0
26178910921.150974 0.0
26171575838.23667 0.0
26164244864.61251 0.0
26156917996.826286 0.0
26149595231.42964 0.0
26142276564.978077 0.0
26134961994.030964 0.0
26127651515.151516 0.0
26120345124.90679 0.0
26113042819.867676 0.0
26105744596.608906 0.0
26098450451.70904 0.0
26091160381.750465 0.0
26083874383.319374 0.0
26076592453.005775 0.0
26069314587.40348 0.0
26062040783.11012 0.0
26054771036.727108 0.0
26047505344.859642 0.0
26040243704.116722 0.0
26032986111.111115 0.0
26025732562.45937 0.0
26018483054.781803 0.0
26011237584.7025 0.0
26003996148.849293 0.0
25996758743.85379 0.0
25989525366.35133 0.0
25982296012.980995 0.0
25975070680.385616 0.0
25967849365.21175 0.0
25960632064.10969 0.0
25953418773.733444 0.0
25946209490.74074 0.0
25939004211.793022 0.0
25931802933.555435 0.0
25924605652.696827 0.0
25917412365.889755 0.0
25910223069.81045 0.0
25903037761.138844 0.0
25895856436.558544 0.0
25888679092.75684 0.0
25881505726.424683 0.0
25874336334.2567 0.0
25867170912.951168 0.0
25860009459.21004 0.0
25852851969.738907 0.0
25845698441.247005 0.0
25838548870.447212 0.0
25831403254.05605 0.0
25824261588.793663 0.0
25817123871.383823 0.0
25809990098.553932 0.0
25802860267.034992 0.0
25795734373.561634 0.0
25788612414.872078 0.0
25781494387.708164 0.0
25774380288.81531 0.0
25767270114.942528 0.0
25760163862.842434 0.0
25753061529.27121 0.0
25745963110.988613 0.0
25738868604.75797 0.0
25731778007.34619 0.0
25724691315.52373 0.0
25717608526.064613 0.0
25710529635.746403 0.0
25703454641.350212 0.0
25696383539.660706 0.0
25689316327.466084 0.0
25682253001.558064 0.0
25675193558.731907 0.0
25668137995.78639 0.0
25661086309.52381 0.0
25654038496.74998 0.0
25646994554.27421 0.0
25639954478.909325 0.0
25632918267.47164 0.0
25625885916.78098 0.0
25618857423.660637 0.0
25611832784.937397 0.0
25604811997.44152 0.0
25597795058.00676 0.0
25590781963.47032 0.0
25583772710.67288 0.0
25576767296.45856 0.0
25569765717.674973 0.0
25562767971.17315 0.0
25555774053.80757 0.0
25548783962.43618 0.0
25541797693.920334 0.0
25534815245.12484 0.0
25527836612.917923 0.0
25520861794.171223 0.0
25513890785.75981 0.0
25506923584.562172 0.0
25499960187.46019 0.0
25493000591.339157 0.0
25486044793.08777 0.0
25479092789.59811 0.0
25472144577.76566 0.0
25465200154.489277 0.0
25458259516.67121 0.0
25451322661.217075 0.0
25444389585.035866 0.0
25437460285.039944 0.0
25430534758.145027 0.0
25423613001.270187 0.0
25416695011.337868 0.0
25409780785.27385 0.0
25402870320.00725 0.0
25395963612.470547 0.0
25389060659.599533 0.0
25382161458.333336 0.0
25375266005.614418 0.0
25368374298.38856 0.0
25361486333.60485 0.0
25354602108.21571 0.0
25347721619.176846 0.0
25340844863.44728 0.0
25333971837.989334 0.0
25327102539.768623 0.0
25320236965.754044 0.0
25313375112.917797 0.0
25306516978.235348 0.0
25299662558.685448 0.0
25292811851.25012 0.0
25285964852.914635 0.0
25279121560.667572 0.0
25272281971.50072 0.0
25265446082.409164 0.0
25258613890.391205 0.0
25251785392.44841 0.0
25244960585.585587 0.0
25238139466.810776 0.0
25231322033.135246 0.0
25224508281.573498 0.0
25217698209.14327 0.0
25210891812.8655 0.0
25204089089.76435 0.0
25197290036.86719 0.0
25190494651.204605 0.0
25183702929.81037 0.0
25176914869.721474 0.0
25170130467.978085 0.0
25163349721.623566 0.0
25156572627.70446 0.0
25149799183.270508 0.0
25143029385.37461 0.0
25136263231.07284 0.0
25129500717.424446 0.0
25122741841.491844 0.0
25115986600.340595 0.0
25109234991.03943 0.0
25102487010.66022 0.0
25095742656.277985 0.0
25089001924.9709 0.0
25082264813.820267 0.0
25075531319.91052 0.0
25068801440.329216 0.0
25062075172.16707 0.0
25055352512.517887 0.0
25048633458.478592 0.0
25041918007.149242 0.0
25035206155.632988 0.0
25028497901.036087 0.0
25021793240.4679 0.0
25015092171.04089 0.0
25008394689.870594 0.0
25001700794.07566 0.0
24995010480.77781 0.0
24988323747.10184 0.0
24981640590.17563 0.0
24974961007.130127 0.0
24968284995.09935 0.0
24961612551.220383 0.0
24954943672.63336 0.0
24948278356.481487 0.0
24941616599.910995 0.0
24934958400.07119 0.0
24928303754.114407 0.0
24921652659.19602 0.0
24915005112.474438 1.0
24908361111.11111 1.0
24901720652.270508 1.0
24895083733.120113 1.0
24888450350.83045 1.0
24881820502.57503 1.0
24875194185.530403 1.0
24868571396.87611 1.0
24861952133.794697 1.0
24855336393.471706 1.0
24848724173.09568 1.0
24842115469.85816 1.0
24835510280.953648 1.0
24828908603.57966 1.0
24822310434.936665 1.0
24815715772.228127 1.0
24809124612.66047 1.0
24802536953.44309 1.0
24795952791.78834 1.0
24789372124.911533 1.0
24782794950.030956 1.0
24776221264.367817 1.0
24769651065.146297 1.0
24763084349.5935 1.0
24756521114.939484 1.0
24749961358.41724 1.0
24743405077.262695 1.0
24736852268.71469 1.0
24730302930.015003 1.0
24723757058.40833 1.0
24717214651.14228 1.0
24710675705.467377 1.0
24704140218.637047 1.0
24697608187.907635 1.0
24691079610.538376 1.0
24684554483.791405 1.0
24678032804.93175 1.0
24671514571.22733 1.0
24664999779.948948 1.0
24658488428.370293 1.0
24651980513.76793 1.0
24645476033.421288 1.0
24638974984.61268 1.0
24632477364.627285 1.0
24625983170.753143 1.0
24619492400.281147 1.0
24613005050.505054 1.0
24606521118.721462 1.0
24600040602.229836 1.0
24593563498.33246 1.0
24587089804.334476 1.0
24580619517.543858 1.0
24574152635.27142 1.0
24567689154.83079 1.0
24561229073.538437 1.0
24554772388.71364 1.0
24548319097.678493 1.0
24541869197.757927 1.0
24535422686.27966 1.0
24528979560.57423 1.0
24522539817.97497 1.0
24516103455.818024 1.0
24509670471.442318 1.0
24503240862.18958 1.0
24496814625.40432 1.0
24490391758.43384 1.0
24483972258.628223 1.0
24477556123.340324 1.0
24471143349.925774 1.0
24464733935.742973 1.0
24458327878.153095 1.0
24451925174.52007 1.0
24445525822.210594 1.0
24439129818.59411 1.0
24432737161.042812 1.0
24426347846.93166 1.0
24419961873.638348 1.0
24413579238.5433 1.0
24407199939.029705 1.0
24400823972.483456 1.0
24394451336.2932 1.0
24388082027.850304 1.0
24381716044.54886 1.0
24375353383.785667 1.0
24368994042.96026 1.0
24362638019.474876 1.0
24356285310.734467 1.0
24349935914.146687 1.0
24343589827.121883 1.0
24337247047.07313 1.0
24330907571.41617 1.0
24324571397.569447 1.0
24318238522.954094 1.0
24311908944.993927 1.0
24305582661.115448 1.0
24299259668.747833 1.0
24292939965.322933 1.0
24286623548.275265 1.0
24280310415.042027 1.0
24274000563.063065 1.0
24267693989.7809 1.0
24261390692.640694 1.0
24255090669.09028 1.0
24248793916.58013 1.0
24242500432.56337 1.0
24236210214.495766 1.0
24229923259.835716 1.0
24223639566.04426 1.0
24217359130.585083 1.0
24211081950.924488 1.0
24204808024.5314 1.0
24198537348.877377 1.0
24192269921.43659 1.0
24186005739.68583 1.0
24179744801.104496 1.0
24173487103.174606 1.0
24167232643.380768 1.0
24160981419.21021 1.0
24154733428.15275 1.0
24148488667.700798 1.0
24142247135.34936 1.0
24136008828.59604 1.0
24129773744.941017 1.0
24123541881.887054 1.0
24117313236.9395 1.0
24111087807.606266 1.0
24104865591.397854 1.0
24098646585.827316 1.0
24092430788.410286 1.0
24086218196.664948 1.0
24080008808.112057 1.0
24073802620.274914 1.0
24067599630.679382 1.0
24061399836.853855 1.0
24055203236.3293 1.0
24049009826.639206 1.0
24042819605.319607 1.0
24036632569.909077 1.0
24030448717.948723 1.0
24024268046.98217 1.0
24018090554.555584 1.0
24011916238.217655 1.0
24005745095.519577 1.0
23999577124.015076 1.0
23993412321.260384 1.0
23987250684.814247 1.0
23981092212.237915 1.0
23974936901.095142 1.0
23968784748.952187 1.0
23962635753.3778 1.0
23956489911.943233 1.0
23950347222.222225 1.0
23944207681.790997 1.0
23938071288.22826 1.0
23931938039.11521 1.0
23925807932.03552 1.0
23919680964.575333 1.0
23913557134.323265 1.0
23907436438.870407 1.0
23901318875.810307 1.0
23895204442.738983 1.0
23889093137.2549 1.0
23882984956.959003 1.0
23876879899.45467 1.0
23870777962.347733 1.0
23864679143.246468 1.0
23858583439.761604 1.0
23852490849.506298 1.0
23846401370.09616 1.0
23840314999.149227 1.0
23834231734.28596 1.0
23828151573.129253 1.0
23822074513.304432 1.0
23816000552.439236 1.0
23809929688.163822 1.0
23803861918.11077 1.0
23797797239.915073 1.0
23791735651.21413 1.0
23785677149.64774 1.0
23779621732.858116 1.0
23773569398.48986 1.0
23767520144.18999 1.0
23761473967.607903 1.0
23755430866.39539 1.0
23749390838.20663 1.0
23743353880.69819 1.0
23737319991.52902 1.0
23731289168.36043 1.0
23725261408.85615 1.0
23719236710.682243 1.0
23713215071.507153 1.0
23707196489.001694 1.0
23701180960.839046 1.0
23695168484.69474 1.0
23689159058.246685 1.0
23683152679.175117 1.0
23677149345.162655 1.0
23671149053.89424 1.0
23665151803.05718 1.0
23659157590.341103 1.0
23653166413.438 1.0
23647178270.042194 1.0
23641193157.850334 1.0
23635211074.561405 1.0
23629232017.87672 1.0
23623255985.49992 1.0
23617282975.136955 1.0
23611312984.496124 1.0
23605346011.288013 1.0
23599382053.225536 1.0
23593421108.023914 1.0
23587463173.400677 1.0
23581508247.07566 1.0
23575556326.77099 1.0
23569607410.21112 1.0
23563661495.122772 1.0
23557718579.234974 1.0
23551778660.27904 1.0
23545841735.988575 1.0
23539907804.09946 1.0
23533976862.34988 1.0
23528048908.48027 1.0
23522123940.23336 1.0
23516201955.35415 1.0
23510282951.5899 1.0
23504366926.69016 1.0
23498453878.406708 1.0
23492543804.49363 1.0
23486636702.707233 1.0
23480732570.806103 1.0
23474831406.551064 1.0
23468933207.705193 1.0
23463037972.033825 1.0
23457145697.30454 1.0
23451256381.28714 1.0
23445370021.753685 1.0
23439486616.478462 1.0
23433606163.238003 1.0
23427728659.811058 1.0
23421854103.978607 1.0
23415982493.523857 1.0
23410113826.232246 1.0
23404248099.891422 1.0
23398385312.291252 1.0
23392525461.22381 1.0
23386668544.48339 1.0
23380814559.8665 1.0
23374963505.17184 1.0
23369115378.200317 1.0
23363270176.755047 1.0
23357427898.64133 1.0
23351588541.66667 1.0
23345752103.640762 1.0
23339918582.37548 1.0
23334087975.684906 1.0
23328260281.385284 1.0
23322435497.29505 1.0
23316613621.234814 1.0
23310794651.02737 1.0
23304978584.49767 1.0
23299165419.472855 1.0
23293355153.78221 1.0
23287547785.257214 1.0
23281743311.731476 1.0
23275941731.040787 1.0
23270143041.02309 1.0
23264347239.518475 1.0
23258554324.36919 1.0
23252764293.419636 1.0
23246977144.516346 1.0
23241192875.508003 1.0
23235411484.245438 1.0
23229632968.581615 1.0
23223857326.371624 1.0
23218084555.4727 1.0
23212314653.744205 1.0
23206547619.047623 1.0
23200783449.246567 1.0
23195022142.206776 1.0
23189263695.796093 1.0
23183508107.884506 1.0
23177755376.34409 1.0
23172005499.049038 1.0
23166258473.87566 1.0
23160514298.70237 1.0
23154772971.409683 1.0
23149034489.88022 1.0
23143298851.99868 1.0
23137566055.65189 1.0
23131836098.72875 1.0
23126108979.12025 1.0
23120384694.719475 1.0
23114663243.421597 1.0
23108944623.123867 1.0
23103228831.72562 1.0
23097515867.128258 1.0
23091805727.235268 1.0
23086098409.952213 1.0
23080393913.18672 1.0
23074692234.848488 1.0
23068993372.849266 1.0
23063297325.102882 1.0
23057604089.525223 1.0
23051913664.034225 1.0
23046226046.549885 1.0
23040541234.994244 1.0
23034859227.29141 1.0
23029180021.367523 1.0
23023503615.150772 1.0
23017830006.57138 1.0
23012159193.56163 1.0
23006491174.05583 1.0
23000825945.990314 1.0
22995163507.303467 1.0
22989503855.93568 1.0
22983846989.8294 1.0
22978192906.929073 1.0
22972541605.181183 1.0
22966893082.534218 1.0
22961247336.93871 1.0
22955604366.34718 1.0
22949964168.714172 1.0
22944326741.99623 1.0
22938692084.15193 1.0
22933060193.141827 1.0
22927431066.92849 1.0
22921804703.476486 1.0
22916181100.752377 1.0
22910560256.724716 1.0
22904942169.36407 1.0
22899326836.64297 1.0
22893714256.53595 1.0
22888104427.019524 1.0
22882497346.07219 1.0
22876893011.674423 1.0
22871291421.80868 1.0
22865692574.459404 1.0
22860096467.612988 1.0
22854503099.25781 1.0
22848912467.384216 1.0
22843324569.984512 1.0
22837739405.05298 1.0
22832156970.585842 1.0
22826577264.581303 1.0
22821000285.039497 1.0
22815426029.962547 1.0
22809854497.3545 1.0
22804285685.221355 1.0
22798719591.571068 1.0
22793156214.413536 1.0
22787595551.760593 1.0
22782037601.62602 1.0
22776482362.025524 1.0
22770929830.97676 1.0
22765380006.499313 1.0
22759832886.61469 1.0
22754288469.34633 1.0
22748746752.719597 1.0
22743207734.76179 1.0
22737671413.502113 1.0
22732137786.97169 1.0
22726606853.203568 1.0
22721078610.232708 1.0
22715553056.095978 1.0
22710030188.83216 1.0
22704510006.481934 1.0
22698992507.08789 1.0
22693477688.694527 1.0
22687965549.348236 1.0
22682456087.0973 1.0
22676949299.991905 1.0
22671445186.084145 1.0
22665943743.42797 1.0
22660444970.079254 1.0
22654948864.095722 1.0
22649455423.537018 1.0
22643964646.464645 1.0
22638476530.941994 1.0
22632991075.03433 1.0
22627508276.80879 1.0
22622028134.334385 1.0
22616550645.682007 1.0
22611075808.924397 1.0
22605603622.136173 1.0
22600134083.39382 1.0
22594667190.775684 1.0
22589202942.361954 1.0
22583741336.234688 1.0
22578282370.477802 1.0
22572826043.17706 1.0
22567372352.42007 1.0
22561921296.2963 1.0
22556472872.89705 1.0
22551027080.315468 1.0
22545583916.646557 1.0
22540143379.987133 1.0
22534705468.435867 1.0
22529270180.093266 1.0
22523837513.061653 1.0
22518407465.445198 1.0
22512980035.34988 1.0
22507555220.883533 1.0
22502133020.15579 1.0
22496713431.2781 1.0
22491296452.363754 1.0
22485882081.527847 1.0
22480470316.887287 1.0
22475061156.5608 1.0
22469654598.668915 1.0
22464250641.333977 1.0
22458849282.680134 1.0
22453450520.833336 1.0
22448054353.921333 1.0
22442660780.07368 1.0
22437269797.42173 1.0
22431881404.098625 1.0
22426495598.239296 1.0
22421112377.980476 1.0
22415731741.460686 1.0
22410353686.82022 1.0
22404978212.20117 1.0
22399605315.747406 1.0
22394234995.604572 1.0
22388867249.920105 1.0
22383502076.8432 1.0
22378139474.524837 1.0
22372779441.117764 1.0
22367421974.7765 1.0
22362067073.65733 1.0
22356714735.918304 1.0
22351364959.71923 1.0
22346017743.22169 1.0
22340673084.589016 1.0
22335330981.986294 1.0
22329991433.580368 1.0
22324654437.539833 1.0
22319319992.035046 1.0
22313988095.2381 1.0
22308658745.322826 1.0
22303331940.46482 1.0
22298007678.841408 1.0
22292685958.631664 1.0
22287366778.016384 1.0
22282050135.17812 1.0
22276736028.30114 1.0
22271424455.571453 1.0
22266115415.1768 1.0
22260808905.306644 1.0
22255504924.152172 1.0
22250203469.906307 1.0
22244904540.763676 1.0
22239608134.920635 1.0
22234314250.57526 1.0
22229022885.927334 1.0
22223734039.178368 1.0
22218447708.53156 1.0
22213163892.191833 1.0
22207882588.36583 1.0
22202603795.261868 1.0
22197327511.089993 1.0
22192053734.061935 1.0
22186782462.391132 1.0
22181513694.29273 1.0
22176247427.98354 1.0
22170983661.6821 1.0
22165722393.608604 1.0
22160463621.98497 1.0
22155207345.03479 1.0
22149953560.983322 1.0
22144702268.05753 1.0
22139453464.486057 1.0
22134207148.49921 1.0
22128963318.328995 1.0
22123721972.20907 1.0
22118483108.37477 1.0
22113246725.063133 1.0
22108012820.51282 1.0
22102781392.964195 1.0
22097552440.659252 1.0
22092325961.841686 1.0
22087101954.75684 1.0
22081880417.651695 1.0
22076661348.774918 1.0
22071444746.376812 1.0
22066230608.709347 1.0
22061018934.026142 1.0
22055809720.58245 1.0
22050602966.635193 1.0
22045398670.442924 1.0
22040196830.26585 1.0
22034997444.365814 1.0
22029800511.006287 1.0
22024606028.45241 1.0
22019413994.970924 1.0
22014224408.83023 1.0
22009037268.30035 1.0
22003852571.652927 1.0
21998670317.16125 1.0
21993490503.10023 1.0
21988313127.746395 1.0
21983138189.377895 1.0
21977965686.27451 1.0
21972795616.717636 1.0
21967627978.990284 1.0
21962462771.377064 1.0
21957299992.164238 1.0
21952139639.63964 1.0
21946981712.09273 1.0
21941826207.814583 1.0
21936673125.097855 1.0
21931522462.236835 1.0
21926374217.52739 1.0
21921228389.267 1.0
21916084975.754734 1.0
21910943975.291267 1.0
21905805386.17886 1.0
21900669206.72138 1.0
21895535435.22425 1.0
21890404069.994534 1.0
21885275109.34083 1.0
21880148551.573357 1.0
21875024395.003906 1.0
21869902637.94584 1.0
21864783278.71411 1.0
21859666315.625248 1.0
21854551746.99735 1.0
21849439571.150097 1.0
21844329786.40474 1.0
21839222391.084095 1.0
21834117383.512547 1.0
21829014762.016045 1.0
21823914524.92212 1.0
21818816670.559837 1.0
21813721197.25985 1.0
21808628103.354347 1.0
21803537387.177094 1.0
21798449047.063404 1.0
21793363081.350136 1.0
21788279488.37571 1.0
21783198266.4801 1.0
21778119414.004818 1.0
21773042929.29293 1.0
21767968810.68904 1.0
21762897056.5393 1.0
21757827665.191395 1.0
21752760634.994564 1.0
21747695964.299576 1.0
21742633651.45872 1.0
21737573694.825848 1.0
21732516092.756325 1.0
21727460843.607044 1.0
21722407945.73644 1.0
21717357397.504456 1.0
21712309197.272587 1.0
21707263343.403828 1.0
21702219834.262703 1.0
21697178668.21526 1.0
21692139843.629044 1.0
21687103358.87315 1.0
21682069212.31817 1.0
21677037402.336197 1.0
21672007927.300854 1.0
21666980785.58726 1.0
21661955975.57205 1.0
21656933495.63336 1.0
21651913344.150826 1.0
21646895519.5056 1.0
21641880020.080322 1.0
21636866844.259132 1.0
21631855990.427673 1.0
21626847456.973064 1.0
21621841242.283947 1.0
21616837344.750446 1.0
21611835762.764153 1.0
21606836494.718178 1.0
21601839539.007095 1.0
21596844894.026978 1.0
21591852558.175377 1.0
21586862529.851322 1.0
21581874807.455334 1.0
21576889389.389393 1.0
21571906274.05697 1.0
21566925459.863007 1.0
21561946945.21391 1.0
21556970728.517582 1.0
21551996808.183357 1.0
21547025182.622066 1.0
21542055850.246006 1.0
21537088809.468914 1.0
21532124058.70601 1.0
21527161596.373978 1.0
21522201420.890934 1.0
21517243530.6765 1.0
21512287924.1517 1.0
21507334599.739044 1.0
21502383555.862495 1.0
21497434790.94745 1.0
21492488303.420773 1.0
21487544091.71076 1.0
21482602154.24716 1.0
21477662489.46118 1.0
21472725095.785442 1.0
21467789971.65403 1.0
21462857115.502457 1.0
21457926525.76767 1.0
21452998200.888073 1.0
21448072139.303482 1.0
21443148339.455162 1.0
21438226799.78579 1.0
21433307518.73948 1.0
21428390494.761795 1.0
21423475726.299694 1.0
21418563211.80158 1.0
21413652949.71726 1.0
21408744938.49798 1.0
21403839176.5964 1.0
21398935662.466595 1.0
21394034394.564053 1.0
21389135371.3457 1.0
21384238591.26984 1.0
21379344052.79622 1.0
21374451754.385967 1.0
21369561694.501637 1.0
21364673871.607197 1.0
21359788284.168 1.0
21354904930.650818 1.0
21350023809.52381 1.0
21345144919.25655 1.0
21340268258.32001 1.0
21335393825.186543 1.0
21330521618.32991 1.0
21325651636.225266 1.0
21320783877.34916 1.0
21315918340.179527 1.0
21311055023.195683 1.0
21306193924.878345 1.0
21301335043.709618 1.0
21296478378.172974 1.0
21291623926.75329 1.0
21286771687.9368 1.0
21281921660.211136 1.0
21277073842.065304 1.0
21272228231.989677 1.0
21267384828.476017 1.0
21262543630.017452 1.0
21257704635.108482 1.0
21252867842.24498 1.0
21248033249.924175 1.0
21243200856.644684 1.0
21238370660.90647 1.0
21233542661.21088 1.0
21228716856.060608 1.0
21223893243.959705 1.0
21219071823.413605 1.0
21214252592.929066 1.0
21209435551.014233 1.0
21204620696.178585 1.0
21199808026.932972 1.0
21194997541.78958 1.0
21190189239.26195 1.0
21185383117.864975 1.0
21180579176.11489 1.0
21175777412.52928 1.0
21170977825.627075 1.0
21166180413.928547 1.0
21161385175.955296 1.0
21156592110.230278 1.0
21151801215.277782 1.0
21147012489.62343 1.0
21142225931.794174 1.0
21137441540.31832 1.0
21132659313.725494 1.0
21127879250.546635 1.0
21123101349.314037 1.0
21118325608.56131 1.0
21113552026.823387 1.0
21108780602.636536 1.0
21104011334.538334 1.0
21099244221.06769 1.0
21094479260.76483 1.0
21089716452.1713 1.0
21084955793.82995 1.0
21080197284.28496 1.0
21075440922.08183 1.0
21070686705.767353 1.0
21065934633.88964 1.0
21061184704.998123 1.0
21056436917.64352 1.0
21051691270.37788 1.0
21046947761.754547 1.0
21042206390.32815 1.0
21037467154.654655 1.0
21032730053.291306 1.0
21027995084.79664 1.0
21023262247.73052 1.0
21018531540.654064 1.0
21013802962.129734 1.0
21009076510.72125 1.0
21004352184.99363 1.0
20999629983.513195 1.0
20994909904.84753 1.0
20990191947.56554 1.0
20985476110.2374 1.0
20980762391.434563 1.0
20976050789.729774 1.0
20971341303.697056 1.0
20966633931.911713 1.0
20961928672.950333 1.0
20957225525.39077 1.0
20952524487.812176 1.0
20947825558.79495 1.0
20943128736.920776 1.0
20938434020.772625 1.0
20933741408.934708 1.0
20929050899.992527 1.0
20924362492.532856 1.0
20919676185.14371 1.0
20914991976.414394 1.0
20910309864.935455 1.0
20905629849.298717 1.0
20900951928.097267 1.0
20896276099.925426 1.0
20891602363.378815 1.0
20886930717.054264 1.0
20882261159.549892 1.0
20877593689.46506 1.0
20872928305.40037 1.0
20868265005.957703 1.0
20863603789.740154 1.0
20858944655.352093 1.0
20854287601.399124 1.0
20849632626.4881 1.0
20844979729.227108 1.0
20840328908.2255 1.0
20835680162.093834 1.0
20831033489.44395 1.0
20826388888.88889 1.0
20821746359.04295 1.0
20817105898.52166 1.0
20812467505.94177 1.0
20807831179.92129 1.0
20803196919.079437 1.0
20798564722.036667 1.0
20793934587.414665 1.0
20789306513.836338 1.0
20784680499.92583 1.0
20780056544.308495 1.0
20775434645.610912 1.0
20770814802.460903 1.0
20766197013.487476 1.0
20761581277.32089 1.0
20756967592.592594 1.0
20752355957.935272 1.0
20747746371.982822 1.0
20743138833.370346 1.0
20738533340.734165 1.0
20733929892.711803 1.0
20729328487.942005 1.0
20724729125.06472 1.0
20720131802.721092 1.0
20715536519.553486 1.0
20710943274.20547 1.0
20706352065.321808 1.0
20701762891.548466 1.0
20697175751.53261 1.0
20692590643.922607 1.0
20688007567.368034 1.0
20683426520.519634 1.0
20678847502.029373 1.0
20674270510.550392 1.0
20669695544.737038 1.0
20665122603.244843 1.0
20660551684.73052 1.0
20655982787.851986 1.0
20651415911.268333 1.0
20646851053.639847 1.0
20642288213.627995 1.0
20637727389.89542 1.0
20633168581.105957 1.0
20628611785.924618 1.0
20624057003.01759 1.0
20619504231.052246 1.0
20614953468.697124 1.0
20610404714.62195 1.0
20605857967.497612 1.0
20601313225.996178 1.0
20596770488.790886 1.0
20592229754.556145 1.0
20587691021.967525 1.0
20583154289.70178 1.0
20578619556.43681 1.0
20574086820.85169 1.0
20569556081.62666 1.0
20565027337.443123 1.0
20560500586.98364 1.0
20555975828.931927 1.0
20551453061.972866 1.0
20546932284.792496 1.0
20542413496.078003 1.0
20537896694.51774 1.0
20533381878.8012 1.0
20528869047.61905 1.0
20524358199.66308 1.0
20519849333.626247 1.0
20515342448.202652 1.0
20510837542.08754 1.0
20506334613.977318 1.0
20501833662.569508 1.0
20497334686.562798 1.0
20492837684.657017 1.0
20488342655.55312 1.0
20483849597.953217 1.0
20479358510.56055 1.0
20474869392.0795 1.0
20470382241.215576 1.0
20465897056.675434 1.0
20461413837.16685 1.0
20456932581.398743 1.0
20452453288.08116 1.0
20447975955.925278 1.0
20443500583.643394 1.0
20439027169.948944 1.0
20434555713.556484 1.0
20430086213.181686 1.0
20425618667.54137 1.0
20421153075.353447 1.0
20416689435.336975 1.0
20412227746.212124 1.0
20407768006.70017 1.0
20403310215.523518 1.0
20398854371.405693 1.0
20394400473.071323 1.0
20389948519.246162 1.0
20385498508.657063 1.0
20381050440.032 1.0
20376604312.10006 1.0
20372160123.591423 1.0
20367717873.237392 1.0
20363277559.770367 1.0
20358839181.92386 1.0
20354402738.432484 1.0
20349968228.031956 1.0
20345535649.45909 1.0
20341105001.451797 1.0
20336676282.749107 1.0
20332249492.091133 1.0
20327824628.219078 1.0
20323401689.875256 1.0
20318980675.803062 1.0
20314561584.746994 1.0
20310144415.45264 1.0
20305729166.666664 1.0
20301315837.136856 1.0
20296904425.612053 1.0
20292494930.842205 1.0
20288087351.578342 1.0
20283681686.572563 1.0
20279277934.578087 1.0
20274876094.34918 1.0
20270476164.641205 1.0
20266078144.210606 1.0
20261682031.814896 1.0
20257287826.21268 1.0
20252895526.163635 1.0
20248505130.428497 1.0
20244116637.76911 1.0
20239730046.948357 1.0
20235345356.730213 1.0
20230962565.879723 1.0
20226581673.162983 1.0
20222202677.34719 1.0
20217825577.200577 1.0
20213450371.492462 1.0
20209077058.993225 1.0
20204705638.474297 1.0
20200336108.708195 1.0
20195968468.46847 1.0
20191602716.52976 1.0
20187238851.667747 1.0
20182876872.659176 1.0
20178516778.281845 1.0
20174158567.314617 1.0
20169802238.53739 1.0
20165447790.731148 1.0
20161095222.67789 1.0
20156744533.160694 1.0
20152395720.963684 1.0
20148048784.872017 1.0
20143703723.671917 1.0
20139360536.150642 1.0
20135019221.0965 1.0
20130679777.29885 1.0
20126342203.548088 1.0
20122006498.63565 1.0
20117672661.35401 1.0
20113340690.496696 1.0
20109010584.858273 1.0
20104682343.23432 1.0
20100355964.421494 1.0
20096031447.21744 1.0
20091708790.42088 1.0
20087387992.831547 1.0
20083069053.2502 1.0
20078751970.47865 1.0
20074436743.31972 1.0
20070123370.577282 1.0
20065811851.056213 1.0
20061502183.56243 1.0
20057194366.90287 1.0
20052888399.8855 1.0
20048584281.31931 1.0
20044282010.01431 1.0
20039981584.78152 1.0
20035683004.433006 1.0
20031386267.781834 1.0
20027091373.642082 1.0
20022798320.82887 1.0
20018507108.15831 1.0
20014217734.44754 1.0
20009930198.514713 1.0
20005644499.17898 1.0
20001360635.26053 1.0
19997078605.580532 1.0
19992798408.961185 1.0
19988520044.225697 1.0
19984243510.19826 1.0
19979968805.704105 1.0
19975695929.569435 1.0
19971424880.621483 1.0
19967155657.688473 1.0
19962888259.59963 1.0
19958622685.185184 1.0
19954358933.276367 1.0
19950097002.7054 1.0
19945836892.305504 1.0
19941578600.9109 1.0
19937322127.35681 1.0
19933067470.479443 1.0
19928814629.115993 1.0
19924563602.104668 1.0
19920314388.28464 1.0
19916066986.496094 1.0
19911821395.58019 1.0
19907577614.379086 1.0
19903335641.73592 1.0
19899095476.49482 1.0
19894857117.50089 1.0
19890620563.600227 1.0
19886385813.63991 1.0
19882152866.468002 1.0
19877921720.933533 1.0
19873692375.886524 1.0
19869464830.17798 1.0
19865239082.659863 1.0
19861015132.18513 1.0
19856792977.60771 1.0
19852572617.7825 1.0
19848354051.56538 1.0
19844137277.813187 1.0
19839922295.383743 1.0
19835709103.135838 1.0
19831497699.929226 1.0
19827288084.624638 1.0
19823080256.08376 1.0
19818874213.169247 1.0
19814669954.744736 1.0
19810467479.674797 1.0
19806266786.824997 1.0
19802067875.061832 1.0
19797870743.25279 1.0
19793675390.2663 1.0
19789481814.971752 1.0
19785290016.239502 1.0
19781099992.94084 1.0
19776911743.948055 1.0
19772725268.13435 1.0
19768540564.373898 1.0
19764357631.541824 1.0
19760176468.51421 1.0
19755997074.16808 1.0
19751819447.38141 1.0
19747643587.033123 1.0
19743469492.003098 1.0
19739297161.17216 1.0
19735126593.422073 1.0
19730957787.635548 1.0
19726790742.69623 1.0
19722625457.488735 1.0
19718461930.8986 1.0
19714300161.812298 1.0
19710140149.117256 1.0
19705981891.70183 1.0
19701825388.45532 1.0
19697670638.267963 1.0
19693517640.030922 1.0
19689366392.636314 1.0
19685216894.97717 1.0
19681069145.947464 1.0
19676923144.44211 1.0
19672778889.356922 1.0
19668636379.588688 1.0
19664495614.035088 1.0
19660356591.594753 1.0
19656219311.16723 1.0
19652083771.652992 1.0
19647949971.95344 1.0
19643817910.970913 1.0
19639687587.608635 1.0
19635559000.770794 1.0
19631432149.362476 1.0
19627307032.289696 1.0
19623183648.459385 1.0
19619061996.779385 1.0
19614942076.158478 1.0
19610823885.506332 1.0
19606707423.733555 1.0
19602592689.751663 1.0
19598479682.473076 1.0
19594368400.811134 1.0
19590258843.68009 1.0
19586151009.995106 1.0
19582044898.67226 1.0
19577940508.62852 1.0
19573837838.781788 1.0
19569736888.050842 1.0
19565637655.355396 1.0
19561540139.61606 1.0
19557444339.754326 1.0
19553350254.692623 1.0
19549257883.354263 1.0
19545167224.66346 1.0
19541078277.54533 1.0
19536991040.92589 1.0
19532905513.732048 1.0
19528821694.891632 1.0
19524739583.333332 1.0
19520659177.986767 1.0
19516580477.782425 1.0
19512503481.65169 1.0
19508428188.526875 1.0
19504354597.34113 1.0
19500282707.028534 1.0
19496212516.52404 1.0
19492144024.763496 1.0
19488077230.68364 1.0
19484012133.222084 1.0
19479948731.317345 1.0
19475887023.908813 1.0
19471827009.936768 1.0
19467768688.34237 1.0
19463712058.067654 1.0
19459657118.055557 1.0
19455603867.249878 1.0
19451552304.595306 1.0
19447502429.03741 1.0
19443454239.52262 1.0
19439407734.998264 1.0
19435362914.412544 1.0
19431319776.714516 1.0
19427278320.854134 1.0
19423238545.782215 1.0
19419200450.45045 1.0
19415164033.811405 1.0
19411129294.818512 1.0
19407096232.426067 1.0
19403064845.589252 1.0
19399035133.264103 1.0
19395007094.40753 1.0
19390980727.977303 1.0
19386956032.932064 1.0
19382933008.231308 1.0
19378911652.83541 1.0
19374891965.705593 1.0
19370873945.803955 1.0
19366857592.093445 1.0
19362842903.53787 1.0
19358829879.101902 1.0
19354818517.751072 1.0
19350808818.451763 1.0
19346800780.171223 1.0
19342794401.87755 1.0
19338789682.539684 1.0
19334786621.127445 1.0
19330785216.61148 1.0
19326785467.96331 1.0
19322787374.15529 1.0
19318790934.160633 1.0
19314796146.953407 1.0
19310803011.50851 1.0
19306811526.80171 1.0
19302821691.8096 1.0
19298833505.50964 1.0
19294846966.880123 1.0
19290862074.90018 1.0
19286878828.549797 1.0
19282897226.809803 1.0
19278917268.661854 1.0
19274938953.08846 1.0
19270962279.072968 1.0
19266987245.59956 1.0
19263013851.653263 1.0
19259042096.219933 1.0
19255071978.286263 1.0
19251103496.83979 1.0
19247136650.868877 1.0
19243171439.36273 1.0
19239207861.311363 1.0
19235245915.705654 1.0
19231285601.537304 1.0
19227326917.79882 1.0
19223369863.483574 1.0
19219414437.585735 1.0
19215460639.100323 1.0
19211508467.023174 1.0
19207557920.35095 1.0
19203608998.081142 1.0
19199661699.21206 1.0
19195716022.74284 1.0
19191771967.673447 1.0
19187829533.004658 1.0
19183888717.738075 1.0
19179949520.876114 1.0
19176011941.422024 1.0
19172075978.37986 1.0
19168141630.754498 1.0
19164208897.551632 1.0
19160277777.77778 1.0
19156348270.44025 1.0
19152420374.5472 1.0
19148494089.107555 1.0
19144569413.131104 1.0
19140646345.628414 1.0
19136724885.61087 1.0
19132805032.090675 1.0
19128886784.080826 1.0
19124970140.595142 1.0
19121055100.648247 1.0
19117141663.255558 1.0
19113229827.433327 1.0
19109319592.19858 1.0
19105410956.569168 1.0
19101503919.56374 1.0
19097598480.20173 1.0
19093694637.503407 1.0
19089792390.489815 1.0
19085891738.182808 1.0
19081992679.60504 1.0
19078095213.779957 1.0
19074199339.731808 1.0
19070305056.485645 1.0
19066412363.06729 1.0
19062521258.503403 1.0
19058631741.821396 1.0
19054743812.049503 1.0
19050857468.21674 1.0
19046972709.35291 1.0
19043089534.488617 1.0
19039207942.65525 1.0
19035327932.884995 1.0
19031449504.210815 1.0
19027572655.666466 1.0
19023697386.286495 1.0
19019823695.106228 1.0
19015951581.161777 1.0
19012081043.490063 1.0
19008212081.12875 1.0
19004344693.116314 1.0
19000478878.492 1.0
18996614636.29584 1.0
18992751965.56866 1.0
18988890865.352036 1.0
18985031334.68835 1.0
18981173372.620743 1.0
18977316978.193146 1.0
18973462150.45027 1.0
18969608888.437588 1.0
18965757191.20135 1.0
18961907057.788605 1.0
18958058487.247143 1.0
18954211478.625546 1.0
18950366030.973152 1.0
18946522143.34009 1.0
18942679814.77726 1.0
18938839044.336308 1.0
18934999831.069668 1.0
18931162174.030537 1.0
18927326072.27288 1.0
18923491524.851433 1.0
18919658530.82169 1.0
18915827089.23991 1.0
18911997199.163124 1.0
18908168859.649124 1.0
18904342069.756462 1.0
18900516828.54445 1.0
18896693135.07317 1.0
18892870988.40345 1.0
18889050387.596897 1.0
18885231331.715866 1.0
18881413819.823463 1.0
18877597850.983562 1.0
18873783424.260796 1.0
18869970538.72054 1.0
18866159193.428936 1.0
18862349387.45288 1.0
18858541119.860016 1.0
18854734389.718746 1.0
18850929196.098213 1.0
18847125538.068336 1.0
18843323414.69975 1.0
18839522825.06387 1.0
18835723768.232845 1.0
18831926243.27957 1.0
18828130249.277702 1.0
18824335785.30163 1.0
18820542850.42649 1.0
18816751443.72818 1.0
18812961564.283318 1.0
18809173211.16929 1.0
18805386383.4642 1.0
18801601080.24691 1.0
18797817300.597034 1.0
18794035043.594902 1.0
18790254308.3216 1.0
18786475093.858944 1.0
18782697399.289497 1.0
18778921223.69656 1.0
18775146566.164158 1.0
18771373425.777065 1.0
18767601801.620792 1.0
18763831692.78157 1.0
18760063098.34639 1.0
18756296017.402946 1.0
18752530449.03968 1.0
18748766392.34578 1.0
18745003846.41113 1.0
18741242810.326378 1.0
18737483283.182884 1.0
18733725264.07274 1.0
18729968752.088768 1.0
18726213746.324512 1.0
18722460245.87426 1.0
18718708249.833004 1.0
18714957757.296467 1.0
18711208767.361115 1.0
18707461279.124107 1.0
18703715291.683353 1.0
18699970804.13747 1.0
18696227815.5858 1.0
18692486325.12841 1.0
18688746331.86608 1.0
18685007834.900314 1.0
18681270833.333336 1.0
18677535326.26808 1.0
18673801312.808212 1.0
18670068792.0581 1.0
18666337763.122833 1.0
18662608225.108227 1.0
18658880177.12079 1.0
18655153618.267757 1.0
18651428547.65708 1.0
18647704964.397415 1.0
18643982867.598137 1.0
18640262256.36932 1.0
18636543129.821762 1.0
18632825487.06696 1.0
18629109327.217125 1.0
18625394649.38518 1.0
18621681452.684746 1.0
18617969736.230152 1.0
18614259499.136444 1.0
18610550740.51936 1.0
18606843459.49535 1.0
18603137655.18157 1.0
18599433326.69587 1.0
18595730473.15681 1.0
18592029093.68365 1.0
18588329187.396355 1.0
18584630753.415573 1.0
18580933790.862675 1.0
18577238298.859722 1.0
18573544276.529465 1.0
18569851722.99536 1.0
18566160637.38157 1.0
18562471018.81293 1.0
18558782866.414993 1.0
18555096179.313995 1.0
18551410956.636875 1.0
18547727197.511253 1.0
18544044901.06545 1.0
18540364066.42848 1.0
18536684692.73004 1.0
18533006779.10053 1.0
18529330324.671032 1.0
18525655328.57332 1.0
18521981789.939854 1.0
18518309707.90378 1.0
18514639081.59894 1.0
18510969910.159863 1.0
18507302192.72175 1.0
18503635928.420498 1.0
18499971116.392685 1.0
18496307755.775578 1.0
18492645845.707123 1.0
18488985385.325943 1.0
18485326373.77136 1.0
18481668810.183357 1.0
18478012693.702606 1.0
18474358023.470467 1.0
18470704798.628963 1.0
18467053018.320816 1.0
18463402681.689396 1.0
18459753787.878784 1.0
18456106336.033722 1.0
18452460325.299618 1.0
18448815754.82257 1.0
18445172623.749344 1.0
18441530931.22738 1.0
18437890676.404793 1.0
18434251858.43037 1.0
18430614476.453568 1.0
18426978529.624516 1.0
18423344017.094017 1.0
18419710938.013542 1.0
18416079291.535225 1.0
18412449076.81188 1.0
18408820292.99698 1.0
18405192939.244663 1.0
18401567014.709747 1.0
18397942518.5477 1.0
18394319449.914665 1.0
18390697807.96745 1.0
18387077591.863518 1.0
18383458800.76101 1.0
18379841433.818707 1.0
18376225490.19608 1.0
18372610969.05324 1.0
18368997869.550964 1.0
18365386190.8507 1.0
18361775932.11454 1.0
18358167092.50524 1.0
18354559671.18622 1.0
18350953667.321545 1.0
18347349080.07595 1.0
18343745908.614822 1.0
18340144152.1042 1.0
18336543809.710773 1.0
18332944880.6019 1.0
18329347363.945576 1.0
18325751258.910473 1.0
18322156564.66588 1.0
18318563280.381775 1.0
18314971405.228756 1.0
18311380938.378094 1.0
18307791879.0017 1.0
18304204226.27213 1.0
18300617979.362595 1.0
18297033137.44695 1.0
18293449699.6997 1.0
18289867665.296 1.0
18286287033.41164 1.0
18282707803.223072 1.0
18279129973.90737 1.0
18275553544.642273 1.0
18271978514.606155 1.0
18268404882.978027 1.0
18264832648.937557 1.0
18261261811.66504 1.0
18257692370.34141 1.0
18254124324.148266 1.0
18250557672.267815 1.0
18246992413.88292 1.0
18243428548.177086 1.0
18239866074.33444 1.0
18236304991.539764 1.0
18232745298.978466 1.0
18229186995.836582 1.0
18225630081.30081 1.0
18222074554.55846 1.0
18218520414.797478 1.0
18214967661.206448 1.0
18211416292.97459 1.0
18207866309.29175 1.0
18204317709.348408 1.0
18200770492.335674 1.0
18197224657.445293 1.0
18193680203.869625 1.0
18190137130.80169 1.0
18186595437.4351 1.0
18183055122.964115 1.0
18179516186.583626 1.0
18175978627.489132 1.0
18172442444.876785 1.0
18168907637.943333 1.0
18165374205.886166 1.0
18161842147.9033 1.0
18158311463.193367 1.0
18154782150.955624 1.0
18151254210.38995 1.0
18147727640.696846 1.0
18144202441.077442 1.0
18140678610.733475 1.0
18137156148.867313 1.0
18133635054.68194 1.0
18130115327.38095 1.0
18126596966.168575 1.0
18123079970.249645 1.0
18119564338.829617 1.0
18116050071.11456 1.0
18112537166.311165 1.0
18109025623.62673 1.0
18105515442.269176 1.0
18102006621.44703 1.0
18098499160.36944 1.0
18094993058.24616 1.0
18091488314.28756 1.0
18087984927.70462 1.0
18084482897.70894 1.0
18080982223.51271 1.0
18077482904.32875 1.0
18073984939.370487 1.0
18070488327.85194 1.0
18066993068.98775 1.0
18063499161.99317 1.0
18060006606.084045 1.0
18056515400.476837 1.0
18053025544.38861 1.0
18049537037.037037 1.0
18046049877.640392 1.0
18042564065.41755 1.0
18039079599.588 1.0
18035596479.371822 1.0
18032114703.989704 1.0
18028634272.662937 1.0
18025155184.613407 1.0
18021677439.06361 1.0
18018201035.23663 1.0
18014725972.35616 1.0
18011252249.646484 1.0
18007779866.332497 1.0
18004308821.63968 1.0
18000839114.794113 1.0
17997370745.022476 1.0
17993903711.552044 1.0
17990438013.610683 1.0
17986973650.426857 1.0
17983510621.229626 1.0
17980048925.24864 1.0
17976588561.71414 1.0
17973129529.85697 1.0
17969671828.908558 1.0
17966215458.100918 1.0
17962760416.666668 1.0
17959306703.83901 1.0
17955854318.851723 1.0
17952403260.939198 1.0
17948953529.336407 1.0
17945505123.278896 1.0
17942058042.00282 1.0
17938612284.744896 1.0
17935167850.742447 1.0
17931724739.23338 1.0
17928282949.456177 1.0
17924842480.64991 1.0
17921403332.054234 1.0
17917965502.909393 1.0
17914528992.45621 1.0
17911093799.93608 1.0
17907659924.591003 1.0
17904227365.663536 1.0
17900796122.39683 1.0
17897366194.03462 1.0
17893937579.8212 1.0
17890510279.00147 1.0
17887084290.82089 1.0
17883659614.525497 1.0
17880236249.361923 1.0
17876814194.577354 1.0
17873393449.419567 1.0
17869974013.13692 1.0
17866555884.97832 1.0
17863139064.193283 1.0
17859723550.031868 1.0
17856309341.744724 1.0
17852896438.58308 1.0
17849484839.798714 1.0
17846074544.643997 1.0
17842665552.371857 1.0
17839257862.235806 1.0
17835851473.489914 1.0
17832446385.388824 1.0
17829042597.18776 1.0
17825640108.142494 1.0
17822238917.50938 1.0
17818839024.545338 1.0
17815440428.50785 1.0
17812043128.65497 1.0
17808647124.245316 1.0
17805252414.53806 1.0
17801858998.792965 1.0
17798466876.27033 1.0
17795076046.23103 0.0
17791686507.936512 0.0
17788298260.648766 0.0
17784911303.630363 0.0
17781525636.14443 0.0
17778141257.454636 0.0
17774758166.825245 0.0
17771376363.521053 0.0
17767995846.807434 0.0
17764616615.9503 0.0
17761238670.216137 0.0
17757862008.87199 0.0
17754486631.185455 0.0
17751112536.424683 0.0
17747739723.858387 0.0
17744368192.755825 0.0
17740997942.386833 0.0
17737628972.021774 0.0
17734261280.931587 0.0
17730894868.38775 0.0
17727529733.6623 0.0
17724165876.027832 0.0
17720803294.757477 0.0
17717441989.124935 0.0
17714081958.404453 0.0
17710723201.870815 0.0
17707365718.79937 0.0
17704009508.46601 0.0
17700654570.14718 0.0
17697300903.11987 0.0
17693948506.661617 0.0
17690597380.050507 0.0
17687247522.56517 0.0
17683898933.48479 0.0
17680551612.089092 0.0
17677205557.65834 0.0
17673860769.473354 0.0
17670517246.81549 0.0
17667174988.96665 0.0
17663833995.209282 0.0
17660494264.82637 0.0
17657155797.101448 0.0
17653818591.318592 0.0
17650482646.76241 0.0
17647147962.718056 0.0
17643814538.471226 0.0
17640482373.30815 0.0
17637151466.51561 0.0
17633821817.38091 0.0
17630493425.1919 0.0
17627166289.236965 0.0
17623840408.80503 0.0
17620515783.185566 0.0
17617192411.668556 0.0
17613870293.544537 0.0
17610549428.104576 0.0
17607229814.640278 0.0
17603911452.443775 0.0
17600594340.807735 0.0
17597278479.02537 0.0
17593963866.390408 0.0
17590650502.197113 0.0
17587338385.740288 0.0
17584027516.31526 0.0
17580717893.21789 0.0
17577409515.744576 0.0
17574102383.192226 0.0
17570796494.85829 0.0
17567491850.04075 0.0
17564188448.03811 0.0
17560886288.1494 0.0
17557585369.674183 0.0
17554285691.912548 0.0
17550987254.1651 0.0
17547690055.732983 0.0
17544394095.91786 0.0
17541099374.02191 0.0
17537805889.347855 0.0
17534513641.198925 0.0
17531222628.87888 0.0
17527932851.692 0.0
17524644308.94309 0.0
17521356999.937473 0.0
17518070923.980995 0.0
17514786080.38002 0.0
17511502468.441444 0.0
17508220087.472664 0.0
17504938936.78161 0.0
17501659015.676723 0.0
17498380323.46697 0.0
17495102859.461826 0.0
17491826622.971287 0.0
17488551613.305874 0.0
17485277829.776615 0.0
17482005271.695053 0.0
17478733938.373257 0.0
17475463829.12379 0.0
17472194943.259754 0.0
17468927280.094757 0.0
17465660838.942905 0.0
17462395619.11884 0.0
17459131619.937695 0.0
17455868840.71513 0.0
17452607280.76732 0.0
17449346939.410923 0.0
17446087815.963142 0.0
17442829909.741676 0.0
17439573220.064724 0.0
17436317746.251015 0.0
17433063487.61976 0.0
17429810443.4907 0.0
17426558613.18408 0.0
17423307996.02064 0.0
17420058591.321648 0.0
17416810398.40885 0.0
17413563416.604523 0.0
17410317645.23144 0.0
17407073083.612873 0.0
17403829731.07261 0.0
17400587586.93492 0.0
17397346650.524616 0.0
17394106921.166977 0.0
17390868398.187798 0.0
17387631080.91338 0.0
17384394968.670513 0.0
17381160060.786503 0.0
17377926356.58915 0.0
17374693855.406746 0.0
17371462556.5681 0.0
17368232459.402504 0.0
17365003563.23976 0.0
17361775867.410164 0.0
17358549371.244503 0.0
17355324074.074078 0.0
17352099975.230667 0.0
17348877074.046555 0.0
17345655369.854534 0.0
17342434861.98787 0.0
17339215549.780334 0.0
17335997432.566196 0.0
17332780509.680214 0.0
17329564780.45764 0.0
17326350244.23422 0.0
17323136900.34619 0.0
17319924748.130295 0.0
17316713786.92374 0.0
17313504016.06426 0.0
17310295434.89004 0.0
17307088042.73979 0.0
17303881838.952698 0.0
17300676822.86843 0.0
17297472993.82716 0.0
17294270351.169537 0.0
17291068894.236702 0.0
17287868622.37029 0.0
17284669534.91241 0.0
17281471631.205673 0.0
17278274910.59317 0.0
17275079372.41847 0.0
17271885016.025642 0.0
17268691840.759228 0.0
17265499845.964264 0.0
17262309030.986263 0.0
17259119395.171223 0.0
17255930937.86563 0.0
17252743658.41645 0.0
17249557556.171127 0.0
17246372630.4776 0.0
17243188880.684265 0.0
17240006306.14003 0.0
17236824906.194256 0.0
17233644680.1968 0.0
17230465627.498 0.0
17227287747.448666 0.0
17224111039.400085 0.0
17220935502.70403 0.0
17217761136.71275 0.0
17214587940.778965 0.0
17211415914.255882 0.0
17208245056.497177 0.0
17205075366.857002 0.0
17201906844.689995 0.0
17198739489.351257 0.0
17195573300.19637 0.0
17192408276.581387 0.0
17189244417.86284 0.0
17186081723.39773 0.0
17182920192.543537 0.0
17179759824.658205 0.0
17176600619.100157 0.0
17173442575.22829 0.0
17170285692.40196 0.0
17167129969.98101 0.0
17163975407.325739 0.0
17160822003.796926 0.0
17157669758.75582 0.0
17154518671.564129 0.0
17151368741.584038 0.0
17148219968.178202 0.0
17145072350.70974 0.0
17141925888.54224 0.0
17138780581.039753 0.0
17135636427.566809 0.0
17132493427.488384 0.0
17129351580.169937 0.0
17126210884.977388 0.0
17123071341.277117 0.0
17119932948.435972 0.0
17116795705.821272 0.0
17113659612.800783 0.0
17110524668.74275 0.0
17107390873.015873 0.0
17104258224.989317 0.0
17101126724.03271 0.0
17097996369.516136 0.0
17094867160.810152 0.0
17091739097.285757 0.0
17088612178.314428 0.0
17085486403.268095 0.0
17082361771.519142 0.0
17079238282.440424 0.0
17076115935.405243 0.0
17072994729.787365 0.0
17069874664.961014 0.0
17066755740.30087 0.0
17063637955.182076 0.0
17060521308.980211 0.0
17057405801.071339 0.0
17054291430.831964 0.0
17051178197.63904 0.0
17048066100.86999 0.0
17044955139.902678 0.0
17041845314.115429 0.0
17038736622.887026 0.0
17035629065.596695 0.0
17032522641.624119 0.0
17029417350.349438 0.0
17026313191.153238 0.0
17023210163.416563 0.0
17020108266.520893 0.0
17017007499.848179 0.0
17013907862.780813 0.0
17010809354.701632 0.0
17007711974.993933 0.0
17004615723.041447 0.0
17001520598.22837 0.0
16998426599.93934 0.0
16995333727.559439 0.0
16992241980.474201 0.0
16989151358.069601 0.0
16986061859.732073 0.0
16982973484.848486 0.0
16979886232.806154 0.0
16976800102.992851 0.0
16973715094.796778 0.0
16970631207.606588 0.0
16967548440.811384 0.0
16964466793.800703 0.0
16961386265.964529 0.0
16958306856.693296 0.0
16955228565.377869 0.0
16952151391.409561 0.0
16949075334.180124 0.0
16946000393.08176 0.0
16942926567.507105 0.0
16939853856.84923 0.0
16936782260.501661 0.0
16933711777.85835 0.0
16930642408.313696 0.0
16927574151.262535 0.0
16924507006.10014 0.0
16921440972.222225 0.0
16918376049.024937 0.0
16915312235.904867 0.0
16912249532.25904 0.0
16909187937.484915 0.0
16906127450.980394 0.0
16903068072.143806 0.0
16900009800.37392 0.0
16896952635.069946 0.0
16893896575.631517 0.0
16890841621.458712 0.0
16887787771.952028 0.0
16884735026.512413 0.0
16881683384.541239 0.0
16878632845.44031 0.0
16875583408.611864 0.0
16872535073.458576 0.0
16869487839.383541 0.0
16866441705.790298 0.0
16863396672.082808 0.0
16860352737.66546 0.0
16857309901.94309 0.0
16854268164.320942 0.0
16851227524.204704 0.0
16848187981.00048 0.0
16845149534.114819 0.0
16842112182.954683 0.0
16839075926.92747 0.0
16836040765.441004 0.0
16833006697.903528 0.0
16829973723.723722 0.0
16826941842.310696 0.0
16823911053.073967 0.0
16820881355.423494 0.0
16817852748.769655 0.0
16814825232.52325 0.0
16811798806.095512 0.0
16808773468.898087 0.0
16805749220.343048 0.0
16802726059.8429 0.0
16799703986.810553 0.0
16796683000.659357 0.0
16793663100.80307 0.0
16790644286.65588 0.0
16787626557.6324 0.0
16784609913.14765 0.0
16781594352.617079 0.0
16778579875.456558 0.0
16775566481.082375 0.0
16772554168.911236 0.0
16769542938.360264 0.0
16766532788.847008 0.0
16763523719.789425 0.0
16760515730.605898 0.0
16757508820.715229 0.0
16754502989.536623 0.0
16751498236.48972 0.0
16748494560.994562 0.0
16745491962.471615 0.0
16742490440.341757 0.0
16739489994.026283 0.0
16736490622.946903 0.0
16733492326.525738 0.0
16730495104.185324 0.0
16727498955.348618 0.0
16724503879.438974 0.0
16721509875.880177 0.0
16718516944.096416 0.0
16715525083.51229 0.0
16712534293.552813 0.0
16709544573.643412 0.0
16706555923.20992 0.0
16703568341.678587 0.0
16700581828.47607 0.0
16697596383.029436 0.0
16694612004.766161 0.0
16691628693.114128 0.0
16688646447.501638 0.0
16685665267.35739 0.0
16682685152.110498 0.0
16679706101.190477 0.0
16676728114.027258 0.0
16673751190.051172 0.0
16670775328.692963 0.0
16667800529.383774 0.0
16664826791.555159 0.0
16661854114.639076 0.0
16658882498.067892 0.0
16655911941.27437 0.0
16652942443.691685 0.0
16649974004.753418 0.0
16647006623.893543 0.0
16644040300.54645 0.0
16641075034.146923 0.0
16638110824.130152 0.0
16635147669.93173 0.0
16632185570.987654 0.0
16629224526.73432 0.0
16626264536.608519 0.0
16623305600.047457 0.0
16620347716.488731 0.0
16617390885.370337 0.0
16614435106.130678 0.0
16611480378.20855 0.0
16608526701.043148 0.0
16605574074.074076 0.0
16602622496.741322 0.0
16599671968.485281 0.0
16596722488.746742 0.0
16593774056.966898 0.0
16590826672.587332 0.0
16587880335.050018 0.0
16584935043.797346 0.0
16581990798.272087 0.0
16579047597.917406 0.0
16576105442.176872 0.0
16573164330.49444 0.0
16570224262.31447 0.0
16567285237.081709 0.0
16564347254.241297 0.0
16561410313.238773 0.0
16558474413.520061 0.0
16555539554.531488 0.0
16552605735.719772 0.0
16549672956.53201 0.0
16546741216.415707 0.0
16543810514.81875 0.0
16540880851.18942 0.0
16537952224.976395 0.0
16535024635.628725 0.0
16532098082.59587 0.0
16529172565.327673 0.0
16526248083.274359 0.0
16523324635.886553 0.0
16520402222.615257 0.0
16517480842.911877 0.0
16514560496.228195 0.0
16511641182.016378 0.0
16508722899.728996 0.0
16505805648.818989 0.0
16502889428.739693 0.0
16499974238.944828 0.0
16497060078.888496 0.0
16494146948.025194 0.0
16491234845.809793 0.0
16488323771.69756 0.0
16485413725.144138 0.0
16482504705.605553 0.0
16479596712.538227 0.0
16476689745.398954 0.0
16473783803.644913 0.0
16470878886.733673 0.0
16467974994.123177 0.0
16465072125.271755 0.0
16462170279.638115 0.0
16459269456.68135 0.0
16456369655.860937 0.0
16453470876.636723 0.0
16450573118.468945 0.0
16447676380.818222 0.0
16444780663.145538 0.0
16441885964.912281 0.0
16438992285.580194 0.0
16436099624.611412 0.0
16433207981.468449 0.0
16430317355.614187 0.0
16427427746.511902 0.0
16424539153.625227 0.0
16421651576.41819 0.0
16418765014.35519 0.0
16415879466.900997 0.0
16412994933.520767 0.0
16410111413.680021 0.0
16407228906.844662 0.0
16404347412.480974 0.0
16401466930.055605 0.0
16398587459.03558 0.0
16395708998.888304 0.0
16392831549.081547 0.0
16389955109.083466 0.0
16387079678.362574 0.0
16384205256.387768 0.0
16381331842.628319 0.0
16378459436.553862 0.0
16375588037.63441 0.0
16372717645.340347 0.0
16369848259.142422 0.0
16366979878.51177 0.0
16364112502.919878 0.0
16361246131.838617 0.0
16358380764.740221 0.0
16355516401.097296 0.0
16352653040.38282 0.0
16349790682.070131 0.0
16346929325.63295 0.0
16344068970.54535 0.0
16341209616.281782 0.0
16338351262.317068 0.0
16335493908.126387 0.0
16332637553.18529 0.0
16329782196.969698 0.0
16326927838.955893 0.0
16324074478.620527 0.0
16321222115.440619 0.0
16318370748.893549 0.0
16315520378.45706 0.0
16312671003.609266 0.0
16309822623.82865 0.0
16306975238.594042 0.0
16304128847.384651 0.0
16301283449.680048 0.0
16298439044.96016 0.0
16295595632.70528 0.0
16292753212.39607 0.0
16289911783.513544 0.0
16287071345.539087 0.0
16284231897.954437 0.0
16281393440.241707 0.0
16278555971.88335 0.0
16275719492.3622 0.0
16272884001.161442 0.0
16270049497.764618 0.0
16267215981.65564 0.0
16264383452.318768 0.0
16261551909.238626 0.0
16258721351.900204 0.0
16255891779.78884 0.0
16253063192.390234 0.0
16250235589.190441 0.0
16247408969.675884 0.0
16244583333.333334 0.0
16241758679.649916 0.0
16238935008.11312 0.0
16236112318.210789 0.0
16233290609.43112 0.0
16230469881.262672 0.0
16227650133.19435 0.0
16224831364.71542 0.0
16222013575.315504 0.0
16219196764.484575 0.0
16216380931.712965 0.0
16213566076.491348 0.0
16210752198.31077 0.0
16207939296.662619 0.0
16205127371.03863 0.0
16202316420.930906 0.0
16199506445.831888 0.0
16196697445.234379 0.0
16193889418.631533 0.0
16191082365.516844 0.0
16188276285.384172 0.0
16185471177.727718 0.0
16182667042.042042 0.0
16179863877.822046 0.0
16177061684.562983 0.0
16174260461.760462 0.0
16171460208.910433 0.0
16168660925.509203 0.0
16165862611.053423 0.0
16163065265.040089 0.0
16160268886.96655 0.0
16157473476.33051 0.0
16154679032.630003 0.0
16151885555.363424 0.0
16149093044.029507 0.0
16146301498.12734 0.0
16143510917.156355 0.0
16140721300.616322 0.0
16137932648.007372 0.0
16135144958.829964 0.0
16132358232.584915 0.0
16129572468.773384 0.0
16126787666.89687 0.0
16124003826.45722 0.0
16121220946.956623 0.0
16118439027.897614 0.0
16115658068.783072 0.0
16112878069.116209 0.0
16110099028.400597 0.0
16107320946.14014 0.0
16104543821.839079 0.0
16101767655.00201 0.0
16098992445.133862 0.0
16096218191.739902 0.0
16093444894.325752 0.0
16090672552.397358 0.0
16087901165.46102 0.0
16085130733.023363 0.0
16082361254.59137 0.0
16079592729.67235 0.0
16076825157.773952 0.0
16074058538.404177 0.0
16071292871.071348 0.0
16068528155.28413 0.0
16065764390.551542 0.0
16063001576.382917 0.0
16060239712.287943 0.0
16057478797.776632 0.0
16054718832.359344 0.0
16051959815.546774 0.0
16049201746.849943 0.0
16046444625.780222 0.0
16043688451.84931 0.0
16040933224.569237 0.0
16038178943.452381 0.0
16035425608.011446 0.0
16032673217.759468 0.0
16029921772.209827 0.0
16027171270.876228 0.0
16024421713.272718 0.0
16021673098.913666 0.0
16018925427.313782 0.0
16016178697.988113 0.0
16013432910.452026 0.0
16010688064.221235 0.0
16007944158.81177 0.0
16005201193.740004 0.0
16002459168.522644 0.0
15999718082.676716 0.0
15996977935.719585 0.0
15994238727.16895 0.0
15991500456.542828 0.0
15988763123.359581 0.0
15986026727.137886 0.0
15983291267.396763 0.0
15980556743.655546 0.0
15977823155.433916 0.0
15975090502.25187 0.0
15972358783.629732 0.0
15969627999.088161 0.0
15966898148.14815 0.0
15964169230.330997 0.0
15961441245.15835 0.0
15958714192.152172 0.0
15955988070.834755 0.0
15953262880.728722 0.0
15950538621.357012 0.0
15947815292.2429 0.0
15945092892.90998 0.0
15942371422.882175 0.0
15939650881.683733 0.0
15936931268.839222 0.0
15934212583.873537 0.0
15931494826.3119 0.0
15928777995.679853 0.0
15926062091.503267 0.0
15923347113.308329 0.0
15920633060.621555 0.0
15917919932.96978 0.0
15915207729.880161 0.0
15912496450.880182 0.0
15909786095.497644 0.0
15907076663.260672 0.0
15904368153.697714 0.0
15901660566.337534 0.0
15898953900.70922 0.0
15896248156.342182 0.0
15893543332.76615 0.0
15890839429.511171 0.0
15888136446.107613 0.0
15885434382.086168 0.0
15882733236.977839 0.0
15880033010.313951 0.0
15877333701.626156 0.0
15874635310.44641 0.0
15871937836.306997 0.0
15869241278.740517 0.0
15866545637.279882 0.0
15863850911.458334 0.0
15861157100.809418 0.0
15858464204.867008 0.0
15855772223.16528 0.0
15853081155.238739 0.0
15850391000.622208 0.0
15847701758.850807 0.0
15845013429.459995 0.0
15842326011.985527 0.0
15839639505.963484 0.0
15836953910.930262 0.0
15834269226.42256 0.0
15831585451.977402 0.0
15828902587.132124 0.0
15826220631.424376 0.0
15823539584.392118 0.0
15820859445.573622 0.0
15818180214.507477 0.0
15815501890.732588 0.0
15812824473.78816 0.0
15810147963.213722 0.0
15807472358.549107 0.0
15804797659.334461 0.0
15802123865.110249 0.0
15799450975.417233 0.0
15796778989.796497 0.0
15794107907.789427 0.0
15791437728.937729 0.0
15788768452.783413 0.0
15786100078.868793 0.0
15783432606.73651 0.0
15780766035.929493 0.0
15778100365.99099 0.0
15775435596.464561 0.0
15772771726.894068 0.0
15770108756.82368 0.0
15767446685.797886 0.0
15764785513.361464 0.0
15762125239.059515 0.0
15759465862.437433 0.0
15756807383.040936 0.0
15754149800.416035 0.0
15751493114.109049 0.0
15748837323.66661 0.0
15746182428.635647 0.0
15743528428.5634 0.0
15740875322.997417 0.0
15738223111.485538 0.0
15735571793.575922 0.0
15732921368.817024 0.0
15730271836.757607 0.0
15727623196.94674 0.0
15724975448.933783 0.0
15722328592.26842 0.0
15719682626.500618 0.0
15717037551.180658 0.0
15714393365.859129 0.0
15711750070.086906 0.0
15709107663.41518 0.0
15706466145.395437 0.0
15703825515.579466 0.0
15701185773.519361 0.0
15698546918.767508 0.0
15695908950.876604 0.0
15693271869.399645 0.0
15690635673.889915 0.0
15688000363.90102 0.0
15685365938.986847 0.0
15682732398.701588 0.0
15680099742.599743 0.0
15677467970.236095 0.0
15674837081.165745 0.0
15672207074.94407 0.0
15669577951.126768 0.0
15666949709.269821 0.0
15664322348.92951 0.0
15661695869.662418 0.0
15659070271.025429 0.0
15656445552.575706 0.0
15653821713.870735 0.0
15651198754.468275 0.0
15648576673.926397 0.0
15645955471.803461 0.0
15643335147.658125 0.0
15640715701.049341 0.0
15638097131.536358 0.0
15635479438.678719 0.0
15632862622.036263 0.0
15630246681.16912 0.0
15627631615.637724 0.0
15625017425.00279 0.0
15622404108.825333 0.0
15619791666.666668 0.0
15617180098.08839 0.0
15614569402.652401 0.0
15611959579.920885 0.0
15609350629.456326 0.0
15606742550.821499 0.0
15604135343.579462 0.0
15601529007.293583 0.0
15598923541.5275 0.0
15596318945.845161 0.0
15593715219.810799 0.0
15591112362.98893 0.0
15588510374.944372 0.0
15585909255.242228 0.0
15583309003.447893 0.0
15580709619.12705 0.0
15578111101.845675 0.0
15575513451.170027 0.0
15572916666.666666 0.0
