7475000000.0 0.0
7473753958.993166 0.0
7472508333.333333 0.0
7471263122.812864 0.0
7470018327.224258 0.0
7468773946.360153 0.0
7467529980.013325 0.0
7466286427.9766865 0.0
7465043290.04329 0.0
7463800566.006326 0.0
7462558255.6591215 0.0
7461316358.79514 0.0
7460074875.207987 0.0
7458833804.6914 0.0
7457593147.039255 0.0
7456352902.0455675 0.0
7455113069.504488 0.0
7453873649.210308 0.0
7452634640.957446 0.0
7451396044.540469 0.0
7450157859.75407 0.0
7448920086.393088 0.0
7447682724.252491 0.0
7446445773.127388 0.0
7445209232.813018 0.0
7443973103.104765 0.0
7442737383.79814 0.0
7441502074.688797 0.0
7440267175.572518 0.0
7439032686.24523 0.0
7437798606.502985 0.0
7436564936.14198 0.0
7435331674.95854 0.0
7434098822.749129 0.0
7432866379.310344 0.0
7431634344.438919 0.0
7430402717.931719 0.0
7429171499.58575 0.0
7427940689.198143 0.0
7426710286.566175 0.0
7425480291.4872465 0.0
7424250703.758901 0.0
7423021523.178807 0.0
7421792749.544778 0.0
7420564382.654749 0.0
7419336422.306802 0.0
7418108868.299139 0.0
7416881720.430108 0.0
7415654978.498179 0.0
7414428642.301968 0.0
7413202711.640211 0.0
7411977186.311788 0.0
7410752066.115702 0.0
7409527350.851099 0.0
7408303040.317249 0.0
7407079134.313563 0.0
7405855632.639576 0.0
7404632535.094963 0.0
7403409841.479524 0.0
7402187551.593198 0.0
7400965665.236051 0.0
7399744182.208285 0.0
7398523102.31023 0.0
7397302425.342353 0.0
7396082151.105245 0.0
7394862279.399637 0.0
7393642810.026384 0.0
7392423742.78648 0.0
7391205077.481041 0.0
7389986813.911324 0.0
7388768951.878707 0.0
7387551491.18471 0.0
7386334431.630971 0.0
7385117773.019272 0.0
7383901515.151515 0.0
7382685657.829738 0.0
7381470200.856108 0.0
7380255144.032921 0.0
7379040487.162607 0.0
7377826230.04772 0.0
7376612372.490952 0.0
7375398914.295114 0.0
7374185855.263158 0.0
7372973195.198157 0.0
7371760933.903321 0.0
7370549071.181982 0.0
7369337606.837607 0.0
7368126540.673787 0.0
7366915872.494249 0.0
7365705602.102841 0.0
7364495729.303548 0.0
7363286253.9004755 0.0
7362077175.6978655 0.0
7360868494.500081 0.0
7359660210.111622 0.0
7358452322.337108 0.0
7357244830.981294 0.0
7356037735.849055 0.0
7354831036.745407 0.0
7353624733.475479 0.0
7352418825.84454 0.0
7351213313.657976 0.0
7350008196.721312 0.0
7348803474.840189 0.0
7347599147.820387 0.0
7346395215.467802 0.0
7345191677.588467 0.0
7343988533.988533 0.0
7342785784.474288 0.0
7341583428.852136 0.0
7340381466.928618 0.0
7339179898.510394 0.0
7337978723.404256 0.0
7336777941.417116 0.0
7335577552.356021 0.0
7334377556.028136 0.0
7333177952.240759 0.0
7331978740.801308 0.0
7330779921.517332 0.0
7329581494.196501 0.0
7328383458.646617 0.0
7327185814.6756 0.0
7325988562.091503 0.0
7324791700.702498 0.0
7323595230.31689 0.0
7322399150.743099 0.0
7321203461.7896805 0.0
7320008163.2653055 0.0
7318813254.978779 0.0
7317618736.739023 0.0
7316424608.355092 0.0
7315230869.636155 0.0
7314037520.391517 0.0
7312844560.430598 0.0
7311651989.562947 0.0
7310459807.598238 0.0
7309268014.346266 0.0
7308076609.616951 0.0
7306885593.220338 0.0
7305694964.966596 0.0
7304504724.666015 0.0
7303314872.12901 0.0
7302125407.166123 0.0
7300936329.588015 0.0
7299747639.20547 0.0
7298559335.8294 0.0
7297371419.270833 0.0
7296183889.340927 0.0
7294996745.850959 0.0
7293809988.612331 0.0
7292623617.436564 0.0
7291437632.135307 0.0
7290252032.520325 0.0
7289066818.403512 0.0
7287881989.596878 0.0
7286697545.912563 0.0
7285513487.16282 0.0
7284329813.160033 0.0
7283146523.716699 0.0
7281963618.645445 0.0
7280781097.759012 0.0
7279598960.870272 0.0
7278417207.792207 0.0
7277235838.337933 0.0
7276054852.320674 0.0
7274874249.553789 0.0
7273694029.850745 0.0
7272514193.025143 0.0
7271334738.89069 0.0
7270155667.2612295 0.0
7268976977.950712 0.0
7267798670.773221 0.0
7266620745.542949 0.0
7265443202.074219 0.0
7264266040.181464 0.0
7263089259.679249 0.0
7261912860.382248 0.0
7260736842.105264 0.0
7259561204.663212 0.0
7258385947.871135 0.0
7257211071.5441885 0.0
7256036575.497654 0.0
7254862459.546925 0.0
7253688723.507524 0.0
7252515367.195082 0.0
7251342390.425361 0.0
7250169793.01423 0.0
7248997574.777688 0.0
7247825735.531845 0.0
7246654275.0929365 0.0
7245483193.27731 0.0
7244312489.901438 0.0
7243142164.781906 0.0
7241972217.735422 0.0
7240802648.578811 0.0
7239633457.129016 0.0
7238464643.203099 0.0
7237296206.61824 0.0
7236128147.191736 0.0
7234960464.741003 0.0
7233793159.083574 0.0
7232626230.037102 0.0
7231459677.419354 0.0
7230293501.048218 0.0
7229127700.741695 0.0
7227962276.31791 0.0
7226797227.595099 0.0
7225632554.391619 0.0
7224468256.525942 0.0
7223304333.816658 0.0
7222140786.082474 0.0
7220977613.142212 0.0
7219814814.814815 0.0
7218652390.919336 0.0
7217490341.274951 0.0
7216328665.700949 0.0
7215167364.016736 0.0
7214006436.041834 0.0
7212845881.595881 0.0
7211685700.498632 0.0
7210525892.569959 0.0
7209366457.629844 0.0
7208207395.498393 0.0
7207048705.99582 0.0
7205890388.942463 0.0
7204732444.158765 0.0
7203574871.465296 0.0
7202417670.682731 0.0
7201260841.631866 0.0
7200104384.133611 0.0
7198948298.008992 0.0
7197792583.079145 0.0
7196637239.16533 0.0
7195482266.08891 0.0
7194327663.671374 0.0
7193173431.734317 0.0
7192019570.099455 0.0
7190866078.588613 0.0
7189712957.023734 0.0
7188560205.2268715 0.0
7187407823.020199 0.0
7186255810.225997 0.0
7185104166.666667 0.0
7183952892.164717 0.0
7182801986.542775 0.0
7181651449.623578 0.0
7180501281.22998 0.0
7179351481.184947 0.0
7178202049.311559 0.0
7177052985.433007 0.0
7175904289.372599 0.0
7174755960.9537525 0.0
7173607999.999999 0.0
7172460406.334986 0.0
7171313179.782469 0.0
7170166320.16632 0.0
7169019827.310521 0.0
7167873701.039168 0.0
7166727941.17647 0.0
7165582547.546747 0.0
7164437519.974432 0.0
7163292858.28407 0.0
7162148562.300319 0.0
7161004631.847947 0.0
7159861066.751836 0.0
7158717866.836979 0.0
7157575031.92848 0.0
7156432561.851556 0.0
7155290456.431535 0.0
7154148715.493856 0.0
7153007338.864071 0.0
7151866326.367842 0.0
7150725677.83094 0.0
7149585393.079253 0.0
7148445471.938775 0.0
7147305914.235613 0.0
7146166719.795983 0.0
7145027888.446215 0.0
7143889420.012747 0.0
7142751314.322128 0.0
7141613571.201019 0.0
7140476190.47619 0.0
7139339171.974522 0.0
7138202515.5230055 0.0
7137066220.948742 0.0
7135930288.078942 0.0
7134794716.740929 0.0
7133659506.762132 0.0
7132524657.970092 0.0
7131390170.19246 0.0
7130256043.256997 0.0
7129122276.991573 0.0
7127988871.224165 0.0
7126855825.782864 0.0
7125723140.495868 0.0
7124590815.1914835 0.0
7123458849.698125 0.0
7122327243.84432 0.0
7121195997.458704 0.0
7120065110.370018 0.0
7118934582.407113 0.0
7117804413.3989525 0.0
7116674603.1746025 0.0
7115545151.563244 0.0
7114416058.39416 0.0
7113287323.496747 0.0
7112158946.700507 0.0
7111030927.835052 0.0
7109903266.730098 0.0
7108775963.215474 0.0
7107649017.121116 0.0
7106522428.277064 0.0
7105396196.513471 0.0
7104270321.660592 0.0
7103144803.548796 0.0
7102019642.0085535 0.0
7100894836.870446 0.0
7099770387.965162 0.0
7098646295.123495 0.0
7097522558.17635 0.0
7096399176.954732 0.0
7095276151.289761 0.0
7094153481.012658 0.0
7093031165.954754 0.0
7091909205.947485 0.0
7090787600.822394 0.0
7089666350.411132 0.0
7088545454.545454 0.0
7087424913.057224 0.0
7086304725.77841 0.0
7085184892.541087 0.0
7084065413.177437 0.0
7082946287.519747 0.0
7081827515.400411 0.0
7080709096.651926 0.0
7079591031.1069 0.0
7078473318.598042 0.0
7077355958.958169 0.0
7076238952.020202 0.0
7075122297.617168 0.0
7074005995.582202 0.0
7072890045.748541 0.0
7071774447.949527 0.0
7070659202.018609 0.0
7069544307.789341 0.0
7068429765.095381 0.0
7067315573.770492 0.0
7066201733.648541 0.0
7065088244.563504 0.0
7063975106.349456 0.0
7062862318.840579 0.0
7061749881.8711605 0.0
7060637795.27559 0.0
7059526058.888364 0.0
7058414672.544081 0.0
7057303636.077443 0.0
7056192949.32326 0.0
7055082612.116444 0.0
7053972624.292007 0.0
7052862985.685071 0.0
7051753696.130858 0.0
7050644755.464695 0.0
7049536163.522013 0.0
7048427920.138343 0.0
7047320025.149323 0.0
7046212478.390696 0.0
7045105279.698302 0.0
7043998428.908091 0.0
7042891925.856111 0.0
7041785770.378514 0.0
7040679962.311558 0.0
7039574501.4916 0.0
7038469387.755102 0.0
7037364620.938628 0.0
7036260200.878844 0.0
7035156127.412521 0.0
7034052400.37653 0.0
7032949019.607842 0.0
7031845984.943538 0.0
7030743296.220793 0.0
7029640953.276889 0.0
7028538955.949208 0.0
7027437304.075234 0.0
7026335997.492556 0.0
7025235036.038859 0.0
7024134419.551934 0.0
7023034147.869674 0.0
7021934220.8300705 0.0
7020834638.271218 0.0
7019735400.031313 0.0
7018636505.948653 0.0
7017537955.861637 0.0
7016439749.608764 0.0
7015341887.028634 0.0
7014244367.9599495 0.0
7013147192.241514 0.0
7012050359.71223 0.0
7010953870.2111025 0.0
7009857723.577235 0.0
7008761919.649836 0.0
7007666458.2682085 0.0
7006571339.271761 0.0
7005476562.5 0.0
7004382127.792532 0.0
7003288034.989066 0.0
7002194283.929408 0.0
7001100874.453466 0.0
7000007806.401249 0.0
6998915079.612863 0.0
6997822693.928515 0.0
6996730649.188514 0.0
6995638945.233266 0.0
6994547581.9032755 0.0
6993456559.039151 0.0
6992365876.481597 0.0
6991275534.071417 0.0
6990185531.649516 0.0
6989095869.056898 0.0
6988006546.134664 0.0
6986917562.724014 0.0
6985828918.666251 0.0
6984740613.8027725 0.0
6983652647.975078 0.0
6982565021.024762 0.0
6981477732.793522 0.0
6980390783.123151 0.0
6979304171.855541 0.0
6978217898.832684 0.0
6977131963.896669 0.0
6976046366.889683 0.0
6974961107.654014 0.0
6973876186.032042 0.0
6972791601.866252 0.0
6971707354.999222 0.0
6970623445.273632 0.0
6969539872.532254 0.0
6968456636.617967 0.0
6967373737.373737 0.0
6966291174.642635 0.0
6965208948.267825 0.0
6964127058.092575 0.0
6963045503.960242 0.0
6961964285.714286 0.0
6960883403.19826 0.0
6959802856.255821 0.0
6958722644.730716 0.0
6957642768.466791 0.0
6956563227.307991 0.0
6955484021.098355 0.0
6954405149.682022 0.0
6953326612.903226 0.0
6952248410.606296 0.0
6951170542.635659 0.0
6950093008.835839 0.0
6949015809.051456 0.0
6947938943.127228 0.0
6946862410.907964 0.0
6945786212.238575 0.0
6944710346.964065 0.0
6943634814.929534 0.0
6942559615.98018 0.0
6941484749.961294 0.0
6940410216.7182665 0.0
6939336016.09658 0.0
6938262147.941813 0.0
6937188612.099644 0.0
6936115408.415841 0.0
6935042536.736272 0.0
6933969996.906898 0.0
6932897788.773774 0.0
6931825912.183055 0.0
6930754366.980987 0.0
6929683153.01391 0.0
6928612270.128264 0.0
6927541718.170581 0.0
6926471496.987487 0.0
6925401606.425703 0.0
6924332046.3320465 0.0
6923262816.553428 0.0
6922193916.936853 0.0
6921125347.329423 0.0
6920057107.57833 0.0
6918989197.530864 0.0
6917921617.034409 0.0
6916854365.936439 0.0
6915787444.084529 0.0
6914720851.326341 0.0
6913654587.509638 0.0
6912588652.482268 0.0
6911523046.092184 0.0
6910457768.187422 0.0
6909392818.616119 0.0
6908328197.226501 0.0
6907263903.866893 0.0
6906199938.385705 0.0
6905136300.63145 0.0
6904072990.452724 0.0
6903010007.69823 0.0
6901947352.216748 0.0
6900885023.857164 0.0
6899823022.468451 0.0
6898761347.899677 0.0
6897699999.999999 0.0
6896638978.618674 0.0
6895578283.605044 0.0
6894517914.80855 0.0
6893457872.07872 0.0
6892398155.265181 0.0
6891338764.217646 0.0
6890279698.785923 0.0
6889220958.819913 0.0
6888162544.169611 0.0
6887104454.6851 0.0
6886046690.216557 0.0
6884989250.614249 0.0
6883932135.728543 0.0
6882875345.409886 0.0
6881818879.508826 0.0
6880762737.875997 0.0
6879706920.36213 0.0
6878651426.818043 0.0
6877596257.094646 0.0
6876541411.042945 0.0
6875486888.514031 0.0
6874432689.359093 0.0
6873378813.429403 0.0
6872325260.576334 0.0
6871272030.651341 0.0
6870219123.505976 0.0
6869166538.991879 0.0
6868114276.960784 0.0
6867062337.264512 0.0
6866010719.754977 0.0
6864959424.2841835 0.0
6863908450.704226 0.0
6862857798.86729 0.0
6861807468.62565 0.0
6860757459.831676 0.0
6859707772.337821 0.0
6858658405.9966345 0.0
6857609360.660752 0.0
6856560636.182901 0.0
6855512232.415902 0.0
6854464149.212658 0.0
6853416386.426169 0.0
6852368943.909521 0.0
6851321821.515893 0.0
6850275019.098548 0.0
6849228536.510846 0.0
6848182373.606231 0.0
6847136530.238241 0.0
6846091006.260497 0.0
6845045801.526717 0.0
6844000915.890703 0.0
6842956349.206349 0.0
6841912101.327636 0.0
6840868172.108636 0.0
6839824561.403508 0.0
6838781269.0665045 0.0
6837738294.951959 0.0
6836695638.914303 0.0
6835653300.808049 0.0
6834611280.487805 0.0
6833569577.80826 0.0
6832528192.6242 0.0
6831487124.790491 0.0
6830446374.162096 0.0
6829405940.594059 0.0
6828365823.941517 0.0
6827326024.059691 0.0
6826286540.803898 0.0
6825247374.0295315 0.0
6824208523.592086 0.0
6823169989.347131 0.0
6822131771.150335 0.0
6821093868.857447 0.0
6820056282.324308 0.0
6819019011.406843 0.0
6817982055.961071 0.0
6816945415.84309 0.0
6815909090.909091 0.0
6814873081.015351 0.0
6813837386.018237 0.0
6812802005.774199 0.0
6811766940.139775 0.0
6810732188.971593 0.0
6809697752.126368 0.0
6808663629.4608965 0.0
6807629820.832068 0.0
6806596326.096857 0.0
6805563145.112326 0.0
6804530277.7356205 0.0
6803497723.823976 0.0
6802465483.234714 0.0
6801433555.825243 0.0
6800401941.453056 0.0
6799370639.975736 0.0
6798339651.250948 0.0
6797308975.136446 0.0
6796278611.490071 0.0
6795248560.169747 0.0
6794218821.03349 0.0
6793189393.939393 0.0
6792160278.745645 0.0
6791131475.310512 0.0
6790102983.4923525 0.0
6789074803.149606 0.0
6788046934.140802 0.0
6787019376.324553 0.0
6785992129.559558 0.0
6784965193.704599 0.0
6783938568.61855 0.0
6782912254.160362 0.0
6781886250.189079 0.0
6780860556.563823 0.0
6779835173.143807 0.0
6778810099.788327 0.0
6777785336.356765 0.0
6776760882.708585 0.0
6775736738.703341 0.0
6774712904.2006645 0.0
6773689379.060281 0.0
6772666163.1419935 0.0
6771643256.305695 0.0
6770620658.411355 0.0
6769598369.31904 0.0
6768576388.888888 0.0
6767554716.9811325 0.0
6766533353.456081 0.0
6765512298.174136 0.0
6764491550.995775 0.0
6763471111.781566 0.0
6762450980.392157 0.0
6761431156.688283 0.0
6760411640.530759 0.0
6759392431.780492 0.0
6758373530.298462 0.0
6757354935.945743 0.0
6756336648.583484 0.0
6755318668.072925 0.0
6754300994.275384 0.0
6753283627.052267 0.0
6752266566.265059 0.0
6751249811.775335 0.0
6750233363.444745 0.0
6749217221.13503 0.0
6748201384.708007 0.0
6747185854.025583 0.0
6746170628.949743 0.0
6745155709.342561 0.0
6744141095.066186 0.0
6743126785.982855 0.0
6742112781.954886 0.0
6741099082.844686 0.0
6740085688.514732 0.0
6739072598.827597 0.0
6738059813.645926 0.0
6737047332.832457 0.0
6736035156.25 0.0
6735023283.761454 0.0
6734011715.229798 0.0
6733000450.518095 0.0
6731989489.48949 0.0
6730978832.007206 0.0
6729968477.934553 0.0
6728958427.134924 0.0
6727948679.471789 0.0
6726939234.8087015 0.0
6725930093.009301 0.0
6724921253.937303 0.0
6723912717.456509 0.0
6722904483.430799 0.0
6721896551.724138 0.0
6720888922.200569 0.0
6719881594.724221 0.0
6718874569.159298 0.0
6717867845.370093 0.0
6716861423.220973 0.0
6715855302.576393 0.0
6714849483.300883 0.0
6713843965.25906 0.0
6712838748.315616 0.0
6711833832.33533 0.0
6710829217.183056 0.0
6709824902.723736 0.0
6708820888.822385 0.0
6707817175.344106 0.0
6706813762.154076 0.0
6705810649.117559 0.0
6704807836.099895 0.0
6703805322.966508 0.0
6702803109.582897 0.0
6701801195.814649 0.0
6700799581.527425 0.0
6699798266.58697 0.0
6698797250.859106 0.0
6697796534.209741 0.0
6696796116.504854 0.0
6695795997.610514 0.0
6694796177.392862 0.0
6693796655.718125 0.0
6692797432.452604 0.0
6691798507.462687 0.0
6690799880.614833 0.0
6689801551.77559 0.0
6688803520.811577 0.0
6687805787.589499 0.0
6686808351.976137 0.0
6685811213.838354 0.0
6684814373.043089 0.0
6683817829.457365 0.0
6682821582.948277 0.0
6681825633.383011 0.0
6680829980.628818 0.0
6679834624.553039 0.0
6678839565.023089 0.0
6677844801.906464 0.0
6676850335.070737 0.0
6675856164.383561 0.0
6674862289.712668 0.0
6673868710.92587 0.0
6672875427.891055 0.0
6671882440.47619 0.0
6670889748.549322 0.0
6669897351.978578 0.0
6668905250.632158 0.0
6667913444.3783455 0.0
6666921933.085502 0.0
6665930716.622063 0.0
6664939794.856548 0.0
6663949167.65755 0.0
6662958834.893743 0.0
6661968796.433878 0.0
6660979052.146784 0.0
6659989601.901366 0.0
6659000445.566611 0.0
6658011583.011582 0.0
6657023014.10542 0.0
6656034738.7173395 0.0
6655046756.716639 0.0
6654059067.972692 0.0
6653071672.354949 0.0
6652084569.732937 0.0
6651097759.976265 0.0
6650111242.954613 0.0
6649125018.537744 0.0
6648139086.595491 0.0
6647153446.997777 0.0
6646168099.614586 0.0
6645183044.315992 0.0
6644198280.972139 1.0
6643213809.453253 1.0
6642229629.629629 1.0
6641245741.371649 1.0
6640262144.549763 1.0
6639278839.034504 1.0
6638295824.696476 1.0
6637313101.406366 1.0
6636330669.034931 1.0
6635348527.453012 1.0
6634366676.531518 1.0
6633385116.141441 1.0
6632403846.153846 1.0
6631422866.439877 1.0
6630442176.870748 1.0
6629461777.317759 1.0
6628481667.652276 1.0
6627501847.74575 1.0
6626522317.469701 1.0
6625543076.69573 1.0
6624564125.295507 1.0
6623585463.140788 1.0
6622607090.103397 1.0
6621629006.055235 1.0
6620651210.86828 1.0
6619673704.414587 1.0
6618696486.566282 1.0
6617719557.195572 1.0
6616742916.174734 1.0
6615766563.376124 1.0
6614790498.672174 1.0
6613814721.935389 1.0
6612839233.038347 1.0
6611864031.853708 1.0
6610889118.254202 1.0
6609914492.112634 1.0
6608940153.301887 1.0
6607966101.694915 1.0
6606992337.164751 1.0
6606018859.584499 1.0
6605045668.827342 1.0
6604072764.766534 1.0
6603100147.275405 1.0
6602127816.22736 1.0
6601155771.495877 1.0
6600184012.954512 1.0
6599212540.4768915 1.0
6598241353.936718 1.0
6597270453.207769 1.0
6596299838.163896 1.0
6595329508.679024 1.0
6594359464.627151 1.0
6593389705.882353 1.0
6592420232.318776 1.0
6591451043.810644 1.0
6590482140.23225 1.0
6589513521.457966 1.0
6588545187.362233 1.0
6587577137.8195715 1.0
6586609372.704569 1.0
6585641891.8918915 1.0
6584674695.256278 1.0
6583707782.672541 1.0
6582741154.015563 1.0
6581774809.160306 1.0
6580808747.981799 1.0
6579842970.355152 1.0
6578877476.155539 1.0
6577912265.258217 1.0
6576947337.5385065 1.0
6575982692.871811 1.0
6575018331.133597 1.0
6574054252.199414 1.0
6573090455.944876 1.0
6572126942.245676 1.0
6571163710.977575 1.0
6570200762.016414 1.0
6569238095.238095 1.0
6568275710.518605 1.0
6567313607.733997 1.0
6566351786.760398 1.0
6565390247.474008 1.0
6564428989.751098 1.0
6563468013.468013 1.0
6562507318.501171 1.0
6561546904.727059 1.0
6560586772.022242 1.0
6559626920.2633505 1.0
6558667349.327091 1.0
6557708059.090244 1.0
6556749049.429658 1.0
6555790320.222255 1.0
6554831871.345029 1.0
6553873702.675047 1.0
6552915814.089447 1.0
6551958205.465439 1.0
6551000876.680304 1.0
6550043827.611395 1.0
6549087058.136138 1.0
6548130568.132029 1.0
6547174357.476635 1.0
6546218426.047598 1.0
6545262773.722628 1.0
6544307400.379506 1.0
6543352305.896089 1.0
6542397490.150299 1.0
6541442953.020134 1.0
6540488694.383661 1.0
6539534714.1190195 1.0
6538581012.104419 1.0
6537627588.218139 1.0
6536674442.338533 1.0
6535721574.344023 1.0
6534768984.113103 1.0
6533816671.524337 1.0
6532864636.45636 1.0
6531912878.787879 1.0
6530961398.397669 1.0
6530010195.164578 1.0
6529059268.9675255 1.0
6528108619.685497 1.0
6527158247.197555 1.0
6526208151.382824 1.0
6525258332.120506 1.0
6524308789.289872 1.0
6523359522.770261 1.0
6522410532.441082 1.0
6521461818.181818 1.0
6520513379.872019 1.0
6519565217.391305 1.0
6518617330.619366 1.0
6517669719.435965 1.0
6516722383.72093 1.0
6515775323.354164 1.0
6514828538.215634 1.0
6513882028.185384 1.0
6512935793.143521 1.0
6511989832.970225 1.0
6511044147.545745 1.0
6510098736.7504 1.0
6509153600.464576 1.0
6508208738.568732 1.0
6507264150.943396 1.0
6506319837.469163 1.0
6505375798.026697 1.0
6504432032.496736 1.0
6503488540.760081 1.0
6502545322.697607 1.0
6501602378.190255 1.0
6500659707.119037 1.0
6499717309.365033 1.0
6498775184.809393 1.0
6497833333.333333 1.0
6496891754.818142 1.0
6495950449.145175 1.0
6495009416.195857 1.0
6494068655.85168 1.0
6493128167.994207 1.0
6492187952.505068 1.0
6491248009.265962 1.0
6490308338.158656 1.0
6489368939.064987 1.0
6488429811.866859 1.0
6487490956.446245 1.0
6486552372.685185 1.0
6485614060.465789 1.0
6484676019.670234 1.0
6483738250.180766 1.0
6482800751.879699 1.0
6481863524.649414 1.0
6480926568.372362 1.0
6479989882.931059 1.0
6479053468.208093 1.0
6478117324.086115 1.0
6477181450.447847 1.0
6476245847.17608 1.0
6475310514.153668 1.0
6474375451.263537 1.0
6473440658.38868 1.0
6472506135.412155 1.0
6471571882.21709 1.0
6470637898.686679 1.0
6469704184.704185 1.0
6468770740.152936 1.0
6467837564.91633 1.0
6466904658.8778305 1.0
6465972021.920969 1.0
6465039653.929344 1.0
6464107554.786621 1.0
6463175724.376532 1.0
6462244162.582877 1.0
6461312869.289523 1.0
6460381844.3804035 1.0
6459451087.739519 1.0
6458520599.2509365 1.0
6457590378.79879 1.0
6456660426.267281 1.0
6455730741.540677 1.0
6454801324.503311 1.0
6453872175.039585 1.0
6452943293.033966 1.0
6452014678.370989 1.0
6451086330.935251 1.0
6450158250.611423 1.0
6449230437.284235 1.0
6448302890.838487 1.0
6447375611.159044 1.0
6446448598.130841 1.0
6445521851.638873 1.0
6444595371.568205 1.0
6443669157.803966 1.0
6442743210.231355 1.0
6441817528.735632 1.0
6440892113.2021265 1.0
6439966963.51623 1.0
6439042079.563407 1.0
6438117461.229178 1.0
6437193108.399138 1.0
6436269020.958942 1.0
6435345198.794316 1.0
6434421641.791045 1.0
6433498349.834984 1.0
6432575322.812052 1.0
6431652560.608234 1.0
6430730063.109581 1.0
6429807830.2022085 1.0
6428885861.772297 1.0
6427964157.706093 1.0
6427042717.889908 1.0
6426121542.210119 1.0
6425200630.553167 1.0
6424279982.805559 1.0
6423359598.8538685 1.0
6422439478.58473 1.0
6421519621.884847 1.0
6420600028.6409855 1.0
6419680698.739977 1.0
6418761632.068719 1.0
6417842828.514172 1.0
6416924287.963361 1.0
6416006010.303377 1.0
6415087995.421376 1.0
6414170243.204578 1.0
6413252753.540266 1.0
6412335526.315789 1.0
6411418561.418561 1.0
6410501858.736059 1.0
6409585418.155826 1.0
6408669239.565466 1.0
6407753322.852652 1.0
6406837667.905116 1.0
6405922274.610659 1.0
6405007142.857142 1.0
6404092272.5324955 1.0
6403177663.524707 1.0
6402263315.721833 1.0
6401349229.011993 1.0
6400435403.283369 1.0
6399521838.424208 1.0
6398608534.32282 1.0
6397695490.867579 1.0
6396782707.946924 1.0
6395870185.449358 1.0
6394957923.263443 1.0
6394045921.277809 1.0
6393134179.381148 1.0
6392222697.462218 1.0
6391311475.409836 1.0
6390400513.1128845 1.0
6389489810.46031 1.0
6388579367.341123 1.0
6387669183.644394 1.0
6386759259.259259 1.0
6385849594.074918 1.0
6384940187.980633 1.0
6384031040.865726 1.0
6383122152.61959 1.0
6382213523.131672 1.0
6381305152.291489 1.0
6380397039.988615 1.0
6379489186.112692 1.0
6378581590.553421 1.0
6377674253.200569 1.0
6376767173.943962 1.0
6375860352.673492 1.0
6374953789.279112 1.0
6374047483.650839 1.0
6373141435.678749 1.0
6372235645.252985 1.0
6371330112.263748 1.0
6370424836.601307 1.0
6369519818.155988 1.0
6368615056.818182 1.0
6367710552.478341 1.0
6366806305.026981 1.0
6365902314.354678 1.0
6364998580.352073 1.0
6364095102.909865 1.0
6363191881.918819 1.0
6362288917.26976 1.0
6361386208.853576 1.0
6360483756.561214 1.0
6359581560.283688 1.0
6358679619.912069 1.0
6357777935.337493 1.0
6356876506.451156 1.0
6355975333.144316 1.0
6355074415.308292 1.0
6354173752.834467 1.0
6353273345.614284 1.0
6352373193.539247 1.0
6351473296.500921 1.0
6350573654.390935 1.0
6349674267.100977 1.0
6348775134.522799 1.0
6347876256.548209 1.0
6346977633.069082 1.0
6346079263.977353 1.0
6345181149.165015 1.0
6344283288.524126 1.0
6343385681.946802 1.0
6342488329.325223 1.0
6341591230.551626 1.0
6340694385.518314 1.0
6339797794.117646 1.0
6338901456.242047 1.0
6338005371.783998 1.0
6337109540.636043 1.0
6336213962.690785 1.0
6335318637.840893 1.0
6334423565.979091 1.0
6333528746.998164 1.0
6332634180.790959 1.0
6331739867.250388 1.0
6330845806.269416 1.0
6329951997.741071 1.0
6329058441.558441 1.0
6328165137.614679 1.0
6327272085.802992 1.0
6326379286.01665 1.0
6325486738.148984 1.0
6324594442.093384 1.0
6323702397.7433 1.0
6322810604.992244 1.0
6321919063.733784 1.0
6321027773.861554 1.0
6320136735.269241 1.0
6319245947.850599 1.0
6318355411.499435 1.0
6317465126.109624 1.0
6316575091.575091 1.0
6315685307.789829 1.0
6314795774.647886 1.0
6313906492.043374 1.0
6313017459.87046 1.0
6312128678.023371 1.0
6311240146.396396 1.0
6310351864.883884 1.0
6309463833.380242 1.0
6308576051.779936 1.0
6307688519.977489 1.0
6306801237.867492 1.0
6305914205.344585 1.0
6305027422.303473 1.0
6304140888.63892 1.0
6303254604.245748 1.0
6302368569.018836 1.0
6301482782.8531275 1.0
6300597245.6436205 1.0
6299711957.285374 1.0
6298826917.673504 1.0
6297942126.703189 1.0
6297057584.269663 1.0
6296173290.26822 1.0
6295289244.594215 1.0
6294405447.143057 1.0
6293521897.810219 1.0
6292638596.491227 1.0
6291755543.081673 1.0
6290872737.477199 1.0
6289990179.573513 1.0
6289107869.2663765 1.0
6288225806.451613 1.0
6287343991.025101 1.0
6286462422.882782 1.0
6285581101.92065 1.0
6284700028.034763 1.0
6283819201.121233 1.0
6282938621.076234 1.0
6282058287.795992 1.0
6281178201.176801 1.0
6280298361.115002 1.0
6279418767.507003 1.0
6278539420.249265 1.0
6277660319.238309 1.0
6276781464.370712 1.0
6275902855.543114 1.0
6275024492.652204 1.0
6274146375.594739 1.0
6273268504.267525 1.0
6272390878.567431 1.0
6271513498.391383 1.0
6270636363.636364 1.0
6269759474.199412 1.0
6268882829.977629 1.0
6268006430.868168 1.0
6267130276.768242 1.0
6266254367.575122 1.0
6265378703.186138 1.0
6264503283.4986725 1.0
6263628108.410171 1.0
6262753177.8181305 1.0
6261878491.620112 1.0
6261004049.713727 1.0
6260129851.996649 1.0
6259255898.366606 1.0
6258382188.721385 1.0
6257508722.958828 1.0
6256635500.976835 1.0
6255762522.673364 1.0
6254889787.946429 1.0
6254017296.694099 1.0
6253145048.814506 1.0
6252273044.205829 1.0
6251401282.766314 1.0
6250529764.394257 1.0
6249658488.988012 1.0
6248787456.445992 1.0
6247916666.666667 1.0
6247046119.548558 1.0
6246175814.990248 1.0
6245305752.890374 1.0
6244435933.147632 1.0
6243566355.660771 1.0
6242697020.328599 1.0
6241827927.049978 1.0
6240959075.72383 1.0
6240090466.24913 1.0
6239222098.524909 1.0
6238353972.450257 1.0
6237486087.924317 1.0
6236618444.846293 1.0
6235751043.1154375 1.0
6234883882.631067 1.0
6234016963.292547 1.0
6233150284.999305 1.0
6232283847.65082 1.0
6231417651.14663 1.0
6230551695.386325 1.0
6229685980.269557 1.0
6228820505.696026 1.0
6227955271.5654955 1.0
6227090277.777778 1.0
6226225524.232746 1.0
6225361010.830324 1.0
6224496737.470499 1.0
6223632704.053304 1.0
6222768910.478834 1.0
6221905356.647238 1.0
6221042042.458721 1.0
6220178967.81354 1.0
6219316132.612013 1.0
6218453536.754507 1.0
6217591180.141451 1.0
6216729062.673322 1.0
6215867184.250659 1.0
6215005544.77405 1.0
6214144144.144144 1.0
6213282982.261641 1.0
6212422059.027297 1.0
6211561374.341923 1.0
6210700928.106386 1.0
6209840720.221606 1.0
6208980750.588561 1.0
6208121019.10828 1.0
6207261525.68185 1.0
6206402270.21041 1.0
6205543252.595156 1.0
6204684472.737337 1.0
6203825930.5382595 1.0
6202967625.899281 1.0
6202109558.721815 1.0
6201251728.9073305 1.0
6200394136.35735 1.0
6199536780.973452 1.0
6198679662.657266 1.0
6197822781.310478 1.0
6196966136.834831 1.0
6196109729.132117 1.0
6195253558.104186 1.0
6194397623.652943 1.0
6193541925.680342 1.0
6192686464.088398 1.0
6191831238.779174 1.0
6190976249.654791 1.0
6190121496.617423 1.0
6189266979.569299 1.0
6188412698.412698 1.0
6187558653.049958 1.0
6186704843.383469 1.0
6185851269.315674 1.0
6184997930.749068 1.0
6184144827.586206 1.0
6183291959.729692 1.0
6182439327.082185 1.0
6181586929.546394 1.0
6180734767.025089 1.0
6179882839.421088 1.0
6179031146.637266 1.0
6178179688.576547 1.0
6177328465.141912 1.0
6176477476.236396 1.0
6175626721.763085 1.0
6174776201.62512 1.0
6173925915.725696 1.0
6173075863.968057 1.0
6172226046.255507 1.0
6171376462.491397 1.0
6170527112.579136 1.0
6169677996.422182 1.0
6168829113.924051 1.0
6167980464.988306 1.0
6167132049.51857 1.0
6166283867.418511 1.0
6165435918.59186 1.0
6164588202.9423895 1.0
6163740720.373935 1.0
6162893470.790378 1.0
6162046454.095657 1.0
6161199670.193761 1.0
6160353118.988733 1.0
6159506800.384668 1.0
6158660714.285715 1.0
6157814860.596071 1.0
6156969239.219995 1.0
6156123850.061788 1.0
6155278693.02581 1.0
6154433768.016472 1.0
6153589074.938238 1.0
6152744613.695622 1.0
6151900384.193194 1.0
6151056386.335574 1.0
6150212620.027435 1.0
6149369085.173501 1.0
6148525781.678553 1.0
6147682709.447415 1.0
6146839868.384974 1.0
6145997258.396161 1.0
6145154879.385964 1.0
6144312731.259421 1.0
6143470813.921622 1.0
6142629127.27771 1.0
6141787671.232877 1.0
6140946445.69237 1.0
6140105450.56149 1.0
6139264685.7455845 1.0
6138424151.150055 1.0
6137583846.680356 1.0
6136743772.241993 1.0
6135903927.740523 1.0
6135064313.081554 1.0
6134224928.170748 1.0
6133385772.913816 1.0
6132546847.216523 1.0
6131708150.984682 1.0
6130869684.124162 1.0
6130031446.54088 1.0
6129193438.140807 1.0
6128355658.829962 1.0
6127518108.514419 1.0
6126680787.100301 1.0
6125843694.493784 1.0
6125006830.601092 1.0
6124170195.328506 1.0
6123333788.582355 1.0
6122497610.269016 1.0
6121661660.294921 1.0
6120825938.566553 1.0
6119990444.990445 1.0
6119155179.473182 1.0
6118320141.921397 1.0
6117485332.241779 1.0
6116650750.3410635 1.0
6115816396.12604 1.0
6114982269.503546 1.0
6114148370.380472 1.0
6113314698.663757 1.0
6112481254.260396 1.0
6111648037.077426 1.0
6110815047.021944 1.0
6109982284.00109 1.0
6109149747.922061 1.0
6108317438.692098 1.0
6107485356.218499 1.0
6106653500.4086075 1.0
6105821871.169822 1.0
6104990468.409586 1.0
6104159292.0353985 1.0
6103328341.954805 1.0
6102497618.075405 1.0
6101667120.304845 1.0
6100836848.550824 1.0
6100006802.721088 1.0
6099176982.723439 1.0
6098347388.465723 1.0
6097518019.855841 1.0
6096688876.801741 1.0
6095859959.211421 1.0
6095031266.99293 1.0
6094202800.05437 1.0
6093374558.303886 1.0
6092546541.64968 1.0
6091718750.0 1.0
6090891183.263144 1.0
6090063841.34746 1.0
6089236724.161347 1.0
6088409831.613254 1.0
6087583163.611676 1.0
6086756720.065164 1.0
6085930500.882313 1.0
6085104505.971769 1.0
6084278735.24223 1.0
6083453188.602443 1.0
6082627865.961199 1.0
6081802767.227346 1.0
6080977892.309779 1.0
6080153241.11744 1.0
6079328813.559321 1.0
6078504609.544468 1.0
6077680628.981971 1.0
6076856871.780971 1.0
6076033337.850657 1.0
6075210027.100271 1.0
6074386939.4391 1.0
6073564074.776484 1.0
6072741433.021807 1.0
6071919014.084507 1.0
6071096817.874069 1.0
6070274844.300028 1.0
6069453093.271964 1.0
6068631564.6995125 1.0
6067810258.492353 1.0
6066989174.560217 1.0
6066168312.8128805 1.0
6065347673.160173 1.0
6064527255.5119705 1.0
6063707059.778199 1.0
6062887085.86883 1.0
6062067333.693889 1.0
6061247803.1634445 1.0
6060428494.187619 1.0
6059609406.676578 1.0
6058790540.540541 1.0
6057971895.689772 1.0
6057153472.034586 1.0
6056335269.485344 1.0
6055517287.952458 1.0
6054699527.346388 1.0
6053881987.577641 1.0
6053064668.55677 1.0
6052247570.194385 1.0
6051430692.401134 1.0
6050614035.087719 1.0
6049797598.16489 1.0
6048981381.543443 1.0
6048165385.134224 1.0
6047349608.848125 1.0
6046534052.596089 1.0
6045718716.289104 1.0
6044903599.838209 1.0
6044088703.154489 1.0
6043274026.149076 1.0
6042459568.733153 1.0
6041645330.817949 1.0
6040831312.31474 1.0
6040017513.134851 1.0
6039203933.189655 1.0
6038390572.390573 1.0
6037577430.649071 1.0
6036764507.876666 1.0
6035951803.984921 1.0
6035139318.885448 1.0
6034327052.489905 1.0
6033515004.709998 1.0
6032703175.457481 1.0
6031891564.644155 1.0
6031080172.181867 1.0
6030268997.982515 1.0
6029458041.958042 1.0
6028647304.020438 1.0
6027836784.081742 1.0
6027026482.054039 1.0
6026216397.8494625 1.0
6025406531.380191 1.0
6024596882.558452 1.0
6023787451.29652 1.0
6022978237.506717 1.0
6022169241.101411 1.0
6021360461.993016 1.0
6020551900.093998 1.0
6019743555.316863 1.0
6018935427.574172 1.0
6018127516.778523 1.0
6017319822.842571 1.0
6016512345.679012 1.0
6015705085.200591 1.0
6014898041.320097 1.0
6014091213.950369 1.0
6013284603.004292 1.0
6012478208.394797 1.0
6011672030.034862 1.0
6010866067.837512 1.0
6010060321.715817 1.0
6009254791.582898 1.0
6008449477.351916 1.0
6007644378.936085 1.0
6006839496.24866 1.0
6006034829.202947 1.0
6005230377.712296 1.0
6004426141.690104 1.0
6003622121.049812 1.0
6002818315.704913 1.0
6002014725.568942 1.0
6001211350.555481 1.0
6000408190.578158 1.0
5999605245.550649 1.0
5998802515.386674 1.0
5997999999.999999 1.0
5997197699.3044405 1.0
5996395613.213856 1.0
5995593741.64215 1.0
5994792084.503275 1.0
5993990641.71123 1.0
5993189413.180057 1.0
5992388398.823844 1.0
5991587598.556728 1.0
5990787012.2928915 1.0
5989986639.94656 1.0
5989186481.432007 1.0
5988386536.66355 1.0
5987586805.555555 1.0
5986787288.022433 1.0
5985987983.978639 1.0
5985188893.338673 1.0
5984390016.017085 1.0
5983591351.928467 1.0
5982792900.987456 1.0
5981994663.108739 1.0
5981196638.207044 1.0
5980398826.197145 1.0
5979601226.993865 1.0
5978803840.512068 1.0
5978006666.666667 1.0
5977209705.372617 1.0
5976412956.544921 1.0
5975616420.098626 1.0
5974820095.948828 1.0
5974023984.010659 1.0
5973228084.199307 1.0
5972432396.429998 1.0
5971636920.618009 1.0
5970841656.678653 1.0
5970046604.527297 1.0
5969251764.0793495 1.0
5968457135.250267 1.0
5967662717.9555435 1.0
5966868512.110726 1.0
5966074517.631403 1.0
5965280734.433209 1.0
5964487162.431821 1.0
5963693801.542964 1.0
5962900651.682404 1.0
5962107712.765958 1.0
5961314984.70948 1.0
5960522467.428875 1.0
5959730160.840091 1.0
5958938064.8591175 1.0
5958146179.401994 1.0
5957354504.384799 1.0
5956563039.72366 1.0
5955771785.33475 1.0
5954980741.134281 1.0
5954189907.038512 1.0
5953399282.963751 1.0
5952608868.826341 1.0
5951818664.542679 1.0
5951028670.029201 1.0
5950238885.202388 1.0
5949449309.978768 1.0
5948659944.274911 1.0
5947870788.007428 1.0
5947081841.092984 1.0
5946293103.448276 1.0
5945504574.990054 1.0
5944716255.635109 1.0
5943928145.300278 1.0
5943140243.902439 1.0
5942352551.358516 1.0
5941565067.585475 1.0
5940777792.500332 1.0
5939990726.020138 1.0
5939203868.0619955 1.0
5938417218.543046 1.0
5937630777.380479 1.0
5936844544.491526 1.0
5936058519.79346 1.0
5935272703.2036 1.0
5934487094.639313 1.0
5933701694.017999 1.0
5932916501.2571125 1.0
5932131516.274146 1.0
5931346738.986639 1.0
5930562169.312169 1.0
5929777807.168365 1.0
5928993652.47289 1.0
5928209705.143462 1.0
5927425965.097832 1.0
5926642432.2538 1.0
5925859106.529209 1.0
5925075987.841946 1.0
5924293076.109937 1.0
5923510371.251156 1.0
5922727873.183619 1.0
5921945581.825387 1.0
5921163497.094559 1.0
5920381618.909283 1.0
5919599947.187747 1.0
5918818481.848186 1.0
5918037222.80887 1.0
5917256169.988122 1.0
5916475323.304301 1.0
5915694682.675816 1.0
5914914248.021109 1.0
5914134019.258673 1.0
5913353996.307042 1.0
5912574179.084795 1.0
5911794567.510549 1.0
5911015161.502967 1.0
5910235960.980754 1.0
5909456965.86266 1.0
5908678176.067475 1.0
5907899591.514033 1.0
5907121212.121212 1.0
5906343037.807931 1.0
5905565068.493151 1.0
5904787304.095878 1.0
5904009744.53516 1.0
5903232389.730085 1.0
5902455239.59979 1.0
5901678294.063445 1.0
5900901553.040274 1.0
5900125016.4495325 1.0
5899348684.210526 1.0
5898572556.2425995 1.0
5897796632.465141 1.0
5897020912.79758 1.0
5896245397.1593895 1.0
5895470085.470085 1.0
5894694977.649223 1.0
5893920073.616406 1.0
5893145373.291272 1.0
5892370876.593507 1.0
5891596583.44284 1.0
5890822493.759033 1.0
5890048607.461903 1.0
5889274924.471298 1.0
5888501444.707118 1.0
5887728168.089297 1.0
5886955094.537815 1.0
5886182223.9726925 1.0
5885409556.313994 1.0
5884637091.481822 1.0
5883864829.396326 1.0
5883092769.977693 1.0
5882320913.146155 1.0
5881549258.821986 1.0
5880777806.925499 1.0
5880006557.3770485 1.0
5879235510.097037 1.0
5878464665.0059 1.0
5877694022.024122 1.0
5876923581.072224 1.0
5876153342.070774 1.0
5875383304.940375 1.0
5874613469.601677 1.0
5873843835.975369 1.0
5873074403.982185 1.0
5872305173.542894 1.0
5871536144.578314 1.0
5870767317.009296 1.0
5869998690.7567425 1.0
5869230265.74159 1.0
5868462041.884817 1.0
5867694019.107446 1.0
5866926197.330542 1.0
5866158576.475206 1.0
5865391156.462585 1.0
5864623937.213864 1.0
5863856918.650275 1.0
5863090100.693083 1.0
5862323483.2635975 1.0
5861557066.283174 1.0
5860790849.6732025 1.0
5860024833.355117 1.0
5859259017.250392 1.0
5858493401.280543 1.0
5857727985.367128 1.0
5856962769.431745 1.0
5856197753.3960285 1.0
5855432937.1816635 1.0
5854668320.710368 1.0
5853903903.903904 1.0
5853139686.6840725 1.0
5852375668.972718 1.0
5851611850.691726 1.0
5850848231.763018 1.0
5850084812.108559 1.0
5849321591.65036 1.0
5848558570.310462 1.0
5847795748.010956 1.0
5847033124.673969 1.0
5846270700.221671 1.0
5845508474.576271 1.0
5844746447.660019 1.0
5843984619.395203 1.0
5843222989.704159 1.0
5842461558.509253 1.0
5841700325.7329 1.0
5840939291.29755 1.0
5840178455.1257 1.0
5839417817.13988 1.0
5838657377.262665 1.0
5837897135.416666 1.0
5837137091.524542 1.0
5836377245.508983 1.0
5835617597.292725 1.0
5834858146.798542 1.0
5834098893.949251 1.0
5833339838.667707 1.0
5832580980.876805 1.0
5831822320.499479 1.0
5831063857.458708 1.0
5830305591.677504 1.0
5829547523.078923 1.0
5828789651.586063 1.0
5828031977.122059 1.0
5827274499.610086 1.0
5826517218.97336 1.0
5825760135.135135 1.0
5825003248.018709 1.0
5824246557.547415 1.0
5823490063.6446295 1.0
5822733766.233766 1.0
5821977665.238281 1.0
5821221760.581667 1.0
5820466052.187459 1.0
5819710539.979231 1.0
5818955223.880597 1.0
5818200103.815209 1.0
5817445179.706759 1.0
5816690451.478983 1.0
5815935919.05565 1.0
5815181582.360571 1.0
5814427441.317597 1.0
5813673495.850622 1.0
5812919745.883574 1.0
5812166191.340421 1.0
5811412832.145171 1.0
5810659668.221876 1.0
5809906699.494622 1.0
5809153925.887536 1.0
5808401347.324782 1.0
5807648963.73057 1.0
5806896775.029141 1.0
5806144781.144781 1.0
5805392982.001812 1.0
5804641377.524598 1.0
5803889967.637541 1.0
5803138752.2650795 1.0
5802387731.331694 1.0
5801636904.761905 1.0
5800886272.480269 1.0
5800135834.411385 1.0
5799385590.479886 1.0
5798635540.61045 1.0
5797885684.72779 1.0
5797136022.7566595 1.0
5796386554.621848 1.0
5795637280.248191 1.0
5794888199.560554 1.0
5794139312.483847 1.0
5793390618.943015 1.0
5792642118.863049 1.0
5791893812.168971 1.0
5791145698.785844 1.0
5790397778.63877 1.0
5789650051.652894 1.0
5788902517.753389 1.0
5788155176.865479 1.0
5787408028.914418 1.0
5786661073.825503 1.0
5785914311.524068 1.0
5785167741.935484 1.0
5784421364.985163 1.0
5783675180.598556 1.0
5782929188.701148 1.0
5782183389.218469 1.0
5781437782.076079 1.0
5780692367.199587 1.0
5779947144.514632 1.0
5779202113.946894 1.0
5778457275.422091 1.0
5777712628.86598 1.0
5776968174.204355 1.0
5776223911.36305 1.0
5775479840.267938 1.0
5774735960.844925 1.0
5773992273.019961 1.0
5773248776.719031 1.0
5772505471.86816 1.0
5771762358.393409 1.0
5771019436.220879 1.0
5770276705.276705 1.0
5769534165.487067 1.0
5768791816.778178 1.0
5768049659.07629 1.0
5767307692.307692 1.0
5766565916.398713 1.0
5765824331.275721 1.0
5765082936.865115 1.0
5764341733.09334 1.0
5763600719.886874 1.0
5762859897.172236 1.0
5762119264.87598 1.0
5761378822.924698 1.0
5760638571.245021 1.0
5759898509.763618 1.0
5759158638.407194 1.0
5758418957.102491 1.0
5757679465.776294 1.0
5756940164.355419 1.0
5756201052.766723 1.0
5755462130.9370985 1.0
5754723398.793479 1.0
5753984856.262834 1.0
5753246503.272168 1.0
5752508339.748525 1.0
5751770365.618986 1.0
5751032580.810673 1.0
5750294985.250738 1.0
5749557578.866376 1.0
5748820361.584818 1.0
5748083333.333334 1.0
5747346494.039227 1.0
5746609843.629838 1.0
5745873382.032552 1.0
5745137109.174783 1.0
5744401024.983985 1.0
5743665129.3876505 1.0
5742929422.313309 1.0
5742193903.688525 1.0
5741458573.440902 1.0
5740723431.498079 1.0
5739988477.787735 1.0
5739253712.237583 1.0
5738519134.775374 1.0
5737784745.3288965 1.0
5737050543.825976 1.0
5736316530.194473 1.0
5735582704.3622875 1.0
5734849066.257355 1.0
5734115615.807648 1.0
5733382352.941177 1.0
5732649277.585986 1.0
5731916389.670161 1.0
5731183689.12182 1.0
5730451175.869122 1.0
5729718849.840256 1.0
5728986710.963455 1.0
5728254759.1669855 1.0
5727522994.379152 1.0
5726791416.528292 1.0
5726060025.542784 1.0
5725328821.351041 1.0
5724597803.881513 1.0
5723866973.062683 1.0
5723136328.823079 1.0
5722405871.091256 1.0
5721675599.7958145 1.0
5720945514.865382 1.0
5720215616.228629 1.0
5719485903.814262 1.0
5718756377.551021 1.0
5718027037.367682 1.0
5717297883.193063 1.0
5716568914.956011 1.0
5715840132.585416 1.0
5715111536.010198 1.0
5714383125.159317 1.0
5713654899.961769 1.0
5712926860.346585 1.0
5712199006.242833 1.0
5711471337.5796175 1.0
5710743854.286078 1.0
5710016556.291391 1.0
5709289443.524768 1.0
5708562515.915457 1.0
5707835773.392744 1.0
5707109215.885947 1.0
5706382843.324424 1.0
5705656655.637567 1.0
5704930652.754804 1.0
5704204834.605598 1.0
5703479201.119451 1.0
5702753752.225897 1.0
5702028487.854509 1.0
5701303407.934894 1.0
5700578512.396694 1.0
5699853801.16959 1.0
5699129274.183298 1.0
5698404931.367565 1.0
5697680772.65218 1.0
5696956797.966963 1.0
5696233007.241775 1.0
5695509400.406505 1.0
5694785977.391084 1.0
5694062738.125476 1.0
5693339682.539683 1.0
5692616810.563738 1.0
5691894122.127713 1.0
5691171617.161716 1.0
5690449295.595888 1.0
5689727157.360406 1.0
5689005202.385484 1.0
5688283430.60137 1.0
5687561841.938349 1.0
5686840436.326737 1.0
5686119213.696893 1.0
5685398173.979204 1.0
5684677317.104095 1.0
5683956643.002028 1.0
5683236151.603498 1.0
5682515842.839036 1.0
5681795716.63921 1.0
5681075772.934617 1.0
5680356011.655897 1.0
5679636432.733723 1.0
5678917036.098797 1.0
5678197821.681864 1.0
5677478789.413701 1.0
5676759939.22512 1.0
5676041271.046968 1.0
5675322784.810126 1.0
5674604480.445513 1.0
5673886357.884081 1.0
5673168417.056814 1.0
5672450657.894736 1.0
5671733080.328906 1.0
5671015684.290412 1.0
5670298469.710383 1.0
5669581436.5199795 1.0
5668864584.650398 1.0
5668147914.03287 1.0
5667431424.59866 1.0
5666715116.27907 1.0
5665998989.005434 1.0
5665283042.709123 1.0
5664567277.321542 1.0
5663851692.774128 1.0
5663136288.998358 1.0
5662421065.925739 1.0
5661706023.487815 1.0
5660991161.616161 1.0
5660276480.2423935 1.0
5659561979.298157 1.0
5658847658.715134 1.0
5658133518.425037 1.0
5657419558.359621 1.0
5656705778.450669 1.0
5655992178.629999 1.0
5655278758.829465 1.0
5654565518.980956 1.0
5653852459.016393 1.0
5653139578.867735 1.0
5652426878.4669695 1.0
5651714357.746123 1.0
5651002016.637258 1.0
5650289855.072464 1.0
5649577872.9838705 1.0
5648866070.303641 1.0
5648154446.963971 1.0
5647443002.89709 1.0
5646731738.035264 1.0
5646020652.310793 1.0
5645309745.656007 1.0
5644599018.003273 1.0
5643888469.284995 1.0
5643178099.433605 1.0
5642467908.381577 1.0
5641757896.061407 1.0
5641048062.405637 1.0
5640338407.346837 1.0
5639628930.817611 1.0
5638919632.750597 1.0
5638210513.078471 1.0
5637501571.733936 1.0
5636792808.649736 1.0
5636084223.758642 1.0
5635375816.993464 1.0
5634667588.287044 1.0
5633959537.572255 1.0
5633251664.782008 1.0
5632543969.849246 1.0
5631836452.706945 1.0
5631129113.288119 1.0
5630421951.525806 1.0
5629714967.353089 1.0
5629008160.703076 1.0
5628301531.508913 1.0
5627595079.703778 1.0
5626888805.220883 1.0
5626182707.993474 1.0
5625476787.954831 1.0
5624771045.038263 1.0
5624065479.17712 1.0
5623360090.304779 1.0
5622654878.354653 1.0
5621949843.260188 1.0
5621244984.9548645 1.0
5620540303.372194 1.0
5619835798.445726 1.0
5619131470.109036 1.0
5618427318.295739 1.0
5617723342.939482 1.0
5617019543.973942 1.0
5616315921.332832 1.0
5615612474.9499 1.0
5614909204.758923 1.0
5614206110.693714 1.0
5613503192.688118 1.0
5612800450.676014 1.0
5612097884.591313 1.0
5611395494.36796 1.0
5610693279.939933 1.0
5609991241.241241 1.0
5609289378.20593 1.0
5608587690.768076 1.0
5607886178.861789 1.0
5607184842.42121 1.0
5606483681.380518 1.0
5605782695.673919 1.0
5605081885.235655 1.0
5604381249.999999 1.0
5603680789.901261 1.0
5602980504.873781 1.0
5602280394.851931 1.0
5601580459.770114 1.0
5600880699.562774 1.0
5600181114.164376 1.0
5599481703.509429 1.0
5598782467.532467 1.0
5598083406.16806 1.0
5597384519.350812 1.0
5596685807.015354 1.0
5595987269.096356 1.0
5595288905.528517 1.0
5594590716.246569 1.0
5593892701.185278 1.0
5593194860.279441 1.0
5592497193.46389 1.0
5591799700.673485 1.0
5591102381.8431225 1.0
5590405236.907731 1.0
5589708265.80227 1.0
5589011468.46173 1.0
5588314844.821139 1.0
5587618394.815553 1.0
5586922118.380063 1.0
5586226015.449788 1.0
5585530085.959886 1.0
5584834329.845541 1.0
5584138747.041973 1.0
5583443337.484433 1.0
5582748101.108206 1.0
5582053037.848605 1.0
5581358147.640982 1.0
5580663430.420712 1.0
5579968886.123211 1.0
5579274514.683923 1.0
5578580316.038323 1.0
5577886290.121921 1.0
5577192436.870257 1.0
5576498756.2189045 1.0
5575805248.103471 1.0
5575111912.459587 1.0
5574418749.222927 1.0
5573725758.32919 1.0
5573032939.714108 1.0
5572340293.313448 1.0
5571647819.0630045 1.0
5570955516.898608 1.0
5570263386.756119 1.0
5569571428.571428 1.0
5568879642.280462 1.0
5568188027.819176 1.0
5567496585.123556 1.0
5566805314.129625 1.0
5566114214.773433 1.0
5565423286.991062 1.0
5564732530.71863 1.0
5564041945.892281 1.0
5563351532.4481945 1.0
5562661290.32258 1.0
5561971219.451681 1.0
5561281319.771769 1.0
5560591591.21915 1.0
5559902033.730158 1.0
5559212647.241165 1.0
5558523431.688569 1.0
5557834387.008801 1.0
5557145513.138325 1.0
5556456810.013633 1.0
5555768277.571252 1.0
5555079915.747739 1.0
5554391724.479682 1.0
5553703703.703704 1.0
5553015853.356453 1.0
5552328173.374613 1.0
5551640663.694899 1.0
5550953324.254055 1.0
5550266154.988859 1.0
5549579155.836119 1.0
5548892326.732672 1.0
5548205667.615395 1.0
5547519178.421183 1.0
5546832859.086974 1.0
5546146709.549728 1.0
5545460729.746444 1.0
5544774919.614148 1.0
5544089279.089897 1.0
5543403808.110782 1.0
5542718506.61392 1.0
5542033374.536465 1.0
5541348411.8155985 1.0
5540663618.388532 1.0
5539978994.1925125 1.0
5539294539.164814 1.0
5538610253.242743 1.0
5537926136.363636 1.0
5537242188.464864 1.0
5536558409.483823 1.0
5535874799.357946 1.0
5535191358.024692 1.0
5534508085.421553 1.0
5533824981.4860525 1.0
5533142046.155745 1.0
5532459279.368214 1.0
5531776681.061073 1.0
5531094251.171971 1.0
5530411989.638584 1.0
5529729896.398619 1.0
5529047971.389814 1.0
5528366214.549938 1.0
5527684625.8167925 1.0
5527003205.128205 1.0
5526321952.422039 1.0
5525640867.636185 1.0
5524959950.708565 1.0
5524279201.577131 1.0
5523598620.17987 1.0
5522918206.454792 1.0
5522237960.339942 1.0
5521557881.773399 1.0
5520877970.693265 1.0
5520198227.037676 1.0
5519518650.744799 1.0
5518839241.752831 1.0
5518160000.0 1.0
5517480925.424563 1.0
5516802017.9648075 1.0
5516123277.559055 1.0
5515444704.145652 1.0
5514766297.662977 1.0
5514088058.04944 1.0
5513409985.243483 1.0
5512732079.183574 1.0
5512054339.808212 1.0
5511376767.05593 1.0
5510699360.865291 1.0
5510022121.17488 1.0
5509345047.923323 1.0
5508668141.049269 1.0
5507991400.491401 1.0
5507314826.188429 1.0
5506638418.079096 1.0
5505962176.102173 1.0
5505286100.196464 1.0
5504610190.300798 1.0
5503934446.354039 1.0
5503258868.295078 1.0
5502583456.062838 1.0
5501908209.59627 1.0
5501233128.834356 1.0
5500558213.716107 1.0
5499883464.18057 1.0
5499208880.16681 1.0
5498534461.613932 1.0
5497860208.461067 1.0
5497186120.647376 1.0
5496512198.112051 1.0
5495838440.7943125 1.0
5495164848.633411 1.0
5494491421.568627 1.0
5493818159.539272 1.0
5493145062.484685 1.0
5492472130.344236 1.0
5491799363.057325 1.0
5491126760.56338 1.0
5490454322.801862 1.0
5489782049.712256 1.0
5489109941.234084 1.0
5488437997.306892 1.0
5487766217.870257 1.0
5487094602.863787 1.0
5486423152.227118 1.0
5485751865.899915 1.0
5485080743.821875 1.0
5484409785.932722 1.0
5483738992.172212 1.0
5483068362.480127 1.0
5482397896.796283 1.0
5481727595.060521 1.0
5481057457.212714 1.0
5480387483.192764 1.0
5479717672.9406 1.0
5479048026.396188 1.0
5478378543.499512 1.0
5477709224.190593 1.0
5477040068.40948 1.0
5476371076.096251 1.0
5475702247.191011 1.0
5475033581.6339 1.0
5474365079.365078 1.0
5473696740.324747 1.0
5473028564.453125 1.0
5472360551.690468 1.0
5471692701.9770565 1.0
5471025015.253203 1.0
5470357491.459249 1.0
5469690130.535562 1.0
5469022932.422541 1.0
5468355897.060617 1.0
5467689024.3902445 1.0
5467022314.351909 1.0
5466355766.886126 1.0
5465689381.933439 1.0
5465023159.4344225 1.0
5464357099.329678 1.0
5463691201.559834 1.0
5463025466.065554 1.0
5462359892.787524 1.0
5461694481.666464 1.0
5461029232.643119 1.0
5460364145.658263 1.0
5459699220.652703 1.0
5459034457.567271 1.0
5458369856.342829 1.0
5457705416.920268 1.0
5457041139.240506 1.0
5456377023.2444935 1.0
5455713068.873205 1.0
5455049276.067648 1.0
5454385644.768857 1.0
5453722174.917893 1.0
5453058866.45585 1.0
5452395719.323848 1.0
5451732733.463036 1.0
5451069908.8145895 1.0
5450407245.319718 1.0
5449744742.919655 1.0
5449082401.555664 1.0
5448420221.169037 1.0
5447758201.701094 1.0
5447096343.093184 1.0
5446434645.286686 1.0
5445773108.223005 1.0
5445111731.8435755 1.0
5444450516.089861 1.0
5443789460.903352 1.0
5443128566.225567 1.0
5442467831.998058 1.0
5441807258.162398 1.0
5441146844.660194 1.0
5440486591.433079 1.0
5439826498.422713 1.0
5439166565.570787 1.0
5438506792.81902 1.0
5437847180.109157 1.0
5437187727.382974 1.0
5436528434.582273 1.0
5435869301.648885 0.0
5435210328.52467 0.0
5434551515.151515 0.0
5433892861.471337 0.0
5433234367.426079 0.0
5432576032.957711 0.0
5431917858.008239 0.0
5431259842.519686 0.0
5430601986.434109 0.0
5429944289.693594 0.0
5429286752.2402525 0.0
5428629374.016225 0.0
5427972154.96368 0.0
5427315095.024815 0.0
5426658194.141854 0.0
5426001452.25705 0.0
5425344869.312682 0.0
5424688445.251059 0.0
5424032180.014518 0.0
5423376073.545422 0.0
5422720125.786164 0.0
5422064336.679162 0.0
5421408706.166868 0.0
5420753234.191754 0.0
5420097920.696325 0.0
5419442765.623112 0.0
5418787768.914673 0.0
5418132930.513596 0.0
5417478250.362494 0.0
5416823728.40401 0.0
5416169364.580817 0.0
5415515158.8356085 0.0
5414861111.111112 0.0
5414207221.350079 0.0
5413553489.495292 0.0
5412899915.489557 0.0
5412246499.275713 0.0
5411593240.796619 0.0
5410940139.9951725 0.0
5410287196.814288 0.0
5409634411.196912 0.0
5408981783.086018 0.0
5408329312.424608 0.0
5407676999.155711 0.0
5407024843.222383 0.0
5406372844.567707 0.0
5405721003.134796 0.0
5405069318.866788 0.0
5404417791.706846 0.0
5403766421.598168 0.0
5403115208.483973 0.0
5402464152.3075075 0.0
5401813253.012048 0.0
5401162510.540898 0.0
5400511924.837389 0.0
5399861495.844875 0.0
5399211223.506744 0.0
5398561107.766406 0.0
5397911148.567301 0.0
5397261345.852896 0.0
5396611699.566682 0.0
5395962209.6521845 0.0
5395312876.052949 0.0
5394663698.71255 0.0
5394014677.574592 0.0
5393365812.582702 0.0
5392717103.680539 0.0
5392068550.811787 0.0
5391420153.920153 0.0
5390771912.949381 0.0
5390123827.843232 0.0
5389475898.545499 0.0
5388828125.0 0.0
5388180507.150583 0.0
5387533044.94112 0.0
5386885738.315512 0.0
5386238587.217683 0.0
5385591591.591592 0.0
5384944751.381216 0.0
5384298066.530563 0.0
5383651536.98367 0.0
5383005162.684596 0.0
5382358943.577432 0.0
5381712879.60629 0.0
5381066970.715314 0.0
5380421216.848675 0.0
5379775617.950564 0.0
5379130173.965207 0.0
5378484884.836853 0.0
5377839750.509776 0.0
5377194770.928281 0.0
5376549946.0366955 0.0
5375905275.779376 0.0
5375260760.100708 0.0
5374616398.945098 0.0
5373972192.256982 0.0
5373328139.980824 0.0
5372684242.061115 0.0
5372040498.442368 0.0
5371396909.069126 0.0
5370753473.88596 0.0
5370110192.837466 0.0
5369467065.868264 0.0
5368824092.923002 0.0
5368181273.946361 0.0
5367538608.883037 0.0
5366896097.677759 0.0
5366253740.275284 0.0
5365611536.620392 0.0
5364969486.657892 0.0
5364327590.332616 0.0
5363685847.589424 0.0
5363044258.373206 0.0
5362402822.628873 0.0
5361761540.301364 0.0
5361120411.335645 0.0
5360479435.676709 0.0
5359838613.269576 0.0
5359197944.059288 0.0
5358557427.990916 0.0
5357917065.009561 0.0
5357276855.060342 0.0
5356636798.088411 0.0
5355996894.038943 0.0
5355357142.857142 0.0
5354717544.488236 0.0
5354078098.877479 0.0
5353438805.970148 0.0
5352799665.711557 0.0
5352160678.047034 0.0
5351521842.921939 0.0
5350883160.281656 0.0
5350244630.071599 0.0
5349606252.237204 0.0
5348968026.723932 0.0
5348329953.477276 0.0
5347692032.442748 0.0
5347054263.565892 0.0
5346416646.7922735 0.0
5345779182.067485 0.0
5345141869.337149 0.0
5344504708.546907 0.0
5343867699.642432 0.0
5343230842.56942 0.0
5342594137.273594 0.0
5341957583.700704 0.0
5341321181.796522 0.0
5340684931.506848 0.0
5340048832.7775135 0.0
5339412885.554365 0.0
5338777089.783282 0.0
5338141445.410169 0.0
5337505952.380953 0.0
5336870610.641591 0.0
5336235420.1380625 0.0
5335600380.816375 0.0
5334965492.622561 0.0
5334330755.502677 0.0
5333696169.402807 0.0
5333061734.269062 0.0
5332427450.047574 0.0
5331793316.684505 0.0
5331159334.1260395 0.0
5330525502.318392 0.0
5329891821.207799 0.0
5329258290.740521 0.0
5328624910.862847 0.0
5327991681.521093 0.0
5327358602.661597 0.0
5326725674.230724 0.0
5326092896.174863 0.0
5325460268.440432 0.0
5324827790.973872 0.0
5324195463.721649 0.0
5323563286.630254 0.0
5322931259.646207 0.0
5322299382.71605 0.0
5321667655.78635 0.0
5321036078.803702 0.0
5320404651.7147255 0.0
5319773374.466066 0.0
5319142247.00439 0.0
5318511269.276393 0.0
5317880441.228799 0.0
5317249762.80835 0.0
5316619233.961817 0.0
5315988854.635997 0.0
5315358624.777711 0.0
5314728544.333808 0.0
5314098613.251156 0.0
5313468831.476652 0.0
5312839198.957223 0.0
5312209715.639811 0.0
5311580381.47139 0.0
5310951196.398957 0.0
5310322160.369536 0.0
5309693273.330175 0.0
5309064535.227946 0.0
5308435946.009945 0.0
5307807505.623299 0.0
5307179214.015152 0.0
5306551071.132679 0.0
5305923076.923077 0.0
5305295231.3335705 0.0
5304667534.311406 0.0
5304039985.803857 0.0
5303412585.758222 0.0
5302785334.121822 0.0
5302158230.842006 0.0
5301531275.866147 0.0
5300904469.141641 0.0
5300277810.615912 0.0
5299651300.236407 0.0
5299024937.950596 0.0
5298398723.70598 0.0
5297772657.450077 0.0
5297146739.130435 0.0
5296520968.694624 0.0
5295895346.090242 0.0
5295269871.264912 0.0
5294644544.166273 0.0
5294019364.742 0.0
5293394332.939788 0.0
5292769448.7073555 0.0
5292144711.992446 0.0
5291520122.742829 0.0
5290895680.9063015 0.0
5290271386.430679 0.0
5289647239.263804 0.0
5289023239.353544 0.0
5288399386.647795 0.0
5287775681.094469 0.0
5287152122.64151 0.0
5286528711.236882 0.0
5285905446.828578 0.0
5285282329.364613 0.0
5284659358.793023 0.0
5284036535.061873 0.0
5283413858.119256 0.0
5282791327.91328 0.0
5282168944.392083 0.0
5281546707.503828 0.0
5280924617.196701 0.0
5280302673.418915 0.0
5279680876.1187 0.0
5279059225.244318 0.0
5278437720.744055 0.0
5277816362.5662155 0.0
5277195150.659134 0.0
5276574084.971166 0.0
5275953165.450694 0.0
5275332392.0461235 0.0
5274711764.705883 0.0
5274091283.378426 0.0
5273470948.012233 0.0
5272850758.555804 0.0
5272230714.957667 0.0
5271610817.166372 0.0
5270991065.130496 0.0
5270371458.798637 0.0
5269751998.119417 0.0
5269132683.041485 0.0
5268513513.5135145 0.0
5267894489.484198 0.0
5267275610.902256 0.0
5266656877.716434 0.0
5266038289.875499 0.0
5265419847.328245 0.0
5264801550.023486 0.0
5264183397.910062 0.0
5263565390.93684 0.0
5262947529.052707 0.0
5262329812.206573 0.0
5261712240.347377 0.0
5261094813.42408 0.0
5260477531.385663 0.0
5259860394.181135 0.0
5259243401.759531 0.0
5258626554.069904 0.0
5258009851.061336 0.0
5257393292.682926 0.0
5256776878.883808 0.0
5256160609.613131 0.0
5255544484.820068 0.0
5254928504.45382 0.0
5254312668.463613 0.0
5253696976.798688 0.0
5253081429.408319 0.0
5252466026.241799 0.0
5251850767.248447 0.0
5251235652.377606 0.0
5250620681.57864 0.0
5250005854.800937 0.0
5249391171.993913 0.0
5248776633.107001 0.0
5248162238.089664 0.0
5247547986.891385 0.0
5246933879.461673 0.0
5246319915.750059 0.0
5245706095.706097 0.0
5245092419.279363 0.0
5244478886.419465 0.0
5243865497.076024 0.0
5243252251.19869 0.0
5242639148.737137 0.0
5242026189.641061 0.0
5241413373.860183 0.0
5240800701.344244 0.0
5240188172.043011 0.0
5239575785.906276 0.0
5238963542.883852 0.0
5238351442.925576 0.0
5237739485.981308 0.0
5237127672.000934 0.0
5236516000.934361 0.0
5235904472.73152 0.0
5235293087.342363 0.0
5234681844.716871 0.0
5234070744.805044 0.0
5233459787.556905 0.0
5232848972.922502 0.0
5232238300.851908 0.0
5231627771.295217 0.0
5231017384.202544 0.0
5230407139.524032 0.0
5229797037.209846 0.0
5229187077.210171 0.0
5228577259.47522 0.0
5227967583.955223 0.0
5227358050.600443 0.0
5226748659.361157 0.0
5226139410.187667 0.0
5225530303.030303 0.0
5224921337.839414 0.0
5224312514.56537 0.0
5223703833.158568 0.0
5223095293.569431 0.0
5222486895.748398 0.0
5221878639.645936 0.0
5221270525.21253 0.0
5220662552.398695 0.0
5220054721.154966 0.0
5219447031.431898 0.0
5218839483.180072 0.0
5218232076.350093 0.0
5217624810.892587 0.0
5217017686.758204 0.0
5216410703.8976145 0.0
5215803862.261518 0.0
5215197161.800629 0.0
5214590602.465691 0.0
5213984184.207465 0.0
5213377906.976744 0.0
5212771770.724335 0.0
5212165775.401071 0.0
5211559920.957805 0.0
5210954207.345422 0.0
5210348634.514817 0.0
5209743202.416919 0.0
5209137911.002672 0.0
5208532760.223048 0.0
5207927750.02904 0.0
5207322880.371661 0.0
5206718151.201951 0.0
5206113562.470971 0.0
5205509114.129805 0.0
5204904806.129558 0.0
5204300638.421358 0.0
5203696610.95636 0.0
5203092723.685739 0.0
5202488976.560688 0.0
5201885369.532428 0.0
5201281902.552205 0.0
5200678575.5712805 0.0
5200075388.540942 0.0
5199472341.412501 0.0
5198869434.137291 0.0
5198266666.666667 0.0
5197664038.952006 0.0
5197061550.944708 0.0
5196459202.596199 0.0
5195856993.857922 0.0
5195254924.681345 0.0
5194652995.017958 0.0
5194051204.819277 0.0
5193449554.036836 0.0
5192848042.62219 0.0
5192246670.526925 0.0
5191645437.702641 0.0
5191044344.100962 0.0
5190443389.673535 0.0
5189842574.372033 0.0
5189241898.148148 0.0
5188641360.953594 0.0
5188040962.740106 0.0
5187440703.459447 0.0
5186840583.063397 0.0
5186240601.50376 0.0
5185640758.732362 0.0
5185041054.701052 0.0
5184441489.361702 0.0
5183842062.666204 0.0
5183242774.566474 0.0
5182643625.014449 0.0
5182044613.9620905 0.0
5181445741.361379 0.0
5180847007.164317 0.0
5180248411.322934 0.0
5179649953.789279 0.0
5179051634.515422 0.0
5178453453.453453 0.0
5177855410.555491 0.0
5177257505.773673 0.0
5176659739.060156 0.0
5176062110.367121 0.0
5175464619.646773 0.0
5174867266.851338 0.0
5174270051.933064 0.0
5173672974.844218 0.0
5173076035.537094 0.0
5172479233.964006 0.0
5171882570.077288 0.0
5171286043.829296 0.0
5170689655.172414 0.0
5170093404.059041 0.0
5169497290.441601 0.0
5168901314.272538 0.0
5168305475.504324 0.0
5167709774.089443 0.0
5167114209.980409 0.0
5166518783.129753 0.0
5165923493.490033 0.0
5165328341.013825 0.0
5164733325.653728 0.0
5164138447.362358 0.0
5163543706.092365 0.0
5162949101.796408 0.0
5162354634.427174 0.0
5161760303.93737 0.0
5161166110.279728 0.0
5160572053.406999 0.0
5159978133.271954 0.0
5159384349.827388 0.0
5158790703.02612 0.0
5158197192.820986 0.0
5157603819.1648445 0.0
5157010582.010582 0.0
5156417481.311098 0.0
5155824517.01932 0.0
5155231689.088191 0.0
5154638997.470682 0.0
5154046442.119784 0.0
5153454022.988506 0.0
5152861740.0298815 0.0
5152269593.196966 0.0
5151677582.442836 0.0
5151085707.720589 0.0
5150493968.983342 0.0
5149902366.18424 0.0
5149310899.276445 0.0
5148719568.213138 0.0
5148128372.947525 0.0
5147537313.432836 0.0
5146946389.622316 0.0
5146355601.469238 0.0
5145764948.92689 0.0
5145174431.948588 0.0
5144584050.487666 0.0
5143993804.497477 0.0
5143403693.931398 0.0
5142813718.74283 0.0
5142223878.885193 0.0
5141634174.311928 0.0
5141044604.976493 0.0
5140455170.832377 0.0
5139865871.833086 0.0
5139276707.932142 0.0
5138687679.083095 0.0
5138098785.239513 0.0
5137510026.35499 0.0
5136921402.383136 0.0
5136332913.27758 0.0
5135744558.9919815 0.0
5135156339.480015 0.0
5134568254.6953745 0.0
5133980304.591778 0.0
5133392489.122968 0.0
5132804808.242702 0.0
5132217261.904762 0.0
5131629850.06295 0.0
5131042572.671091 0.0
5130455429.683031 0.0
5129868421.052632 0.0
5129281546.733783 0.0
5128694806.680393 0.0
5128108200.846393 0.0
5127521729.185728 0.0
5126935391.652372 0.0
5126349188.200321 0.0
5125763118.783584 0.0
5125177183.356195 0.0
5124591381.872213 0.0
5124005714.285714 0.0
5123420180.550795 0.0
5122834780.621572 0.0
5122249514.452188 0.0
5121664381.996802 0.0
5121079383.209596 0.0
5120494518.044769 0.0
5119909786.456549 0.0
5119325188.399178 0.0
5118740723.826921 0.0
5118156392.694064 0.0
5117572194.954913 0.0
5116988130.563799 0.0
5116404199.475066 0.0
5115820401.6430855 0.0
5115236737.022247 0.0
5114653205.566963 0.0
5114069807.231665 0.0
5113486541.970802 0.0
5112903409.7388525 0.0
5112320410.490309 0.0
5111737544.179684 0.0
5111154810.761514 0.0
5110572210.190356 0.0
5109989742.420789 0.0
5109407407.407408 0.0
5108825205.104831 0.0
5108243135.467699 0.0
5107661198.450673 0.0
5107079394.0084305 0.0
5106497722.095672 0.0
5105916182.667122 0.0
5105334775.677522 0.0
5104753501.081635 0.0
5104172358.834244 0.0
5103591348.890154 0.0
5103010471.204189 0.0
5102429725.7311945 0.0
5101849112.426035 0.0
5101268631.2436 0.0
5100688282.138794 0.0
5100108065.066546 0.0
5099527979.981801 0.0
5098948026.839531 0.0
5098368205.594725 0.0
5097788516.202389 0.0
5097208958.617553 0.0
5096629532.795271 0.0
5096050238.690611 0.0
5095471076.258667 0.0
5094892045.454545 0.0
5094313146.233382 0.0
5093734378.55033 0.0
5093155742.360559 0.0
5092577237.619264 0.0
5091998864.281658 0.0
5091420622.302975 0.0
5090842511.638469 0.0
5090264532.243415 0.0
5089686684.073107 0.0
5089108967.082861 0.0
5088531381.22801 0.0
5087953926.463913 0.0
5087376602.745943 0.0
5086799410.029498 0.0
5086222348.269994 0.0
5085645417.422868 0.0
5085068617.443576 0.0
5084491948.287595 0.0
5083915409.91042 0.0
5083339002.267573 0.0
5082762725.31459 0.0
5082186579.007029 0.0
5081610563.300465 0.0
5081034678.150498 0.0
5080458923.512749 0.0
5079883299.342852 0.0
5079307805.596465 0.0
5078732442.22927 0.0
5078157209.196964 0.0
5077582106.455267 0.0
5077007133.959914 0.0
5076432291.666666 0.0
5075857579.531304 0.0
5075282997.509623 0.0
5074708545.557442 0.0
5074134223.630602 0.0
5073560031.68496 0.0
5072985969.676398 0.0
5072412037.56081 0.0
5071838235.294118 0.0
5071264562.83226 0.0
5070691020.131193 0.0
5070117607.146895 0.0
5069544323.835368 0.0
5068971170.152629 0.0
5068398146.054715 0.0
5067825251.497683 0.0
5067252486.437613 0.0
5066679850.830604 0.0
5066107344.63277 0.0
5065534967.800248 0.0
5064962720.2892 0.0
5064390602.0558 0.0
5063818613.056247 0.0
5063246753.246753 0.0
5062675022.583559 0.0
5062103421.022921 0.0
5061531948.5211115 0.0
5060960605.034429 0.0
5060389390.519187 0.0
5059818304.931724 0.0
5059247348.228392 0.0
5058676520.365564 0.0
5058105821.299639 0.0
5057535250.987028 0.0
5056964809.384164 0.0
5056394496.447502 0.0
5055824312.133513 0.0
5055254256.398692 0.0
5054684329.199549 0.0
5054114530.492617 0.0
5053544860.234446 0.0
5052975318.381608 0.0
5052405904.890692 0.0
5051836619.718309 0.0
5051267462.821091 0.0
5050698434.1556835 0.0
5050129533.678757 0.0
5049560761.346998 0.0
5048992117.117117 0.0
5048423600.94584 0.0
5047855212.789912 0.0
5047286952.606101 0.0
5046718820.351193 0.0
5046150815.981992 0.0
5045582939.455323 0.0
5045015190.728029 0.0
5044447569.756976 0.0
5043880076.499044 0.0
5043312710.911136 0.0
5042745472.950174 0.0
5042178362.573099 0.0
5041611379.736873 0.0
5041044524.398471 0.0
5040477796.514895 0.0
5039911196.043166 0.0
5039344722.940318 0.0
5038778377.163407 0.0
5038212158.669514 0.0
5037646067.41573 0.0
5037080103.359174 0.0
5036514266.456976 0.0
5035948556.666292 0.0
5035382973.944296 0.0
5034817518.248177 0.0
5034252189.535145 0.0
5033686987.762434 0.0
5033121912.887292 0.0
5032556964.866989 0.0
5031992143.658811 0.0
5031427449.220065 0.0
5030862881.50808 0.0
5030298440.480199 0.0
5029734126.093785 0.0
5029169938.306226 0.0
5028605877.074922 0.0
5028041942.357296 0.0
5027478134.110787 0.0
5026914452.292858 0.0
5026350896.860988 0.0
5025787467.772671 0.0
5025224164.985429 0.0
5024660988.456797 0.0
5024097938.14433 0.0
5023535014.005602 0.0
5022972215.998207 0.0
5022409544.079758 0.0
5021846998.207887 0.0
5021284578.34024 0.0
5020722284.43449 0.0
5020160116.448326 0.0
5019598074.339454 0.0
5019036158.065599 0.0
5018474367.584509 0.0
5017912702.853945 0.0
5017351163.831693 0.0
5016789750.475551 0.0
5016228462.743343 0.0
5015667300.592907 0.0
5015106263.982102 0.0
5014545352.868807 0.0
5013984567.210915 0.0
5013423906.966342 0.0
5012863372.093024 0.0
5012302962.54891 0.0
5011742678.291974 0.0
5011182519.280206 0.0
5010622485.471614 0.0
5010062576.824226 0.0
5009502793.296089 0.0
5008943134.845268 0.0
5008383601.429849 0.0
5007824193.00793 0.0
5007264909.537637 0.0
5006705750.977108 0.0
5006146717.284502 0.0
5005587808.417997 0.0
5005029024.335789 0.0
5004470364.996094 0.0
5003911830.357143 0.0
5003353420.37719 0.0
5002795135.014505 0.0
5002236974.227379 0.0
5001678937.974119 0.0
5001121026.213051 0.0
5000563238.90252 0.0
5000005576.000894 0.0
4999448037.466549 0.0
4998890623.257888 0.0
4998333333.333333 0.0
4997776167.65132 0.0
4997219126.170309 0.0
4996662208.848768 0.0
4996105415.645197 0.0
4995548746.518106 0.0
4994992201.426026 0.0
4994435780.327503 0.0
4993879483.181109 0.0
4993323309.945428 0.0
4992767260.579064 0.0
4992211335.040642 0.0
4991655533.2888 0.0
4991099855.282201 0.0
4990544300.979519 0.0
4989988870.339455 0.0
4989433563.320721 0.0
4988878379.882051 0.0
4988323319.982199 0.0
4987768383.579931 0.0
4987213570.634038 0.0
4986658881.103327 0.0
4986104314.946619 0.0
4985549872.122762 0.0
4984995552.590616 0.0
4984441356.309061 0.0
4983887283.236994 0.0
4983333333.333333 0.0
