670403587.443946 0.0
670002854.2523128 0.0
669602599.8503532 0.0
669202823.380504 0.0
668803523.9872488 0.0
668404700.817112 0.0
668006353.0186522 0.0
667608479.7424568 0.0
667211080.1411357 0.0
666814153.369315 0.0
666417698.5836316 0.0
666021714.9427266 0.0
665626201.60724 0.0
665231157.739804 0.0
664836582.5050379 0.0
664442475.0695413 0.0
664048834.6018895 0.0
663655660.272626 0.0
663262951.2542585 0.0
662870706.7212515 0.0
662478925.8500214 0.0
662087607.8189305 0.0
661696751.8082814 0.0
661306357.0003111 0.0
660916422.5791852 0.0
660526947.7309926 0.0
660137931.6437393 0.0
659749373.5073434 0.0
659361272.513629 0.0
658973627.8563207 0.0
658586438.7310381 0.0
658199704.3352901 0.0
657813423.8684696 0.0
657427596.5318477 0.0
657042221.5285684 0.0
656657298.063643 0.0
656272825.3439444 0.0
655888802.5782025 0.0
655505228.9769976 0.0
655122103.752756 0.0
654739426.119744 0.0
654357195.2940626 0.0
653975410.4936424 0.0
653594070.9382383 0.0
653213175.8494238 0.0
652832724.4505857 0.0
652452715.9669197 0.0
652073149.6254237 0.0
651694024.6548939 0.0
651315340.2859188 0.0
650937095.7508743 0.0
650559290.2839183 0.0
650181923.1209856 0.0
649804993.4997833 0.0
649428500.6597842 0.0
649052443.842224 0.0
648676822.2900934 0.0
648301635.2481357 0.0
647926881.9628396 0.0
647552561.6824359 0.0
647178673.656891 0.0
646805217.1379026 0.0
646432191.3788952 0.0
646059595.6350137 0.0
645687429.1631203 0.0
645315691.2217875 0.0
644944381.0712954 0.0
644573497.9736247 0.0
644203041.1924531 0.0
643833009.99315 0.0
643463403.6427723 0.0
643094221.4100579 0.0
642725462.5654228 0.0
642357126.380955 0.0
641989212.1304109 0.0
641621719.0892086 0.0
641254646.5344253 0.0
640887993.7447914 0.0
640521760.0006857 0.0
640155944.584131 0.0
639790546.7787896 0.0
639425565.8699585 0.0
639061001.1445643 0.0
638696851.8911587 0.0
638333117.3999146 0.0
637969796.9626211 0.0
637606889.8726778 0.0
637244395.425092 0.0
636882312.9164729 0.0
636520641.6450281 0.0
636159380.9105575 0.0
635798530.0144501 0.0
635438088.2596796 0.0
635078054.9507986 0.0
634718429.3939354 0.0
634359210.8967891 0.0
634000398.768625 0.0
633641992.3202704 0.0
633283990.8641099 0.0
632926393.7140814 0.0
632569200.1856719 0.0
632212409.5959119 0.0
631856021.2633722 0.0
631500034.5081599 0.0
631144448.6519129 0.0
630789263.0177959 0.0
630434476.9304967 0.0
630080089.7162218 0.0
629726100.7026912 0.0
629372509.2191353 0.0
629019314.5962901 0.0
628666516.1663934 0.0
628314113.2631797 0.0
627962105.2218767 0.0
627610491.3792015 0.0
627259271.0733557 0.0
626908443.6440209 0.0
626558008.4323558 0.0
626207964.7809914 0.0
625858312.0340267 0.0
625509049.5370247 0.0
625160176.6370085 0.0
624811692.6824576 0.0
624463597.0233029 0.0
624115889.010923 0.0
623768567.9981412 0.0
623421633.3392197 0.0
623075084.3898568 0.0
622728920.5071827 0.0
622383141.0497557 0.0
622037745.3775578 0.0
621692732.8519906 0.0
621348102.8358718 0.0
621003854.6934319 0.0
620659987.790309 0.0
620316501.4935448 0.0
619973395.171583 0.0
619630668.1942626 0.0
619288319.9328156 0.0
618946349.7598624 0.0
618604757.0494095 0.0
618263541.1768436 0.0
617922701.518929 0.0
617582237.4538034 0.0
617242148.3609749 0.0
616902433.6213171 0.0
616563092.6170655 0.0
616224124.7318152 0.0
615885529.350515 0.0
615547305.8594656 0.0
615209453.6463141 0.0
614871972.1000524 0.0
614534860.6110114 0.0
614198118.5708591 0.0
613861745.3725951 0.0
613525740.4105492 0.0
613190103.0803759 0.0
612854832.7790512 0.0
612519928.9048698 0.0
612185390.8574407 0.0
611851218.037684 0.0
611517409.8478265 0.0
611183965.6913997 0.0
610850884.9732348 0.0
610518167.0994598 0.0
610185811.4774958 0.0
609853817.5160538 0.0
609522184.625131 0.0
609190912.2160066 0.0
608859999.7012398 0.0
608529446.4946651 0.0
608199252.0113894 0.0
607869415.6677878 0.0
607539936.8815016 0.0
607210815.0714335 0.0
606882049.6577451 0.0
606553640.0618525 0.0
606225585.706424 0.0
605897886.015376 0.0
605570540.4138701 0.0
605243548.3283092 0.0
604916909.1863346 0.0
604590622.4168224 0.0
604264687.4498804 0.0
603939103.7168446 0.0
603613870.6502758 0.0
603288987.6839569 0.0
602964454.2528883 0.0
602640269.7932864 0.0
602316433.7425792 0.0
601992945.5394031 0.0
601669804.6235994 0.0
601347010.4362124 0.0
601024562.4194846 0.0
600702460.0168546 0.0
600380702.6729531 0.0
600059289.8336002 0.0
599738220.9458022 0.0
599417495.4577479 0.0
599097112.8188064 0.0
598777072.4795232 0.0
598457373.8916171 0.0
598138016.507977 0.0
597818999.7826599 0.0
597500323.170886 0.0
597181986.1290369 0.0
596863988.1146519 0.0
596546328.5864255 0.0
596229007.0042036 0.0
595912022.8289806 0.0
595595375.5228971 0.0
595279064.5492359 0.0
594963089.3724197 0.0
594647449.4580072 0.0
594332144.2726911 0.0
594017173.2842945 0.0
593702535.9617678 0.0
593388231.7751863 0.0
593074260.1957465 0.0
592760620.6957641 0.0
592447312.7486696 0.0
592134335.8290069 0.0
591821689.4124292 0.0
591509372.975697 0.0
591197385.9966744 0.0
590885727.9543264 0.0
590574398.3287164 0.0
590263396.6010028 0.0
589952722.2534366 0.0
589642374.7693577 0.0
589332353.6331934 0.0
589022658.3304539 0.0
588713288.347731 0.0
588404243.1726941 0.0
588095522.294088 0.0
587787125.2017299 0.0
587479051.3865066 0.0
587171300.3403716 0.0
586863871.5563426 0.0
586556764.5284983 0.0
586249978.751976 0.0
585943513.7229686 0.0
585637368.9387219 0.0
585331543.8975321 0.0
585026038.0987425 0.0
584720851.0427412 0.0
584415982.2309583 0.0
584111431.1658634 0.0
583807197.3509623 0.0
583503280.2907947 0.0
583199679.4909316 0.0
582896394.4579725 0.0
582593424.6995426 0.0
582290769.7242903 0.0
581988429.0418847 0.0
581686402.163012 0.0
581384688.5993747 0.0
581083287.8636869 0.0
580782199.4696733 0.0
580481422.9320655 0.0
580180957.7666001 0.0
579880803.4900157 0.0
579580959.6200507 0.0
579281425.67544 0.0
578982201.1759129 0.0
578683285.6421912 0.0
578384678.595985 0.0
578086379.5599921 0.0
577788388.0578934 0.0
577490703.6143522 0.0
577193325.7550107 0.0
576896254.0064875 0.0
576599487.8963754 0.0
576303026.953239 0.0
576006870.7066113 0.0
575711018.6869924 0.0
575415470.4258467 0.0
575120225.4555995 0.0
574825283.309636 0.0
574530643.5222974 0.0
574236305.6288799 0.0
573942269.1656308 0.0
573648533.6697471 0.0
573355098.6793728 0.0
573061963.7335964 0.0
572769128.3724483 0.0
572476592.1368986 0.0
572184354.5688553 0.0
571892415.2111604 0.0
571600773.6075891 0.0
571309429.3028464 0.0
571018381.8425654 0.0
570727630.7733041 0.0
570437175.6425442 0.0
570147015.9986875 0.0
569857151.3910549 0.0
569567581.3698825 0.0
569278305.4863206 0.0
568989323.2924311 0.0
568700634.3411844 0.0
568412238.1864582 0.0
568124134.3830343 0.0
567836322.4865971 0.0
567548802.0537306 0.0
567261572.6419164 0.0
566974633.8095315 0.0
566687985.1158464 0.0
566401626.1210216 0.0
566115556.3861071 0.0
565829775.4730386 0.0
565544282.9446363 0.0
565259078.3646021 0.0
564974161.2975173 0.0
564689531.3088413 0.0
564405187.9649084 0.0
564121130.8329254 0.0
563837359.4809707 0.0
563553873.4779915 0.0
563270672.3938003 0.0
562987755.799075 0.0
562705123.2653551 0.0
562422774.3650405 0.0
562140708.6713884 0.0
561858925.7585117 0.0
561577425.2013772 0.0
561296206.5758027 0.0
561015269.4584553 0.0
560734613.4268494 0.0
560454238.0593442 0.0
560174142.9351418 0.0
559894327.6342852 0.0
559614791.7376559 0.0
559335534.8269722 0.0
559056556.484787 0.0
558777856.2944849 0.0
558499433.8402818 0.0
558221288.7072214 0.0
557943420.4811735 0.0
557665828.7488322 0.0
557388513.097714 0.0
557111473.1161551 0.0
556834708.3933097 0.0
556558218.5191482 0.0
556282003.0844551 0.0
556006061.6808267 0.0
555730393.9006689 0.0
555454999.3371961 0.0
555179877.5844284 0.0
554905028.2371899 0.0
554630450.8911064 0.0
554356145.1426041 0.0
554082110.588907 0.0
553808346.8280349 0.0
553534853.4588017 0.0
553261630.0808141 0.0
552988676.2944682 0.0
552715991.700948 0.0
552443575.9022248 0.0
552171428.5010536 0.0
551899549.1009716 0.0
551627937.3062967 0.0
551356592.7221255 0.0
551085514.9543312 0.0
550814703.6095614 0.0
550544158.2952366 0.0
550273878.6195486 0.0
550003864.1914577 0.0
549734114.6206918 0.0
549464629.5177437 0.0
549195408.4938698 0.0
548926451.161088 0.0
548657757.1321757 0.0
548389326.0206683 0.0
548121157.440857 0.0
547853251.0077873 0.0
547585606.3372566 0.0
547318223.045813 0.0
547051100.7507532 0.0
546784239.0701201 0.0
546517637.6227026 0.0
546251296.0280318 0.0
545985213.9063807 0.0
545719390.878761 0.0
545453826.5669233 0.0
545188520.593353 0.0
544923472.5812705 0.0
544658682.1546277 0.0
544394148.9381077 0.0
544129872.5571223 0.0
543865852.63781 0.0
543602088.807035 0.0
543338580.6923847 0.0
543075327.9221683 0.0
542812330.125415 0.0
542549586.9318724 0.0
542287097.9720044 0.0
542024862.8769901 0.0
541762881.2787209 0.0
541501152.8098001 0.0
541239677.1035409 0.0
540978453.7939639 0.0
540717482.5157957 0.0
540456762.904468 0.0
540196294.5961152 0.0
539936077.2275724 0.0
539676110.4363745 0.0
539416393.860754 0.0
539156927.1396395 0.0
538897709.9126538 0.0
538638741.8201127 0.0
538380022.5030229 0.0
538121551.6030806 0.0
537863328.7626697 0.0
537605353.62486 0.0
537347625.8334062 0.0
537090145.0327452 0.0
536832910.86799556 0.0
536575922.98495525 0.0
536319181.0301001 0.0
536062684.65058213 0.0
535806433.49422836 0.0
535550427.20953864 0.0
535294665.4456843 0.0
535039147.85250664 0.0
534783874.080515 0.0
534528843.78088564 0.0
534274056.6054598 0.0
534019512.2067421 0.0
533765210.2378993 0.0
533511150.3527583 0.0
533257332.20580477 0.0
533003755.4521818 0.0
532750419.7476879 0.0
532497324.7487757 0.0
532244470.1125505 0.0
531991855.49676836 0.0
531739480.55983496 0.0
531487344.96080375 0.0
531235448.35937464 0.0
530983790.41589236 0.0
530732370.7913449 0.0
530481189.1473619 0.0
530230245.1462137 0.0
529979538.4508089 0.0
529729068.72469354 0.0
529478835.63204944 0.0
529228838.8376926 0.0
528979078.00707185 0.0
528729552.8062671 0.0
528480262.9019881 0.0
528231207.9615729 0.0
527982387.6529863 0.0
527733801.64481837 0.0
527485449.6062834 0.0
527237331.20721745 0.0
526989446.1180779 0.0
526741794.00994146 0.0
526494374.55450296 0.0
526247187.4240736 0.0
526000232.29157984 0.0
525753508.83056176 0.0
525507016.7151716 0.0
525260755.62017244 0.0
525014725.2209367 0.0
524768925.19344497 0.0
524523355.2142839 0.0
524278014.9606455 0.0
524032904.1103255 0.0
523788022.3417217 0.0
523543369.33383304 0.0
523298944.7662577 0.0
523054748.3191918 0.0
522810779.6734287 0.0
522567038.5103563 0.0
522323524.51195675 0.0
522080237.3608049 0.0
521837176.7400663 0.0
521594342.3334965 0.0
521351733.82543945 0.0
521109350.900826 0.0
520867193.2451726 0.0
520625260.5445802 0.0
520383552.48573244 0.0
520142068.75589484 0.0
519900809.0429127 0.0
519659773.0352106 0.0
519418960.4217906 0.0
519178370.89223075 0.0
518938004.1366841 0.0
518697859.8458773 0.0
518457937.7111093 0.0
518218237.42424953 0.0
517978758.6777375 0.0
517739501.16458046 0.0
517500464.5783533 0.0
517261648.6131957 0.0
517023052.96381235 0.0
516784677.3254708 0.0
516546521.39400005 0.0
516308584.86578983 0.0
516070867.43778884 0.0
515833368.807504 0.0
515596088.6729984 0.0
515359026.7328906 0.0
515122182.686353 0.0
514885556.2331113 0.0
514649147.073442 0.0
514412954.9081721 0.0
514176979.4386778 0.0
513941220.3668826 0.0
513705677.3952567 0.0
513470350.2268153 0.0
513235238.5651178 0.0
513000342.11426616 0.0
512765660.57890356 0.0
512531193.6642137 0.0
512296941.07591945 0.0
512062902.5202809 0.0
511829077.70409495 0.0
511595466.33469373 0.0
511362068.1199438 0.0
511128882.768244 0.0
510895909.9885251 0.0
510663149.4902485 0.0
510430600.9834046 0.0
510198264.1785117 0.0
509966138.7866151 0.0
509734224.5192859 0.0
509502521.08861935 0.0
509271028.2072339 0.0
509039745.58827025 0.0
508808672.94539 0.0
508577809.9927743 0.0
508347156.4451226 0.0
508116712.0176522 0.0
507886476.42609626 0.0
507656449.3867028 0.0
507426630.6162337 0.0
507197019.83196396 0.0
506967616.7516794 0.0
506738421.0936767 0.0
506509432.57676136 0.0
506280650.9202474 0.0
506052075.8439553 0.0
505823707.06821126 0.0
505595544.3138465 0.0
505367587.3021956 0.0
505139835.755095 0.0
504912289.39488286 0.0
504684947.9443974 0.0
504457811.1269756 0.0
504230878.6664522 0.0
504004150.28715885 0.0
503777625.71392286 0.0
503551304.67206585 0.0
503325186.8874027 0.0
503099272.0862409 0.0
502873559.995379 0.0
502648050.3421052 0.0
502422742.8541972 0.0
502197637.25992036 0.0
501972733.2880268 0.0
501748030.6677544 0.0
501523529.12882537 0.0
501299228.4014458 0.0
501075128.2163042 0.0
500851228.30456984 0.0
500627528.39789313 0.0
500404028.22840315 0.0
500180727.5287072 0.0
499957626.0318897 0.0
499734723.4715111 0.0
499512019.58160686 0.0
499289514.0966862 0.0
499067206.7517311 0.0
498845097.2821956 0.0
498623185.4240044 0.0
498401470.9135515 0.0
498179953.48770016 0.0
497958632.88378084 0.0
497737508.8395907 0.0
497516581.0933922 0.0
497295849.38391274 0.0
497075313.4503429 0.0
496854973.0323357 0.0
496634827.8700055 0.0
496414877.7039273 0.0
496195122.2751354 0.0
495975561.3251221 0.0
495756194.5958377 0.0
495537021.8296883 0.0
495318042.7695356 0.0
495099257.1586954 0.0
494880664.74093705 0.0
494662265.260482 0.0
494444058.46200335 0.0
494226044.0906239 0.0
494008221.8919165 0.0
493790591.61190206 0.0
493573152.9970485 0.0
493355905.7942707 0.0
493138849.7509285 0.0
492921984.6148264 0.0
492705310.13421214 0.0
492488826.057776 0.0
492272532.1346498 0.0
492056428.1144059 0.0
491840513.7470558 0.0
491624788.78305036 0.0
491409252.97327745 0.0
491193906.06906176 0.0
490978747.82216364 0.0
490763777.98477846 0.0
490548996.3095351 0.0
490334402.5494954 0.0
490119996.4581531 0.0
489905777.789433 0.0
489691746.29768986 0.0
489477901.7377073 0.0
489264243.8646975 0.0
489050772.43429965 0.0
488837487.20257914 0.0
488624387.9260268 0.0
488411474.361558 0.0
488198746.2665114 0.0
487986203.3986484 0.0
487773845.5161519 0.0
487561672.37762576 0.0
487349683.74209356 0.0
487137879.36899763 0.0
486926259.01819867 0.0
486714822.44997424 0.0
486503569.42501813 0.0
486292499.7044394 0.0
486081613.0497616 0.0
485870909.2229216 0.0
485660387.9862691 0.0
485450049.1025653 0.0
485239892.3349823 0.0
485029917.4471021 0.0
484820124.2029158 0.0
484610512.3668227 0.0
484401081.70362914 0.0
484191831.978548 0.0
483982762.9571977 0.0
483773874.40560126 0.0
483565166.0901855 0.0
483356637.7777801 0.0
483148289.2356168 0.0
482940120.23132837 0.0
482732130.53294814 0.0
482524319.9089085 0.0
482316688.12804097 0.0
482109234.9595742 0.0
481901960.1731341 0.0
481694863.5387423 0.0
481487944.8268159 0.0
481281203.8081661 0.0
481074640.2539976 0.0
480868253.93590784 0.0
480662044.6258859 0.0
480456012.0963118 0.0
480250156.1199557 0.0
480044476.46997726 0.0
479838972.91992414 0.0
479633645.24373186 0.0
479428493.21572274 0.0
479223516.61060494 0.0
479018715.20347184 0.0
478814088.769801 0.0
478609637.0854535 0.0
478405359.92667335 0.0
478201257.07008594 0.0
477997328.2926979 0.0
477793573.3718963 0.0
477589992.0854473 0.0
477386584.21149576 0.0
477183349.5285644 0.0
476980287.8155529 0.0
476777398.8517371 0.0
476574682.41676825 0.0
476372138.2906721 0.0
476169766.25384855 0.0
475967566.08707005 0.0
475765537.57148135 0.0
475563680.48859906 0.0
475361994.6203098 0.0
475160479.7488705 0.0
474959135.65690684 0.0
474757962.12741303 0.0
474556958.9437507 0.0
474356125.88964814 0.0
474155462.74919957 0.0
473954969.30686474 0.0
473754645.3474672 0.0
473554490.65619457 0.0
473354505.0185973 0.0
473154688.22058785 0.0
472955040.04844 0.0
472755560.288788 0.0
472556248.7286263 0.0
472357105.1553082 0.0
472158129.35654503 0.0
471959321.120406 0.0
471760680.2353171 0.0
471562206.4900602 0.0
471363899.6737725 0.0
471165759.575946 0.0
470967785.9864261 0.0
470769978.69541156 0.0
470572337.49345326 0.0
470374862.1714539 0.0
470177552.5206669 0.0
469980408.3326956 0.0
469783429.399493 0.0
469586615.5133607 0.0
469389966.466948 0.0
469193482.0532515 0.0
468997162.0656145 0.0
468801006.2977257 0.0
468605014.5436188 0.0
468409186.597672 0.0
468213522.2546071 0.0
468018021.3094886 0.0
467822683.5577231 0.0
467627508.7950586 0.0
467432496.8175842 0.0
467237647.4217285 0.0
467042960.4042597 0.0
466848435.5622843 0.0
466654072.69324714 0.0
466459871.59492993 0.0
466265832.0654507 0.0
466071953.9032637 0.0
465878236.90715796 0.0
465684680.8762569 0.0
465491285.6100176 0.0
465298050.9082305 0.0
465104976.57101774 0.0
464912062.39883363 0.0
464719308.19246304 0.0
464526713.75302136 0.0
464334278.8819535 0.0
464142003.38103276 0.0
463949887.0523615 0.0
463757929.6983689 0.0
463566131.1218112 0.0
463374491.1257708 0.0
463183009.5136558 0.0
462991686.0891987 0.0
462800520.65645653 1.0
462609513.0198095 1.0
462418662.983961 1.0
462227970.3539362 1.0
462037434.93508184 1.0
461847056.5330657 1.0
461656834.95387554 1.0
461466770.0038185 1.0
461276861.4895208 1.0
461087109.2179268 1.0
460897512.99629813 1.0
460708072.63221383 1.0
460518787.9335686 1.0
460329658.7085731 1.0
460140684.76575285 1.0
459951865.9139474 1.0
459763201.9623104 1.0
459574692.72030807 1.0
459386337.99771917 1.0
459198137.6046342 1.0
459010091.35145485 1.0
458822199.0488928 1.0
458634460.5079702 1.0
458446875.5400177 1.0
458259443.9566751 1.0
458072165.5698898 1.0
457885040.1919162 1.0
457698067.635316 1.0
457511247.71295655 1.0
457324580.2380104 1.0
457138065.0239554 1.0
456951701.8845732 1.0
456765490.63394916 1.0
456579431.0864715 1.0
456393523.05683047 1.0
456207766.36001855 1.0
456022160.811329 1.0
455836706.2263554 1.0
455651402.4209915 1.0
455466249.2114302 1.0
455281246.41416276 1.0
455096393.84597886 1.0
454911691.3239655 1.0
454727138.6655063 1.0
454542735.6882815 1.0
454358482.2102663 1.0
454174378.0497317 1.0
453990423.02524257 1.0
453806616.9556578 1.0
453622959.6601296 1.0
453439450.95810276 1.0
453256090.6693139 1.0
453072878.61379147 1.0
452889814.61185455 1.0
452706898.48411256 1.0
452524130.0514647 1.0
452341509.13509893 1.0
452159035.55649227 1.0
451976709.13740945 1.0
451794529.6999023 1.0
451612497.06630987 1.0
451430611.05925727 1.0
451248871.50165504 1.0
451067278.2166991 1.0
450885831.02786964 1.0
450704529.75893086 1.0
450523374.23393023 1.0
450342364.277198 1.0
450161499.7133467 1.0
449980780.36727065 1.0
449800206.0641447 1.0
449619776.6294248 1.0
449439491.88884664 1.0
449259351.66842514 1.0
449079355.79445434 1.0
448899504.0935063 1.0
448719796.3924309 1.0
448540232.51835525 1.0
448360812.29868275 1.0
448181535.5610934 1.0
448002402.13354224 1.0
447823411.84425926 1.0
447644564.52174914 1.0
447465859.99479026 1.0
447287298.0924342 1.0
447108878.64400554 1.0
446930601.4791008 1.0
446752466.42758846 1.0
446574473.3196079 1.0
446396621.98556906 1.0
446218912.25615233 1.0
446041343.9623071 1.0
445863916.9352521 1.0
445686631.00647426 1.0
445509486.00772864 1.0
445332481.77103764 1.0
445155618.12869036 1.0
444978894.91324234 1.0
444802311.9575149 1.0
444625869.0945946 1.0
444449566.15783256 1.0
444273402.98084474 1.0
444097379.39751 1.0
443921495.24197084 1.0
443745750.3486322 1.0
443570144.55216134 1.0
443394677.6874869 1.0
443219349.58979887 1.0
443044160.0945475 1.0
442869109.0374435 1.0
442694196.2544568 1.0
442519421.5818163 1.0
442344784.8560099 1.0
442170285.913783 1.0
441995924.59213877 1.0
441821700.7283373 1.0
441647614.15989524 1.0
441473664.7245851 1.0
441299852.260435 1.0
441126176.6057279 1.0
440952637.5990015 1.0
440779235.07904714 1.0
440605968.8849098 1.0
440432838.85588765 1.0
440259844.8315309 1.0
440086986.6516421 1.0
439914264.1562751 1.0
439741677.1857348 1.0
439569225.5805768 1.0
439396909.18160635 1.0
439224727.8298785 1.0
439052681.36669743 1.0
438880769.63361543 1.0
438708992.4724332 1.0
438537349.72519916 1.0
438365841.2342084 1.0
438194466.84200287 1.0
438023226.3913706 1.0
437852119.7253453 1.0
437681146.687206 1.0
437510307.12047595 1.0
437339600.868923 1.0
437169027.77655894 1.0
436998587.68763816 1.0
436828280.4466584 1.0
436658105.8983596 1.0
436488063.8877233 1.0
436318154.2599727 1.0
436148376.86057174 1.0
435978731.53522485 1.0
435809218.1298765 1.0
435639836.4907105 1.0
435470586.4641498 1.0
435301467.8968559 1.0
435132480.6357284 1.0
434963624.52790457 1.0
434794899.42075896 1.0
434626305.16190255 1.0
434457841.5991829 1.0
434289508.5806832 1.0
434121305.954722 1.0
433953233.56985295 1.0
433785291.27486384 1.0
433617478.91877663 1.0
433449796.3508469 1.0
433282243.42056304 1.0
433114819.97764623 1.0
432947525.87205005 1.0
432780360.95395935 1.0
432613325.07379067 1.0
432446418.0821912 1.0
432279639.83003855 1.0
432112990.16844046 1.0
431946468.9487339 1.0
431780076.022485 1.0
431613811.24148875 1.0
431447674.457768 1.0
431281665.52357346 1.0
431115784.2913833 1.0
430950030.6139024 1.0
430784404.34406215 1.0
430618905.3350198 1.0
430453533.4401584 1.0
430288288.51308614 1.0
430123170.4076356 1.0
429958178.97786385 1.0
429793314.0780519 1.0
429628575.562704 1.0
429463963.2865475 1.0
429299477.1045322 1.0
429135116.87183 1.0
428970882.44383484 1.0
428806773.6761615 1.0
428642790.42464596 1.0
428478932.54534453 1.0
428315199.8945334 1.0
428151592.32870847 1.0
427988109.70458496 1.0
427824751.8790965 1.0
427661518.7093955 1.0
427498410.05285203 1.0
427335425.76705354 1.0
427172565.709805 1.0
427009829.7391276 1.0
426847217.7132591 1.0
426684729.4906531 1.0
426522364.9299785 1.0
426360123.89011925 1.0
426198006.23017424 1.0
426036011.80945605 1.0
425874140.48749167 1.0
425712392.1240209 1.0
425550766.578997 1.0
425389263.71258575 1.0
425227883.3851648 1.0
425066625.4573241 1.0
424905489.7898646 1.0
424744476.24379843 1.0
424583584.6803481 1.0
424422814.9609467 1.0
424262166.94723666 1.0
424101640.5010703 1.0
423941235.4845084 1.0
423780951.7598208 1.0
423620789.18948543 1.0
423460747.63618773 1.0
423300826.96282107 1.0
423141027.0324856 1.0
422981347.7084879 1.0
422821788.8543414 1.0
422662350.3337648 1.0
422503032.0106824 1.0
422343833.749224 1.0
422184755.4137236 1.0
422025796.8687198 1.0
421866957.97895515 1.0
421708238.6093754 1.0
421549638.62513006 1.0
421391157.891571 1.0
421232796.2742524 1.0
421074553.6389309 1.0
420916429.8515645 1.0
420758424.77831256 1.0
420600538.2855352 1.0
420442770.2397932 1.0
420285120.5078474 1.0
420127588.95665854 1.0
419970175.4533864 1.0
419812879.8653903 1.0
419655702.0602278 1.0
419498641.9056547 1.0
419341699.26962507 1.0
419184874.0202902 1.0
419028166.02599865 1.0
418871575.1552957 1.0
418715101.2769232 1.0
418558744.2598188 1.0
418402503.9731163 1.0
418246380.28614414 1.0
418090373.06842643 1.0
417934482.18968153 1.0
417778707.51982194 1.0
417623048.9289543 1.0
417467506.28737855 1.0
417312079.4655879 1.0
417156768.3342684 1.0
417001572.7642983 1.0
416846492.6267482 1.0
416691527.79288036 1.0
416536678.1341481 1.0
416381943.5221963 1.0
416227323.82886004 1.0
416072818.92616487 1.0
415918428.68632627 1.0
415764152.98174936 1.0
415609991.68502843 1.0
415455944.6689468 1.0
415302011.806476 1.0
415148192.9707762 1.0
414994488.0351951 1.0
414840896.873268 1.0
414687419.3587173 1.0
414534055.3654524 1.0
414380804.76756895 1.0
414227667.4393487 1.0
414074643.25525934 1.0
413921732.08995384 1.0
413768933.81827044 1.0
413616248.3152317 1.0
413463675.4560452 1.0
413311215.1161022 1.0
413158867.1709776 1.0
413006631.49643 1.0
412854507.9684008 1.0
412702496.4630142 1.0
412550596.8565768 1.0
412398809.0255772 1.0
412247132.84668577 1.0
412095568.19675416 1.0
411944114.952815 1.0
411792772.9920819 1.0
411641542.19194853 1.0
411490422.42998886 1.0
411339413.5839563 1.0
411188515.53178394 1.0
411037728.1515837 1.0
410887051.3216462 1.0
410736484.92044073 1.0
410586028.82661444 1.0
410435682.9189923 1.0
410285447.07657635 1.0
410135321.17854655 1.0
409985305.1042587 1.0
409835398.73324573 1.0
409685601.9452163 1.0
409535914.620055 1.0
409386336.637822 1.0
409236867.8787524 1.0
409087508.2232564 1.0
408938257.5519187 1.0
408789115.74549794 1.0
408640082.68492675 1.0
408491158.2513117 1.0
408342342.3259321 1.0
408193634.79024047 1.0
408045035.5258619 1.0
407896544.4145938 1.0
407748161.33840555 1.0
407599886.1794383 1.0
407451718.82000434 1.0
407303659.1425874 1.0
407155707.02984166 1.0
407007862.3645918 1.0
406860125.0298327 1.0
406712494.908729 1.0
406564971.8846149 1.0
406417555.84099376 1.0
406270246.6615379 1.0
406123044.2300881 1.0
405975948.43065363 1.0
405828959.1474116 1.0
405682076.2647069 1.0
405535299.6670517 1.0
405388629.23912513 1.0
405242064.86577356 1.0
405095606.43200934 1.0
404949253.8230111 1.0
404803006.9241235 1.0
404656865.62085664 1.0
404510829.7988861 1.0
404364899.344052 1.0
404219074.14235955 1.0
404073354.0799782 1.0
403927739.0432414 1.0
403782228.91864645 1.0
403636823.5928543 1.0
403491522.9526889 1.0
403346326.885137 1.0
403201235.27734834 1.0
403056248.0166346 1.0
402911364.99046975 1.0
402766586.0864894 1.0
402621911.19249046 1.0
402477340.19643134 1.0
402332872.98643094 1.0
402188509.450769 1.0
402044249.47788554 1.0
401900092.9563804 1.0
401756039.77501327 1.0
401612089.82270324 1.0
401468242.98852855 1.0
401324499.16172636 1.0
401180858.2316923 1.0
401037320.0879803 1.0
400893884.62030244 1.0
400750551.71852833 1.0
400607321.2726851 1.0
400464193.17295724 1.0
400321167.30968577 1.0
400178243.5733686 1.0
400035421.85465974 1.0
399892702.0443694 1.0
399750084.0334636 1.0
399607567.7130636 1.0
399465152.9744461 1.0
399322839.70904285 1.0
399180627.8084398 1.0
399038517.1643776 1.0
398896507.66875124 1.0
398754599.2136089 1.0
398612791.691153 1.0
398471084.9937387 1.0
398329479.0138746 1.0
398187973.64422184 1.0
398046568.777594 1.0
397905264.3069569 1.0
397764060.1254284 1.0
397622956.12627786 1.0
397481952.2029261 1.0
397341048.2489452 1.0
397200244.15805775 1.0
397059539.8241374 1.0
396918935.14120764 1.0
396778430.00344247 1.0
396638024.3051654 1.0
396497717.9408495 1.0
396357510.8051171 1.0
396217402.7927397 1.0
396077393.7986372 1.0
395937483.7178784 1.0
395797672.44567996 1.0
395657959.87740654 1.0
395518345.9085708 1.0
395378830.4348324 1.0
395239413.35199845 1.0
395100094.5560229 1.0
394960873.9430062 1.0
394821751.4091954 1.0
394682726.8509838 1.0
394543800.16491 1.0
394404971.24765897 1.0
394266239.9960604 1.0
394127606.3070895 1.0
393989070.07786626 1.0
393850631.20565504 1.0
393712289.5878648 1.0
393574045.1220486 1.0
393435897.7059032 1.0
393297847.23726875 1.0
393159893.61412936 1.0
393022036.7346115 1.0
392884276.49698514 1.0
392746612.7996622 1.0
392609045.54119736 1.0
392471574.62028736 1.0
392334199.93577045 1.0
392196921.38662684 1.0
392059738.871978 1.0
391922652.2910862 1.0
391785661.543355 1.0
391648766.52832824 1.0
391511967.1456901 1.0
391375263.2952652 1.0
391238654.87701756 1.0
391102141.7910512 1.0
390965723.9376095 1.0
390829401.2170746 1.0
390693173.5299679 1.0
390557040.77694935 1.0
390421002.8588172 1.0
390285059.6765081 1.0
390149211.13109636 1.0
390013457.1237942 1.0
389877797.5559511 1.0
389742232.3290538 1.0
389606761.34472615 1.0
389471384.5047286 1.0
389336101.71095806 1.0
389200912.86544776 1.0
389065817.87036705 1.0
388930816.6280208 1.0
388795909.0408497 1.0
388661095.0114296 1.0
388526374.4424715 1.0
388391747.23682123 1.0
388257213.2974591 1.0
388122772.5275001 1.0
387988424.83019304 1.0
387854170.1089208 1.0
387720008.2672 1.0
387585939.2086807 1.0
387451962.83714586 1.0
387318079.05651194 1.0
387184287.7708279 1.0
387050588.88427514 1.0
386916982.30116755 1.0
386783467.9259509 1.0
386650045.663203 1.0
386516715.4176333 1.0
386383477.0940823 1.0
386250330.59752214 1.0
386117275.83305556 1.0
385984312.70591617 1.0
385851441.12146795 1.0
385718660.9852053 1.0
385585972.20275253 1.0
385453374.67986387 1.0
385320868.322423 1.0
385188453.0364431 1.0
385056128.7280666 1.0
384923895.3035645 1.0
384791752.6693369 1.0
384659700.73191214 1.0
384527739.3979469 1.0
384395868.57422596 1.0
384264088.16766185 1.0
384132398.08529466 1.0
384000798.23429203 1.0
383869288.5219486 1.0
383737868.8556861 1.0
383606539.14305294 1.0
383475299.29172397 1.0
383344149.2095005 1.0
383213088.8043098 1.0
383082117.98420507 1.0
382951236.65736514 1.0
382820444.7320943 1.0
382689742.116822 1.0
382559128.7201029 1.0
382428604.45061606 1.0
382298169.2171657 1.0
382167822.92867994 1.0
382037565.49421126 1.0
381907396.822936 1.0
381777316.8241544 1.0
381647325.40729004 1.0
381517422.4818899 1.0
381387607.9576242 1.0
381257881.74428576 1.0
381128243.75179046 1.0
380998693.89017624 1.0
380869232.0696038 1.0
380739858.20035547 1.0
380610572.1928356 1.0
380481373.95757043 1.0
380352263.4052072 1.0
380223240.4465148 1.0
380094304.9923828 1.0
379965456.9538219 1.0
379836696.2419633 1.0
379708022.76805866 1.0
379579436.4434796 1.0
379450937.17971826 1.0
379322524.88838613 1.0
379194199.4812145 1.0
379065960.87005407 1.0
378937808.9668748 1.0
378809743.68376535 1.0
378681764.9329336 1.0
378553872.62670577 1.0
378426066.67752665 1.0
378298346.99795896 1.0
378170713.50068355 1.0
378043166.09849936 1.0
377915704.70432246 1.0
377788329.2311866 1.0
377661039.5922428 1.0
377533835.70075876 1.0
377406717.47011936 1.0
377279684.8138259 1.0
377152737.64549613 1.0
377025875.8788641 1.0
376899099.4277798 1.0
376772408.20620894 1.0
376645802.1282333 1.0
376519281.1080496 1.0
376392845.0599701 1.0
376266493.898422 1.0
376140227.5379474 1.0
376014045.8932032 1.0
375887948.8789606 1.0
375761936.41010505 1.0
375636008.4016364 1.0
375510164.76866806 1.0
375384405.42642725 1.0
375258730.290255 1.0
375133139.2756052 1.0
375007632.2980452 1.0
374882209.2732552 1.0
374756870.11702824 1.0
374631614.74527 1.0
374506443.0739982 1.0
374381355.01934314 1.0
374256350.4975471 1.0
374131429.4249639 1.0
374006591.71805924 1.0
373881837.29341036 1.0
373757166.0677055 1.0
373632577.9577442 1.0
373508072.8804367 1.0
373383650.75280416 1.0
373259311.4919783 1.0
373135055.01520085 1.0
373010881.239824 1.0
372886790.08330995 1.0
372762781.46323043 1.0
372638855.2972671 1.0
372515011.50321084 1.0
372391249.9989617 1.0
372267570.7025292 1.0
372143973.5320311 1.0
372020458.4056947 1.0
371897025.24185514 1.0
371773673.9589561 1.0
371650404.47554946 1.0
371527216.71029526 1.0
371404110.581961 1.0
371281086.0094221 1.0
371158142.9116614 1.0
371035281.20776874 1.0
370912500.8169414 1.0
370789801.6584833 1.0
370667183.6518055 1.0
370544646.7164252 1.0
370422190.7719661 1.0
370299815.73815817 1.0
370177521.5348376 1.0
370055308.081946 1.0
369933175.2995312 1.0
369811123.1077462 1.0
369689151.42684925 1.0
369567260.17720413 1.0
369445449.27927923 1.0
369323718.65364826 1.0
369202068.22098905 1.0
369080497.9020841 1.0
368959007.61782026 1.0
368837597.28918856 1.0
368716266.83728385 1.0
368595016.183305 1.0
368473845.24855417 1.0
368352753.95443714 1.0
368231742.22246313 1.0
368110809.97424406 1.0
367989957.13149536 1.0
367869183.61603475 1.0
367748489.3497827 1.0
367627874.25476205 1.0
367507338.2530982 1.0
367386881.26701826 1.0
367266503.21885157 1.0
367146204.0310291 1.0
367025983.6260833 1.0
366905841.9266484 1.0
366785778.85545945 1.0
366665794.335353 1.0
366545888.2892664 1.0
366426060.6402376 1.0
366306311.3114053 1.0
366186640.22600883 1.0
366067047.30738735 1.0
365947532.4789806 1.0
365828095.6643279 1.0
365708736.78706855 1.0
365589455.77094156 1.0
365470252.5397851 1.0
365351127.01753694 1.0
365232079.1282339 1.0
365113108.7960116 1.0
364994215.9451048 1.0
364875400.4998465 1.0
364756662.3846687 1.0
364638001.5241014 1.0
364519417.84277266 1.0
364400911.2654089 1.0
364282481.7168342 1.0
364164129.12197024 1.0
364045853.4058365 1.0
363927654.4935498 1.0
363809532.31032383 1.0
363691486.78146976 1.0
363573517.83239543 1.0
363455625.3886056 1.0
363337809.3757015 1.0
363220069.71938074 1.0
363102406.3454372 1.0
362984819.1797613 1.0
362867308.14833874 1.0
362749873.17725164 1.0
362632514.1926775 1.0
362515231.1208892 1.0
362398023.88825524 1.0
362280892.42123914 1.0
362163836.6463997 1.0
362046856.49039024 1.0
361929951.87995905 1.0
361813122.74194884 1.0
361696369.0032971 1.0
361579690.5910351 1.0
361463087.4322887 1.0
361346559.45427746 1.0
361230106.5843147 1.0
361113728.74980766 1.0
360997425.8782569 1.0
360881197.8972566 1.0
360765044.7344938 1.0
360648966.3177488 1.0
360532962.5748948 1.0
360417033.4338979 1.0
360301178.82281655 1.0
360185398.6698019 1.0
360069692.90309733 1.0
359954061.4510383 1.0
359838504.2420526 1.0
359723021.2046595 1.0
359607612.2674704 1.0
359492277.359188 1.0
359377016.40860647 1.0
359261829.3446113 1.0
359146716.0961793 1.0
359031676.59237796 1.0
358916710.76236594 1.0
358801818.5353924 1.0
358686999.84079707 1.0
358572254.6080102 1.0
358457582.76655227 1.0
358342984.2460339 1.0
358228458.9761557 1.0
358114006.8867079 1.0
357999627.90757096 1.0
357885321.96871424 1.0
357771089.00019705 1.0
357656928.9321677 1.0
357542841.6948636 1.0
357428827.2186113 1.0
357314885.4338261 1.0
357201016.2710119 1.0
357087219.66076154 1.0
356973495.5337558 1.0
356859843.82076395 1.0
356746264.4526435 1.0
356632757.3603398 1.0
356519322.4748862 1.0
356405959.7274036 1.0
356292669.0491006 1.0
356179450.37127304 1.0
356066303.62530446 1.0
355953228.7426651 1.0
355840225.6549127 1.0
355727294.2936915 1.0
355614434.59073246 1.0
355501646.4778536 1.0
355388929.8869589 1.0
355276284.750039 1.0
355163710.9991706 1.0
355051208.5665165 1.0
354938777.3843254 1.0
354826417.3849318 1.0
354714128.5007559 1.0
354601910.6643034 1.0
354489763.80816543 1.0
354377687.865018 1.0
354265682.76762295 1.0
354153748.44882643 1.0
354041884.8415598 1.0
353930091.87883896 1.0
353818369.4937645 1.0
353706717.6195213 1.0
353595136.1893788 1.0
353483625.1366904 1.0
353372184.39489365 1.0
353260813.89751 1.0
353149513.5781445 1.0
353038283.3704862 1.0
352927123.2083074 1.0
352816033.02546394 1.0
352705012.7558947 1.0
352594062.333622 1.0
352483181.6927507 1.0
352372370.767469 1.0
352261629.49204767 1.0
352150957.8008399 1.0
352040355.62828165 1.0
351929822.9088908 1.0
351819359.57726794 1.0
351708965.5680954 1.0
351598640.8161377 1.0
351488385.2562409 1.0
351378198.823333 1.0
351268081.4524235 1.0
351158033.0786033 1.0
351048053.6370448 1.0
350938143.0630013 1.0
350828301.2918073 1.0
350718528.2588782 1.0
350608823.8997104 1.0
350499188.1498807 1.0
350389620.94504666 1.0
350280122.22094613 1.0
350170691.91339743 1.0
350061329.95829874 1.0
349952036.29162866 1.0
349842810.8494456 1.0
349733653.5678877 1.0
349624564.3831728 1.0
349515543.23159826 1.0
349406590.0495411 1.0
349297704.7734572 1.0
349188887.33988225 1.0
349080137.68543035 1.0
348971455.746795 1.0
348862841.4607482 1.0
348754294.7641409 1.0
348645815.59390247 1.0
348537403.88704085 1.0
348429059.5806422 1.0
348320782.6118707 1.0
348212572.9179691 1.0
348104430.4362577 1.0
347996355.10413486 1.0
347888346.85907644 1.0
347780405.63863605 1.0
347672531.3804449 1.0
347564724.0222112 1.0
347456983.5017208 1.0
347349309.75683635 1.0
347241702.7254977 1.0
347134162.3457215 1.0
347026688.5556011 1.0
346919281.29330677 1.0
346811940.497085 1.0
346704666.10525864 1.0
346597458.056227 1.0
346490316.2884657 1.0
346383240.7405261 1.0
346276231.3510357 1.0
346169288.05869776 1.0
346062410.8022912 1.0
345955599.5206705 1.0
345848854.1527657 1.0
345742174.6375822 1.0
345635560.91420054 1.0
345529012.92177653 1.0
345422530.59954065 1.0
345316113.8867987 1.0
345209762.72293085 1.0
345103477.0473923 1.0
344997256.79971254 1.0
344891101.9194955 1.0
344785012.3464195 1.0
344678988.020237 1.0
344573028.88077486 1.0
344467134.8679333 1.0
344361305.9216868 1.0
344255541.9820835 1.0
344149842.98924524 1.0
344044208.88336724 1.0
343938639.6047184 1.0
343833135.09364045 1.0
343727695.2905487 1.0
343622320.13593125 1.0
343517009.5703494 1.0
343411763.53443724 1.0
343306581.9689014 1.0
343201464.8145214 1.0
343096412.0121489 1.0
342991423.50270844 1.0
342886499.2271965 1.0
342781639.12668186 1.0
342676843.1423054 1.0
342572111.2152796 1.0
342467443.2868894 1.0
342362839.29849094 1.0
342258299.19151247 1.0
342153822.90745336 1.0
342049410.3878845 1.0
341945061.574448 1.0
341840776.4088574 1.0
341736554.8328971 1.0
341632396.7884228 1.0
341528302.2173606 1.0
341424271.06170756 1.0
341320303.26353157 1.0
341216398.7649707 1.0
341112557.50823396 1.0
341008779.43560004 1.0
340905064.48941857 1.0
340801412.6121086 1.0
340697823.7461596 1.0
340594297.83413106 1.0
340490834.8186519 1.0
340387434.6424209 1.0
340284097.2482063 1.0
340180822.57884616 1.0
340077610.57724756 1.0
339974461.18638706 1.0
339871374.3493102 1.0
339768350.0091317 1.0
339665388.10903525 1.0
339562488.59227324 1.0
339459651.40216696 1.0
339356876.48210645 1.0
339254163.77554995 1.0
339151513.2260243 1.0
339048924.7771248 1.0
338946398.3725148 1.0
338843933.95592576 1.0
338741531.4711573 1.0
338639190.86207694 1.0
338536912.0726198 1.0
338434695.04678893 1.0
338332539.7286551 1.0
338230446.06235623 1.0
338128413.992098 1.0
338026443.46215284 1.0
337924534.4168613 1.0
337822686.80063015 1.0
337720900.5579337 1.0
337619175.63331294 1.0
337517511.97137564 1.0
337415909.5167963 1.0
337314368.21431607 1.0
337212888.0087426 1.0
337111468.8449499 1.0
337010110.6678784 1.0
336908813.42253435 1.0
336807577.0539905 1.0
336706401.50738555 1.0
336605286.727924 1.0
336504232.660876 1.0
336403239.25157773 1.0
336302306.4454307 1.0
336201434.1879021 1.0
336100622.42452455 1.0
335999871.10089576 1.0
335899180.1626789 1.0
335798549.55560195 1.0
335697979.22545826 1.0
335597469.118106 1.0
335497019.17946804 1.0
335396629.355532 1.0
335296299.5923501 1.0
335196029.83603936 1.0
335095820.0327808 1.0
334995670.1288201 1.0
334895580.0704673 1.0
334795549.8040961 1.0
334695579.2761446 1.0
334595668.4331148 1.0
334495817.2215727 1.0
334396025.58814776 1.0
334296293.47953326 1.0
334196620.8424861 1.0
334097007.6238266 1.0
333997453.7704385 1.0
333897959.22926885 1.0
333798523.94732785 1.0
333699147.87168884 1.0
333599830.9494879 1.0
333500573.12792456 1.0
333401374.3542609 1.0
333302234.5758216 1.0
333203153.7399941 1.0
333104131.79422826 1.0
333005168.6860367 1.0
332906264.362994 1.0
332807418.7727373 1.0
332708631.8629659 1.0
332609903.5814409 1.0
332511233.8759857 1.0
332412622.69448537 1.0
332314069.98488706 1.0
332215575.6951993 1.0
332117139.7734924 1.0
332018762.16789824 1.0
331920442.82661015 1.0
331822181.6978826 1.0
331723978.73003167 1.0
331625833.8714342 1.0
331527747.07052845 1.0
331429718.27581334 1.0
331331747.435849 1.0
331233834.4992564 1.0
331135979.4147168 1.0
331038182.13097245 1.0
330940442.5968259 1.0
330842760.7611404 1.0
330745136.57283944 1.0
330647569.9809067 1.0
330550060.9343862 1.0
330452609.3823819 1.0
330355215.2740578 1.0
330257878.55863786 1.0
330160599.1854059 1.0
330063377.1037054 1.0
329966212.2629394 1.0
329869104.61257064 1.0
329772054.1021214 1.0
329675060.68117326 1.0
329578124.299367 1.0
329481244.90640277 1.0
329384422.45203966 1.0
329287656.886096 1.0
329190948.158449 1.0
329094296.2190348 1.0
328997701.0178481 1.0
328901162.50494254 1.0
328804680.6304301 1.0
328708255.3444816 1.0
328611886.5973261 1.0
328515574.339251 1.0
328419318.5206021 1.0
328323119.0917831 1.0
328226976.00325626 1.0
328130889.2055413 1.0
328034858.64921635 1.0
327938884.28491706 1.0
327842966.06333685 1.0
327747103.9352269 1.0
327651297.85139614 1.0
327555547.76271075 1.0
327459853.6200944 1.0
327364215.37452805 1.0
327268632.97704995 1.0
327173106.37875557 1.0
327077635.5307974 1.0
326982220.38438505 1.0
326886860.89078486 1.0
326791557.00132 1.0
326696308.66737056 1.0
326601115.84037316 1.0
326505978.4718212 1.0
326410896.51326424 1.0
326315869.91630864 1.0
326220898.63261676 1.0
326125982.6139076 1.0
326031121.8119558 1.0
325936316.1785927 1.0
325841565.6657052 1.0
325746870.22523624 1.0
325652229.80918473 1.0
325557644.3696053 1.0
325463113.85860825 1.0
325368638.2283594 1.0
325274217.4310802 1.0
325179851.4190475 1.0
325085540.1445934 1.0
324991283.5601057 1.0
324897081.6180269 1.0
324802934.270855 1.0
324708841.4711427 1.0
324614803.17149794 1.0
324520819.3245834 1.0
324426889.8831167 1.0
324333014.79987 1.0
324239194.0276704 1.0
324145427.51939917 1.0
324051715.2279923 1.0
323958057.1064403 1.0
323864453.10778785 1.0
323770903.1851338 1.0
323677407.2916313 1.0
323583965.3804877 1.0
323490577.4049641 1.0
323397243.3183758 1.0
323303963.0740919 1.0
323210736.6255352 1.0
323117563.9261821 1.0
323024444.9295629 1.0
322931379.58926135 1.0
322838367.8589147 1.0
322745409.6922135 1.0
322652505.0429015 1.0
322559653.8647762 1.0
322466856.11168766 1.0
322374111.7375395 1.0
322281420.69628805 1.0
322188782.9419429 1.0
322096198.428566 1.0
322003667.1102725 1.0
321911188.94123036 1.0
321818763.87565976 1.0
321726391.8678337 1.0
321634072.8720775 1.0
321541806.8427692 1.0
321449593.7343388 1.0
321357433.501269 1.0
321265326.0980942 1.0
321173271.4794012 1.0
321081269.5998287 1.0
320989320.4140675 1.0
320897423.8768602 1.0
320805579.94300133 1.0
320713788.567337 1.0
320622049.70476484 1.0
320530363.3102346 1.0
320438729.33874696 1.0
320347147.7453545 1.0
320255618.4851608 1.0
320164141.51332104 1.0
320072716.7850414 1.0
319981344.25557935 1.0
319890023.8802434 1.0
319798755.6143931 1.0
319707539.4134388 1.0
319616375.23284173 1.0
319525263.02811396 1.0
319434202.7548185 1.0
319343194.3685687 1.0
319252237.8250285 1.0
319161333.07991236 1.0
319070480.08898526 1.0
318979678.80806243 1.0
318888929.1930095 1.0
318798231.1997423 1.0
318707584.78422666 1.0
318616989.90247846 1.0
318526446.51056385 1.0
318435954.5645987 1.0
318345514.02074873 1.0
318255124.8352294 1.0
318164786.96430606 1.0
318074500.36429363 1.0
317984264.9915565 1.0
317894080.80250883 1.0
317803947.75361377 1.0
317713865.80138427 1.0
317623834.90238225 1.0
317533855.01321894 1.0
317443926.0905551 1.0
317354048.0911 1.0
317264220.9716122 1.0
317174444.68889916 1.0
317084719.19981724 1.0
316995044.46127164 1.0
316905420.43021613 1.0
316815847.0636535 1.0
316726324.31863475 1.0
316636852.1522595 1.0
316547430.521676 1.0
316458059.3840809 1.0
316368738.69671893 1.0
316279468.4168832 1.0
316190248.501915 1.0
316101078.90920395 1.0
316011959.59618735 1.0
315922890.5203509 1.0
315833871.63922775 1.0
315744902.9103993 1.0
315655984.2914944 1.0
315567115.74018997 1.0
315478297.21421045 1.0
315389528.67132765 1.0
315300810.0693612 1.0
315212141.36617786 1.0
315123522.5196921 1.0
315034953.4878655 1.0
314946434.22870696 1.0
314857964.7002725 1.0
314769544.86066544 1.0
314681174.66803575 1.0
314592854.08058083 1.0
314504583.0565448 1.0
314416361.55421865 1.0
314328189.53194 1.0
314240066.9480935 1.0
314151993.7611101 1.0
314063969.92946786 1.0
313975995.4116908 1.0
313888070.16634965 1.0
313800194.1520616 1.0
313712367.3274899 1.0
313624589.65134436 1.0
313536861.082381 1.0
313449181.5794018 1.0
313361551.10125476 1.0
313273969.60683405 1.0
313186437.05507976 1.0
313098953.40497786 1.0
313011518.61555994 1.0
312924132.6459037 1.0
312836795.4551321 1.0
312749507.0024142 1.0
312662267.24696416 1.0
312575076.14804196 1.0
312487933.6649528 1.0
312400839.75704736 1.0
312313794.38372165 1.0
312226797.50441676 1.0
312139849.0786193 1.0
312052949.06586057 1.0
311966097.42571723 1.0
311879294.1178107 1.0
311792539.10180765 1.0
311705832.3374191 1.0
311619173.7844016 1.0
311532563.40255576 1.0
311446001.1517272 1.0
311359486.9918061 1.0
311273020.8827272 1.0
311186602.7844698 1.0
311100232.65705734 1.0
311013910.4605581 1.0
310927636.15508425 1.0
310841409.7007925 1.0
310755231.0578835 1.0
310669100.1866022 1.0
310583017.0472375 1.0
310496981.60012245 1.0
310410993.8056338 1.0
310325053.6241925 1.0
310239161.016263 1.0
310153315.9423538 1.0
310067518.36301684 1.0
309981768.2388478 1.0
309896065.53048605 1.0
309810410.1986142 1.0
309724802.2039587 1.0
309639241.5072891 1.0
309553728.06941843 1.0
309468261.8512028 1.0
309382842.8135417 1.0
309297470.91737795 1.0
309212146.1236971 1.0
309126868.39352804 1.0
309041637.6879423 1.0
308956453.96805483 1.0
308871317.19502306 1.0
308786227.33004725 1.0
308701184.3343705 1.0
308616188.16927856 1.0
308531238.79609984 1.0
308446336.1762053 1.0
308361480.2710084 1.0
308276671.04196507 1.0
308191908.45057356 1.0
308107192.4583745 1.0
308022523.0269508 1.0
307937900.1179276 1.0
307853323.6929723 1.0
307768793.71379423 1.0
307684310.1421447 1.0
307599872.93981725 1.0
307515482.06864715 1.0
307431137.4905117 1.0
307346839.16732985 1.0
307262587.0610625 1.0
307178381.133712 1.0
307094221.3473225 1.0
307010107.6639799 1.0
306926040.04581124 1.0
306842018.45498526 1.0
306758042.85371214 1.0
306674113.20424324 1.0
306590229.46887153 1.0
306506391.60993093 1.0
306422599.5897967 1.0
306338853.3708852 1.0
306255152.9156537 1.0
306171498.1866008 1.0
306087889.14626586 1.0
306004325.7572293 1.0
305920807.98211217 1.0
305837335.78357637 1.0
305753909.1243248 1.0
305670527.9671006 1.0
305587192.27468807 1.0
305503902.0099116 1.0
305420657.1356363 1.0
305337457.61476785 1.0
305254303.41025215 1.0
305171194.48507565 1.0
305088130.80226487 1.0
305005112.32488674 1.0
304922139.01604825 1.0
304839210.8388967 1.0
304756327.7566193 1.0
304673489.73244345 1.0
304590696.72963643 1.0
304507948.7115053 1.0
304425245.6413972 1.0
304342587.4826989 1.0
304259974.1988373 1.0
304177405.7532784 1.0
304094882.1095283 1.0
304012403.23113257 1.0
303929969.08167624 1.0
303847579.62478405 1.0
303765234.82411987 1.0
303682934.6433872 1.0
303600679.0463286 1.0
303518467.99672616 1.0
303436301.4584011 1.0
303354179.39521384 1.0
303272101.7710638 1.0
303190068.54988956 1.0
303108079.69566864 1.0
303026135.1724175 1.0
302944234.94419163 1.0
302862378.9750854 1.0
302780567.22923166 1.0
302698799.6708023 1.0
302617076.26400787 1.0
302535396.9730974 1.0
302453761.7623587 1.0
302372170.5961179 1.0
302290623.43873996 1.0
302209120.2546278 1.0
302127661.0082231 1.0
302046245.6640058 1.0
301964874.186494 1.0
301883546.54024404 1.0
301802262.68985045 1.0
301721022.599946 1.0
301639826.23520136 1.0
301558673.56032544 1.0
301477564.5400648 1.0
301396499.13920426 1.0
301315477.32256615 1.0
301234499.0550109 1.0
301153564.3014366 1.0
301072673.0267792 1.0
300991825.196012 1.0
300911020.77414614 1.0
300830259.7262303 1.0
300749542.0173507 1.0
300668867.61263084 1.0
300588236.4772318 1.0
300507648.57635206 1.0
300427103.8752272 1.0
300346602.3391303 1.0
300266143.9333716 1.0
300185728.6232983 1.0
300105356.37429494 1.0
300025027.15178293 1.0
299944740.921221 1.0
299864497.6481045 1.0
299784297.29796594 1.0
299704139.8363745 1.0
299624025.2289363 1.0
299543953.4412942 1.0
299463924.43912774 1.0
299383938.1881532 1.0
299303994.6541235 1.0
299224093.802828 1.0
299144235.6000926 1.0
299064420.0117797 1.0
298984647.0037884 1.0
298904916.54205364 1.0
298825228.59254706 1.0
298745583.1212765 1.0
298665980.094286 1.0
298586419.47765577 1.0
298506901.2375023 1.0
298427425.3399779 1.0
298347991.7512712 1.0
298268600.43760645 1.0
298189251.36524427 1.0
298109944.500481 1.0
298030679.80964875 1.0
297951457.25911546 1.0
297872276.81528485 1.0
297793138.44459635 1.0
297714042.113525 1.0
297634987.78858143 1.0
297555975.4363121 1.0
297477005.02329856 1.0
297398076.51615804 1.0
297319189.8815432 1.0
297240345.08614224 1.0
297161542.0966783 1.0
297082780.87991005 1.0
297004061.4026313 1.0
296925383.6316712 1.0
296846747.5338938 1.0
296768153.0761985 1.0
296689600.2255196 1.0
296611088.9488263 1.0
296532619.2131229 1.0
296454190.98544866 1.0
296375804.2328776 1.0
296297458.9225186 1.0
296219155.02151525 1.0
296140892.4970459 1.0
296062671.3163235 1.0
295984491.4465957 1.0
295906352.8551449 1.0
295828255.5092879 1.0
295750199.3763758 1.0
295672184.4237943 1.0
295594210.6189637 1.0
295516277.9293385 1.0
295438386.32240736 1.0
295360535.7656934 1.0
295282726.22675395 1.0
295204957.67318046 1.0
295127230.07259846 1.0
295049543.39266783 1.0
294971897.60108215 1.0
294894292.6655692 1.0
294816728.5538905 1.0
294739205.2338419 1.0
294661722.67325276 1.0
294584280.8399864 1.0
294506879.7019398 1.0
294429519.22704375 1.0
294352199.3832627 1.0
294274920.13859487 1.0
294197681.4610719 1.0
294120483.3187591 1.0
294043325.67975515 1.0
293966208.51219237 1.0
293889131.7842364 1.0
293812095.4640863 1.0
293735099.51997447 1.0
293658143.92016643 1.0
293581228.63296133 1.0
293504353.6266911 1.0
293427518.8697212 1.0
293350724.3304499 1.0
293273969.9773087 1.0
293197255.77876204 1.0
293120581.7033075 1.0
293043947.71947545 1.0
292967353.79582936 1.0
292890799.90096533 1.0
292814286.0035123 1.0
292737812.0721322 1.0
292661378.0755194 1.0
292584983.9824012 1.0
292508629.7615374 1.0
292432315.3817204 1.0
292356040.8117753 1.0
292279806.0205596 1.0
292203610.9769633 1.0
292127455.6499087 1.0
292051340.00835085 1.0
291975264.0212767 1.0
291899227.6577058 1.0
291823230.88668984 1.0
291747273.67731297 1.0
291671355.9986911 1.0
291595477.81997263 1.0
291519639.1103378 1.0
291443839.83899915 1.0
291368079.975201 1.0
291292359.48822 1.0
291216678.34736425 1.0
291141036.521974 1.0
291065433.9814214 1.0
290989870.6951103 1.0
290914346.63247633 1.0
290838861.76298684 1.0
290763416.0561409 1.0
290688009.48146915 1.0
290612642.00853395 1.0
290537313.60692906 1.0
290462024.2462799 1.0
290386773.8962433 1.0
290311562.52650744 1.0
290236390.1067921 1.0
290161256.60684824 1.0
290086161.99645823 1.0
290011106.2454357 1.0
289936089.3236255 1.0
289861111.20090353 1.0
289786171.84717715 1.0
289711271.2323845 1.0
289636409.3264951 1.0
289561586.09950936 1.0
289486801.52145857 1.0
289412055.56240505 1.0
289337348.1924422 1.0
289262679.3816941 1.0
289188049.1003156 1.0
289113457.3184926 1.0
289038904.00644153 1.0
288964389.13440967 1.0
288889912.6726749 1.0
288815474.59154576 1.0
288741074.8613613 1.0
288666713.4524912 1.0
288592390.3353358 1.0
288518105.4803256 1.0
288443858.85792184 1.0
288369650.438616 1.0
288295480.19292986 1.0
288221348.0914156 1.0
288147254.10465574 1.0
288073198.20326304 1.0
287999180.3578804 1.0
287925200.5391808 1.0
287851258.71786755 1.0
287777354.86467385 1.0
287703488.9503631 1.0
287629660.9457286 1.0
287555870.8215937 1.0
287482118.5488116 1.0
287408404.0982655 1.0
287334727.44086844 1.0
287261088.54756314 1.0
287187487.3893223 1.0
287113923.93714815 1.0
287040398.16207284 1.0
286966910.0351579 1.0
286893459.5274949 1.0
286820046.6102047 1.0
286746671.25443774 1.0
286673333.431374 1.0
286600033.11222297 1.0
286526770.2682235 1.0
286453544.870644 1.0
286380356.8907821 1.0
286307206.29996485 1.0
286234093.06954837 1.0
286161017.1709184 1.0
286087978.5754895 1.0
286014977.25470585 1.0
285942013.18004024 1.0
285869086.32299507 1.0
285796196.65510136 0.0
285723344.14791954 0.0
285650528.7730388 0.0
285577750.5020774 0.0
285505009.30668247 0.0
285432305.1585298 0.0
285359638.0293245 0.0
285287007.89080006 0.0
285214414.7147191 0.0
285141858.4728726 0.0
285069339.1370805 0.0
284996856.67919123 0.0
284924411.071082 0.0
284852002.2846585 0.0
284779630.2918551 0.0
284707295.06463456 0.0
284634996.57498807 0.0
284562734.7949354 0.0
284490509.69652474 0.0
284418321.25183254 0.0
284346169.43296355 0.0
284274054.212051 0.0
284201975.5612563 0.0
284129933.4527689 0.0
284057927.85880685 0.0
283985958.751616 0.0
283914026.1034704 0.0
283842129.8866722 0.0
283770270.07355165 0.0
283698446.6364671 0.0
283626659.54780465 0.0
283554908.77997845 0.0
283483194.3054306 0.0
283411516.096631 0.0
283339874.1260774 0.0
283268268.3662954 0.0
283196698.7898384 0.0
283125165.3692874 0.0
283053668.07725114 0.0
282982206.886366 0.0
282910781.7692962 0.0
282839392.6987333 0.0
282768039.6473965 0.0
282696722.5880324 0.0
282625441.4934155 0.0
282554196.33634716 0.0
282482987.08965665 0.0
282411813.7262004 0.0
282340676.2188622 0.0
282269574.54055303 0.0
282198508.66421145 0.0
282127478.5628032 0.0
282056484.2093211 0.0
281985525.5767851 0.0
281914602.63824236 0.0
281843715.36676735 0.0
281772863.73546124 0.0
281702047.7174525 0.0
281631267.2858967 0.0
281560522.4139761 0.0
281489813.0749 0.0
281419139.2419047 0.0
281348500.8882533 0.0
281277897.9872357 0.0
281207330.5121687 0.0
281136798.43639576 0.0
281066301.7332872 0.0
280995840.37624 0.0
280925414.3386778 0.0
280855023.59405077 0.0
280784668.1158359 0.0
280714347.8775364 0.0
280644062.8526825 0.0
280573813.0148306 0.0
280503598.33756363 0.0
280433418.79449105 0.0
280363274.3592485 0.0
280293165.0054983 0.0
280223090.7069289 0.0
280153051.4372551 0.0
280083047.17021793 0.0
280013077.8795848 0.0
279943143.5391492 0.0
279873244.1227308 0.0
279803379.60417557 0.0
279733549.95735526 0.0
279663755.15616804 0.0
279593995.1745379 0.0
279524269.98641497 0.0
279454579.56577533 0.0
279384923.886621 0.0
279315302.92297983 0.0
279245716.64890563 0.0
279176165.03847814 0.0
279106648.0658027 0.0
279037165.7050107 0.0
278967717.93025905 0.0
278898304.7157306 0.0
278828926.03563356 0.0
278759581.8642022 0.0
278690272.1756962 0.0
278620996.9444007 0.0
278551756.1446268 0.0
278482549.75071067 0.0
278413377.73701435 0.0
278344240.0779251 0.0
278275136.7478558 0.0
278206067.7212445 0.0
278137032.9725548 0.0
278068032.4762757 0.0
277999066.2069213 0.0
277930134.13903123 0.0
277861236.2471701 0.0
277792372.5059279 0.0
277723542.88991976 0.0
277654747.373786 0.0
277585985.9321919 0.0
277517258.5398282 0.0
277448565.17141026 0.0
277379905.8016787 0.0
277311280.40539914 0.0
277242688.9573621 0.0
277174131.4323831 0.0
277105607.8053025 0.0
277037118.05098563 0.0
276968662.1443225 0.0
276900240.06022805 0.0
276831851.7736421 0.0
276763497.259529 0.0
276695176.4928779 0.0
276626889.4487027 0.0
276558636.1020419 0.0
276490416.42795867 0.0
276422230.4015408 0.0
276354077.9979006 0.0
276285959.1921749 0.0
276217873.95952505 0.0
276149822.2751369 0.0
276081804.1142208 0.0
276013819.4520114 0.0
275945868.2637679 0.0
275877950.5247736 0.0
275810066.2103364 0.0
275742215.2957883 0.0
275674397.75648576 0.0
275606613.5678092 0.0
275538862.7051636 0.0
275471145.1439778 0.0
275403460.859705 0.0
275335809.8278224 0.0
275268192.02383137 0.0
275200607.4232573 0.0
275133056.0016495 0.0
275065537.73458153 0.0
274998052.5976507 0.0
274930600.56647843 0.0
274863181.6167099 0.0
274795795.7240143 0.0
274728442.8640845 0.0
274661123.0126374 0.0
274593836.1454136 0.0
274526582.2381775 0.0
274459361.26671714 0.0
274392173.2068444 0.0
274325018.03439474 0.0
274257895.72522736 0.0
274190806.25522494 0.0
274123749.600294 0.0
274056725.73636425 0.0
273989734.63938934 0.0
273922776.2853461 0.0
273855850.6502351 0.0
273788957.7100802 0.0
273722097.4409287 0.0
273655269.81885123 0.0
273588474.81994194 0.0
273521712.4203182 0.0
273454982.59612083 0.0
273388285.3235137 0.0
273321620.5786841 0.0
273254988.3378424 0.0
273188388.5772223 0.0
273121821.27308065 0.0
273055286.40169746 0.0
272988783.9393757 0.0
272922313.8624414 0.0
272855876.147244 0.0
272789470.77015555 0.0
272723097.7075713 0.0
272656756.9359095 0.0
272590448.4316111 0.0
272524172.17114025 0.0
272457928.1309838 0.0
272391716.28765166 0.0
272325536.61767626 0.0
272259389.0976131 0.0
272193273.7040403 0.0
272127190.4135588 0.0
272061139.2027922 0.0
271995120.048387 0.0
271929132.92701197 0.0
271863177.8153588 0.0
271797254.6901418 0.0
271731363.5280976 0.0
271665504.30598587 0.0
271599677.0005882 0.0
271533881.5887092 0.0
271468118.0471755 0.0
271402386.3528366 0.0
271336686.4825642 0.0
271271018.41325235 0.0
271205382.1218176 0.0
271139777.5851986 0.0
271074204.78035665 0.0
271008663.6842751 0.0
270943154.2739596 0.0
270877676.52643794 0.0
270812230.41876036 0.0
270746815.927999 0.0
270681433.03124833 0.0
270616081.7056248 0.0
270550761.9282672 0.0
270485473.676336 0.0
270420216.92701405 0.0
270354991.6575061 0.0
270289797.84503883 0.0
270224635.466861 0.0
270159504.5002431 0.0
270094404.92247784 0.0
270029336.7108795 0.0
269964299.8427844 0.0
269899294.29555064 0.0
269834320.0465582 0.0
269769377.07320863 0.0
269704465.3529253 0.0
269639584.86315364 0.0
269574735.5813602 0.0
269509917.48503375 0.0
269445130.5516843 0.0
269380374.7588437 0.0
269315650.0840653 0.0
269250956.50492406 0.0
269186293.9990165 0.0
269121662.5439607 0.0
269057062.117396 0.0
268992492.69698346 0.0
268927954.2604054 0.0
268863446.7853658 0.0
268798970.2495898 0.0
268734524.63082385 0.0
268670109.906836 0.0
268605726.05541533 0.0
268541373.05437243 0.0
268477050.88153905 0.0
268412759.51476824 0.0
268348498.9319341 0.0
268284269.11093196 0.0
268220070.0296785 0.0
268155901.6661114 0.0
268091763.9981894 0.0
268027657.00389233 0.0
267963580.66122112 0.0
267899534.94819778 0.0
267835519.84286523 0.0
267771535.32328737 0.0
267707581.3675492 0.0
267643657.95375654 0.0
267579765.06003603 0.0
267515902.66453534 0.0
267452070.74542302 0.0
267388269.2808883 0.0
267324498.24914125 0.0
267260757.62841284 0.0
267197047.39695477 0.0
267133367.53303933 0.0
267069718.0149597 0.0
267006098.8210296 0.0
266942509.9295835 0.0
266878951.31897637 0.0
266815422.967584 0.0
266751924.8538027 0.0
266688456.95604923 0.0
266625019.25276098 0.0
266561611.72239572 0.0
266498234.34343195 0.0
266434887.0943684 0.0
266371569.95372438 0.0
266308282.9000396 0.0
266245025.91187412 0.0
266181798.96780828 0.0
266118602.04644293 0.0
266055435.1263992 0.0
265992298.1863184 0.0
265929191.2048622 0.0
265866114.16071254 0.0
265803067.03257158 0.0
265740049.79916152 0.0
265677062.439225 0.0
265614104.93152454 0.0
265551177.254843 0.0
265488279.3879831 0.0
265425411.30976796 0.0
265362572.99904057 0.0
265299764.4346639 0.0
265236985.595521 0.0
265174236.4605149 0.0
265111517.00856856 0.0
265048827.21862498 0.0
264986167.0696469 0.0
264923536.54061714 0.0
264860935.61053815 0.0
264798364.2584325 0.0
264735822.46334237 0.0
264673310.20432982 0.0
264610827.46047664 0.0
264548374.2108844 0.0
264485950.43467435 0.0
264423556.11098754 0.0
264361191.21898466 0.0
264298855.73784602 0.0
264236549.64677152 0.0
264174272.9249807 0.0
264112025.5517128 0.0
264049807.50622648 0.0
263987618.76780006 0.0
263925459.31573126 0.0
263863329.12933734 0.0
263801228.187955 0.0
263739156.47094047 0.0
263677113.95766938 0.0
263615100.62753668 0.0
263553116.45995682 0.0
263491161.4343635 0.0
263429235.53020987 0.0
263367338.7269682 0.0
263305471.0041303 0.0
263243632.34120706 0.0
263181822.71772864 0.0
263120042.11324447 0.0
263058290.50732315 0.0
262996567.87955254 0.0
262934874.20953953 0.0
262873209.47691017 0.0
262811573.66130963 0.0
262749966.74240217 0.0
262688388.69987112 0.0
262626839.5134189 0.0
262565319.1627669 0.0
262503827.62765542 0.0
262442364.88784385 0.0
262380930.92311049 0.0
262319525.71325263 0.0
262258149.23808637 0.0
262196801.47744676 0.0
262135482.41118768 0.0
262074192.01918188 0.0
262012930.28132096 0.0
261951697.17751524 0.0
261890492.68769383 0.0
261829316.7918046 0.0
261768169.4698142 0.0
261707050.70170796 0.0
261645960.46748993 0.0
261584898.74718273 0.0
261523865.5208277 0.0
261462860.76848477 0.0
261401884.4702325 0.0
261340936.60616803 0.0
261280017.1564071 0.0
261219126.10108384 0.0
261158263.42035103 0.0
261097429.0943799 0.0
261036623.10336012 0.0
260975845.4274999 0.0
260915096.04702574 0.0
260854374.94218272 0.0
260793682.09323412 0.0
260733017.48046172 0.0
260672381.08416563 0.0
260611772.88466424 0.0
260551192.8622942 0.0
260490640.99741045 0.0
260430117.27038637 0.0
260369621.66161332 0.0
260309154.1515011 0.0
260248714.72047746 0.0
260188303.34898856 0.0
260127920.0174985 0.0
260067564.70648968 0.0
260007237.39646256 0.0
259946938.06793573 0.0
259886666.7014457 0.0
259826423.27754715 0.0
259766207.7768128 0.0
259706020.17983323 0.0
259645860.46721727 0.0
259585728.6195914 0.0
259525624.61760026 0.0
259465548.44190633 0.0
259405500.07319 0.0
259345479.49214965 0.0
259285486.6795013 0.0
259225521.61597896 0.0
259165584.2823344 0.0
259105674.65933722 0.0
259045792.72777483 0.0
258985938.46845236 0.0
258926111.8621927 0.0
258866312.8898363 0.0
258806541.53224155 0.0
258746797.77028432 0.0
258687081.5848583 0.0
258627392.9568747 0.0
258567731.86726236 0.0
258508098.29696772 0.0
258448492.2269548 0.0
258388913.6382052 0.0
258329362.511718 0.0
258269838.8285098 0.0
258210342.5696148 0.0
258150873.71608442 0.0
258091432.24898782 0.0
258032018.1494115 0.0
257972631.39845926 0.0
257913271.97725236 0.0
257853939.86692947 0.0
257794635.0486465 0.0
257735357.503577 0.0
257676107.21291143 0.0
257616884.15785775 0.0
257557688.31964117 0.0
257498519.67950416 0.0
257439378.21870637 0.0
257380263.9185247 0.0
257321176.76025337 0.0
257262116.7252035 0.0
257203083.79470357 0.0
257144077.9500991 0.0
257085099.17275283 0.0
257026147.4440445 0.0
256967222.7453709 0.0
256908325.05814594 0.0
256849454.36380062 0.0
256790610.6437828 0.0
256731793.8795575 0.0
256673004.0526066 0.0
256614241.14442903 0.0
256555505.1365405 0.0
256496796.01047376 0.0
256438113.74777862 0.0
256379458.33002147 0.0
256320829.73878574 0.0
256262227.95567155 0.0
256203652.9622961 0.0
256145104.7402931 0.0
256086583.27131322 0.0
256028088.53702393 0.0
255969620.51910937 0.0
255911179.1992703 0.0
255852764.5592244 0.0
255794376.5807059 0.0
255736015.24546582 0.0
255677680.5352716 0.0
255619372.43190756 0.0
255561090.91717458 0.0
255502835.97288996 0.0
255444607.58088785 0.0
255386405.7230187 0.0
255328230.38114968 0.0
255270081.5371643 0.0
255211959.17296273 0.0
255153863.27046162 0.0
255095793.811594 0.0
255037750.7783094 0.0
254979734.15257365 0.0
254921743.91636914 0.0
254863780.05169463 0.0
254805842.54056513 0.0
254747931.36501214 0.0
254690046.50708345 0.0
254632187.94884303 0.0
254574355.67237136 0.0
254516549.65976506 0.0
254458769.8931371 0.0
254401016.35461652 0.0
254343289.02634874 0.0
254285587.89049536 0.0
254227912.92923415 0.0
254170264.124759 0.0
254112641.45927998 0.0
254055044.91502324 0.0
253997474.4742312 0.0
253939930.11916214 0.0
253882411.83209065 0.0
253824919.59530723 0.0
253767453.3911184 0.0
253710013.20184678 0.0
253652599.00983095 0.0
253595210.79742554 0.0
253537848.54700097 0.0
253480512.24094388 0.0
253423201.86165655 0.0
253365917.39155743 0.0
253308658.8130806 0.0
253251426.10867628 0.0
253194219.26081038 0.0
253137038.25196466 0.0
253079883.06463674 0.0
253022753.68134007 0.0
252965650.08460388 0.0
252908572.2569731 0.0
252851520.18100846 0.0
252794493.83928636 0.0
252737493.21439907 0.0
252680518.28895432 0.0
252623569.04557586 0.0
252566645.46690273 0.0
252509747.53558984 0.0
252452875.23430765 0.0
252396028.54574224 0.0
252339207.45259535 0.0
252282411.93758413 0.0
252225641.9834415 0.0
252168897.5729157 0.0
252112178.6887707 0.0
252055485.3137858 0.0
251998817.4307559 0.0
251942175.0224913 0.0
251885558.0718178 0.0
251828966.56157655 0.0
251772400.47462425 0.0
251715859.79383293 0.0
251659344.50209 0.0
251602854.58229822 0.0
251546390.01737568 0.0
251489950.79025584 0.0
251433536.88388753 0.0
251377148.28123483 0.0
251320784.96527702 0.0
251264446.91900873 0.0
251208134.12543976 0.0
251151846.56759524 0.0
251095584.22851548 0.0
251039347.0912559 0.0
250983135.13888726 0.0
250926948.35449526 0.0
250870786.72118092 0.0
250814650.22206035 0.0
250758538.84026474 0.0
250702452.55894032 0.0
250646391.3612485 0.0
250590355.23036566 0.0
250534344.14948332 0.0
250478358.10180798 0.0
250422397.0705611 0.0
250366461.0389792 0.0
250310549.99031362 0.0
250254663.9078309 0.0
250198802.77481237 0.0
250142966.57455432 0.0
250087155.29036796 0.0
250031368.9055793 0.0
249975607.40352938 0.0
249919870.76757392 0.0
249864158.9810837 0.0
249808472.02744406 0.0
249752809.89005542 0.0
249697172.55233273 0.0
249641559.99770594 0.0
249585972.20961967 0.0
249530409.17153326 0.0
249474870.86692074 0.0
249419357.27927092 0.0
249363868.3920873 0.0
249308404.18888804 0.0
249252964.65320602 0.0
249197549.76858863 0.0
249142159.518598 0.0
249086793.88681078 0.0
249031452.85681832 0.0
248976136.41222647 0.0
248920844.53665572 0.0
248865577.21374106 0.0
248810334.42713195 0.0
248755116.1604925 0.0
248699922.39750117 0.0
248644753.12185106 0.0
248589608.31724954 0.0
248534487.96741867 0.0
248479392.0560947 0.0
248424320.56702846 0.0
248369273.48398522 0.0
248314250.79074445 0.0
248259252.47110015 0.0
248204278.50886056 0.0
248149328.88784832 0.0
248094403.59190047 0.0
248039502.60486826 0.0
247984625.91061723 0.0
247929773.4930272 0.0
247874945.33599222 0.0
247820141.4234207 0.0
247765361.73923516 0.0
247710606.26737243 0.0
247655874.99178347 0.0
247601167.89643338 0.0
247546484.96530154 0.0
247491826.18238142 0.0
247437191.53168058 0.0
247382580.9972208 0.0
247327994.56303778 0.0
247273432.2131816 0.0
247218893.9317161 0.0
247164379.70271948 0.0
247109889.5102837 0.0
247055423.3385149 0.0
247000981.17153314 0.0
246946562.99347255 0.0
246892168.78848132 0.0
246837798.54072145 0.0
246783452.2343689 0.0
246729129.8536136 0.0
246674831.38265944 0.0
246620556.80572414 0.0
246566306.10703942 0.0
246512079.2708507 0.0
246457876.28141737 0.0
246403697.12301263 0.0
246349541.77992356 0.0
246295410.236451 0.0
246241302.47690958 0.0
246187218.48562774 0.0
246133158.24694753 0.0
246079121.7452251 0.0
246025108.96482998 0.0
245971119.89014563 0.0
245917154.50556913 0.0
245863212.79551128 0.0
245809294.74439645 0.0
245755400.33666286 0.0
245701529.55676225 0.0
245647682.38916007 0.0
245593858.81833526 0.0
245540058.8287804 0.0
245486282.40500182 0.0
245432529.53151917 0.0
245378800.19286585 0.0
245325094.37358862 0.0
245271412.058248 0.0
245217753.2314178 0.0
245164117.87768543 0.0
245110505.98165184 0.0
245056917.52793133 0.0
245003352.50115168 0.0
244949810.88595408 0.0
244896292.66699326 0.0
244842797.82893732 0.0
244789326.35646766 0.0
244735878.23427916 0.0
244682453.44707996 0.0
244629051.97959164 0.0
244575673.81654906 0.0
244522318.9427005 0.0
244468987.34280744 0.0
244415679.0016447 0.0
244362393.9040003 0.0
244309132.03467566 0.0
244255893.37848535 0.0
244202677.92025718 0.0
244149485.6448322 0.0
244096316.5370646 0.0
244043170.581822 0.0
243990047.76398483 0.0
243936948.068447 0.0
243883871.48011535 0.0
243830817.98391 0.0
243777787.564764 0.0
243724780.20762378 0.0
243671795.8974487 0.0
243618834.61921117 0.0
243565896.35789672 0.0
243512981.09850383 0.0
243460088.8260442 0.0
243407219.52554238 0.0
243354373.182036 0.0
243301549.78057572 0.0
243248749.3062251 0.0
243195971.74406058 0.0
243143217.07917178 0.0
243090485.29666114 0.0
243037776.38164398 0.0
242985090.3192485 0.0
242932427.0946159 0.0
242879786.6929003 0.0
242827169.09926844 0.0
242774574.2989002 0.0
242722002.2769881 0.0
242669453.01873755 0.0
242616926.5093667 0.0
242564422.7341067 0.0
242511941.6782013 0.0
242459483.32690704 0.0
242407047.66549325 0.0
242354634.67924196 0.0
242302244.35344797 0.0
242249876.6734188 0.0
242197531.62447456 0.0
242145209.19194826 0.0
242092909.36118537 0.0
242040632.1175441 0.0
241988377.4463953 0.0
241936145.33312252 0.0
241883935.7631218 0.0
241831748.72180182 0.0
241779584.19458392 0.0
241727442.16690198 0.0
241675322.6242024 0.0
241623225.55194423 0.0
241571150.93559888 0.0
241519098.7606505 0.0
241467069.01259547 0.0
241415061.67694297 0.0
241363076.73921457 0.0
241311114.18494415 0.0
241259173.99967822 0.0
241207256.16897562 0.0
241155360.67840767 0.0
241103487.51355818 0.0
241051636.66002318 0.0
240999808.1034113 0.0
240948001.82934332 0.0
240896217.8234526 0.0
240844456.0713846 0.0
240792716.55879745 0.0
240740999.2713613 0.0
240689304.19475868 0.0
240637631.3146845 0.0
240585980.61684597 0.0
240534352.08696243 0.0
240482745.71076557 0.0
240431161.47399932 0.0
240379599.36241975 0.0
240328059.36179528 0.0
240276541.45790645 0.0
240225045.63654608 0.0
240173571.88351902 0.0
240122120.1846424 0.0
240070690.5257454 0.0
240019282.89266944 0.0
239967897.27126807 0.0
