7475000000.000001 0.0
7462558255.659122 0.0
7450157859.754072 0.0
7437798606.502987 0.0
7425480291.487248 0.0
7413202711.640213 0.0
7400965665.2360525 0.0
7388768951.878709 0.0
7376612372.490953 0.0
7364495729.303551 0.0
7352418825.844542 0.0
7340381466.92862 0.0
7328383458.646618 0.0
7316424608.355093 0.0
7304504724.666017 0.0
7292623617.436566 0.0
7280781097.759014 0.0
7268976977.950715 0.0
7257211071.54419 0.0
7245483193.277312 0.0
7233793159.083577 0.0
7222140786.082476 0.0
7210525892.56996 0.0
7198948298.008993 0.0
7187407823.020201 0.0
7175904289.372601 0.0
7164437519.974434 0.0
7153007338.864073 0.0
7141613571.201021 0.0
7130256043.256999 0.0
7118934582.407115 0.0
7107649017.121118 0.0
7096399176.954734 0.0
7085184892.541089 0.0
7074005995.582204 0.0
7062862318.840581 0.0
7051753696.130859 0.0
7040679962.311559 0.0
7029640953.27689 0.0
7018636505.948655 0.0
7007666458.26821 0.0
6996730649.188516 0.0
6985828918.666253 0.0
6974961107.654016 0.0
6964127058.092577 0.0
6953326612.903228 0.0
6942559615.980182 0.0
6931825912.183056 0.0
6921125347.329424 0.0
6910457768.187424 0.0
6899823022.468452 0.0
6889220958.819915 0.0
6878651426.818045 0.0
6868114276.960785 0.0
6857609360.660754 0.0
6847136530.238243 0.0
6836695638.914305 0.0
6826286540.8039 0.0
6815909090.909093 0.0
6805563145.112327 0.0
6795248560.169749 0.0
6784965193.704601 0.0
6774712904.200666 0.0
6764491550.995776 0.0
6754300994.275385 0.0
6744141095.066187 0.0
6734011715.2298 0.0
6723912717.456511 0.0
6713843965.259061 0.0
6703805322.966509 0.0
6693796655.718126 0.0
6683817829.457366 0.0
6673868710.925872 0.0
6663949167.657552 0.0
6654059067.972693 0.0
6644198280.972141 0.0
6634366676.53152 0.0
6624564125.295509 0.0
6614790498.672176 0.0
6605045668.827344 0.0
6595329508.679025 0.0
6585641891.891893 0.0
6575982692.871811 0.0
6566351786.760399 0.0
6556749049.429659 0.0
6547174357.476637 0.0
6537627588.218141 0.0
6528108619.685499 0.0
6518617330.619368 0.0
6509153600.464578 0.0
6499717309.365035 0.0
6490308338.158658 0.0
6480926568.372363 0.0
6471571882.217092 0.0
6462244162.582878 0.0
6452943293.033967 0.0
6443669157.803967 0.0
6434421641.791046 0.0
6425200630.553168 0.0
6416006010.303379 0.0
6406837667.905117 0.0
6397695490.867581 0.0
6388579367.341125 0.0
6379489186.112694 0.0
6370424836.601309 0.0
6361386208.853577 0.0
6352373193.5392475 0.0
6343385681.946803 0.0
6334423565.979091 0.0
6325486738.148985 0.0
6316575091.575092 0.0
6307688519.977491 0.0
6298826917.673506 0.0
6289990179.573514 0.0
6281178201.176802 0.0
6272390878.567433 0.0
6263628108.410172 0.0
6254889787.946429 0.0
6246175814.990249 0.0
6237486087.924319 0.0
6228820505.696028 0.0
6220178967.813541 0.0
6211561374.341924 0.0
6202967625.8992815 0.0
6194397623.652944 0.0
6185851269.315675 0.0
6177328465.141913 0.0
6168829113.924052 0.0
6160353118.988734 0.0
6151900384.193195 0.0
6143470813.921623 0.0
6135064313.081555 0.0
6126680787.100302 0.0
6118320141.921398 0.0
6109982284.001091 0.0
6101667120.304846 0.0
6093374558.303888 0.0
6085104505.971771 0.0
6076856871.780972 0.0
6068631564.699514 0.0
6060428494.187619 0.0
6052247570.194385 0.0
6044088703.15449 0.0
6035951803.984922 0.0
6027836784.081744 0.0
6019743555.316865 0.0
6011672030.034863 0.0
6003622121.049814 0.0
5995593741.642152 0.0
5987586805.555557 0.0
5979601226.993867 0.0
5971636920.618009 0.0
5963693801.542964 0.0
5955771785.334752 0.0
5947870788.00743 0.0
5939990726.02014 0.0
5932131516.274147 0.0
5924293076.109938 0.0
5916475323.304303 0.0
5908678176.067476 0.0
5900901553.040275 0.0
5893145373.291274 0.0
5885409556.313994 0.0
5877694022.024123 0.0
5869998690.756744 0.0
5862323483.263599 0.0
5854668320.710368 0.0
5847033124.67397 0.0
5839417817.139882 0.0
5831822320.49948 0.0
5824246557.547417 0.0
5816690451.478984 0.0
5809153925.887537 0.0
5801636904.761906 0.0
5794139312.483848 0.0
5786661073.825504 0.0
5779202113.946895 0.0
5771762358.393409 0.0
5764341733.093341 0.0
5756940164.35542 0.0
5749557578.866377 0.0
5742193903.688525 0.0
5734849066.257356 0.0
5727522994.379153 0.0
5720215616.228631 0.0
5712926860.346587 0.0
5705656655.6375675 0.0
5698404931.367566 0.0
5691171617.161716 0.0
5683956643.002029 0.0
5676759939.225121 0.0
5669581436.519981 0.0
5662421065.925739 0.0
5655278758.829467 0.0
5648154446.963973 0.0
5641048062.405638 0.0
5633959537.572255 0.0
5626888805.220884 0.0
5619835798.445727 0.0
5612800450.676015 0.0
5605782695.67392 0.0
5598782467.532468 0.0
5591799700.673486 0.0
5584834329.845541 0.0
5577886290.1219225 0.0
5570955516.898609 0.0
5564041945.8922825 0.0
5557145513.138325 0.0
5550266154.98886 0.0
5543403808.110783 0.0
5536558409.483825 0.0
5529729896.398619 0.0
5522918206.454793 0.0
5516123277.559056 0.0
5509345047.923324 0.0
5502583456.062839 0.0
5495838440.7943125 0.0
5489109941.234086 0.0
5482397896.796283 0.0
5475702247.191012 0.0
5469022932.422543 0.0
5462359892.787526 0.0
5455713068.873205 0.0
5449082401.555665 0.0
5442467831.998059 0.0
5435869301.648886 0.0
5429286752.2402525 0.0
5422720125.786165 0.0
5416169364.580818 0.0
5409634411.196912 0.0
5403115208.4839735 0.0
5396611699.566683 0.0
5390123827.843233 0.0
5383651536.98367 0.0
5377194770.928282 0.0
5370753473.885962 0.0
5364327590.332617 0.0
5357917065.009561 0.0
5351521842.92194 0.0
5345141869.33715 0.0
5338777089.783282 0.0
5332427450.047574 0.0
5326092896.174864 0.0
5319773374.466067 0.0
5313468831.476654 0.0
5307179214.015153 0.0
5300904469.141642 0.0
5294644544.166275 0.0
5288399386.647795 0.0
5282168944.392085 0.0
5275953165.450695 0.0
5269751998.119417 0.0
5263565390.93684 0.0
5257393292.682927 0.0
5251235652.377607 0.0
5245092419.279365 0.0
5238963542.883852 0.0
5232848972.9225025 0.0
5226748659.361158 0.0
5220662552.398697 0.0
5214590602.465692 0.0
5208532760.223049 0.0
5202488976.560688 0.0
5196459202.596199 0.0
5190443389.673536 0.0
5184441489.361703 0.0
5178453453.453454 0.0
5172479233.964006 0.0
5166518783.129754 0.0
5160572053.407 0.0
5154638997.470684 0.0
5148719568.213138 0.0
5142813718.742831 0.0
5136921402.383137 0.0
5131042572.671093 0.0
5125177183.356196 0.0
5119325188.3991785 0.0
5113486541.970803 0.0
5107661198.450673 0.0
5101849112.426036 0.0
5096050238.690613 0.0
5090264532.243416 0.0
5084491948.287595 0.0
5078732442.229271 0.0
5072985969.676399 0.0
5067252486.4376135 0.0
5061531948.5211115 0.0
5055824312.133514 0.0
5050129533.678758 0.0
5044447569.756976 0.0
5038778377.163408 0.0
5033121912.887293 0.0
5027478134.110788 0.0
5021846998.207887 0.0
5016228462.743344 0.0
5010622485.471615 0.0
5005029024.335791 0.0
4999448037.466549 0.0
4993879483.18111 0.0
4988323319.9822 0.0
4982779506.5570135 0.0
4977248001.776199 0.0
4971728764.692838 0.0
4966221754.541428 0.0
4960726930.73689 0.0
4955244252.873565 0.0
4949773680.724223 0.0
4944315174.239083 0.0
4938868693.544835 0.0
4933434198.943663 0.0
4928011650.912289 0.0
4922601010.101011 0.0
4917202237.332748 0.0
4911815293.602104 0.0
4906440140.074415 0.0
4901076738.084828 0.0
4895725049.137366 0.0
4890385034.904016 0.0
4885056657.223797 0.0
4879739878.101873 0.0
4874434659.708632 0.0
4869140964.378801 0.0
4863858754.610546 0.0
4858587993.064587 0.0
4853328642.563327 0.0
4848080666.089966 0.0
4842844026.787644 0.0
4837618687.958568 0.0
4832404613.063161 0.0
4827201765.719209 0.0
4822010109.701013 0.0
4816829608.938548 0.0
4811660227.516636 0.0
4806501929.674101 0.0
4801354679.802956 0.0
4796218442.447582 0.0
4791093182.303911 0.0
4785978864.218617 0.0
4780875453.1883135 0.0
4775782914.358757 0.0
4770701213.024048 0.0
4765630314.625852 0.0
4760570184.752602 0.0
4755520789.138737 0.0
4750482093.663913 0.0
4745454064.352244 0.0
4740436667.371538 0.0
4735429869.032531 0.0
4730433635.788142 0.0
4725447934.232716 0.0
4720472731.101285 0.0
4715507993.2688265 0.0
4710553687.749529 0.0
4705609781.696054 0.0
4700676242.398828 0.0
4695753037.2852955 0.0
4690840133.91923 0.0
4685937500.000001 0.0
4681045103.361872 0.0
4676162911.973301 0.0
4671290893.936237 0.0
4666429017.48543 0.0
4661577250.987732 0.0
4656735562.941422 0.0
4651903921.975514 0.0
4647082296.849089 0.0
4642270656.450611 0.0
4637468969.79727 0.0
4632677206.034306 0.0
4627895334.434352 0.0
4623123324.396784 0.0
4618361145.447055 0.0
4613608767.236057 0.0
4608866159.5394745 0.0
4604133292.257138 0.0
4599410135.412393 0.0
4594696659.151466 0.0
4589992833.742834 0.0
4585298629.576602 0.0
4580614017.163875 0.0
4575938967.13615 0.0
4571273450.244699 0.0
4566617437.359952 0.0
4561970899.470901 0.0
4557333807.684489 0.0
4552706133.225021 0.0
4548087847.4335575 0.0
4543478921.767329 0.0
4538879327.79915 0.0
4534289037.21683 0.0
4529708021.822591 0.0
4525136253.532499 0.0
4520573704.375883 0.0
4516020346.494763 0.0
4511476152.14329 0.0
4506941093.687173 0.0
4502415143.603134 0.0
4497898274.478332 0.0
4493390459.009823 0.0
4488891670.0040045 0.0
4484401880.376077 0.0
4479921063.149481 0.0
4475449191.455381 0.0
4470986238.532111 0.0
4466532177.7246475 0.0
4462086982.484077 0.0
4457650626.367071 0.0
4453223083.03536 0.0
4448804326.25521 0.0
4444394329.896908 0.0
4439993067.934244 0.0
4435600514.444006 0.0
4431216643.605456 0.0
4426841429.699842 0.0
4422474847.109883 0.0
4418116870.319276 0.0
4413767473.912189 0.0
4409426632.572778 0.0
4405094321.084693 0.0
4400770514.3305855 0.0
4396455187.291627 0.0
4392148315.047022 0.0
4387849872.773538 0.0
4383559835.745014 0.0
4379278179.331902 0.0
4375004879.000781 0.0
4370739910.313902 0.0
4366483248.928712 0.0
4362234870.597393 0.0
4357994751.166408 0.0
4353762866.5760355 0.0
4349539192.859916 0.0
4345323706.144602 0.0
4341116382.64911 0.0
4336917198.684466 0.0
4332726130.653267 0.0
4328543155.049237 0.0
4324368248.456791 0.0
4320201387.550589 0.0
4316042549.09511 0.0
4311891709.944221 0.0
4307748847.040738 0.0
4303613937.416012 0.0
4299486958.18949 0.0
4295367886.568309 0.0
4291256699.846862 0.0
4287153375.4063888 0.0
4283057890.714559 0.0
4278970223.325063 0.0
4274890350.877194 0.0
4270818251.095447 0.0
4266753901.7891135 0.0
4262697280.8518734 0.0
4258648366.2613993 0.0
4254607136.078953 0.0
4250573568.4489956 0.0
4246547641.5987883 0.0
4242529333.8380027 0.0
4238518623.558329 0.0
4234515489.2330947 0.0
4230519909.416872 0.0
4226531862.7450986 0.0
4222551327.9336977 0.0
4218578283.7786984 0.0
4214612709.1558576 0.0
4210654583.020286 0.0
4206703884.4060802 0.0
4202760592.425947 0.0
4198824686.2708383 0.0
4194896145.2095814 0.0
4190974948.5885215 0.0
4187061075.831155 0.0
4183154506.437769 0.0
4179255219.9850864 0.0
4175363196.125908 0.0
4171478414.588762 0.0
4167600855.1775427 0.0
4163730497.7711744 0.0
4159867322.3232517 0.0
4156011308.8616996 0.0
4152162437.4884243 0.0
4148320688.378979 0.0
4144486041.7822156 0.0
4140658478.0199494 0.0
4136837977.486622 0.0
4133024520.6489673 0.0
4129218088.045681 0.0
4125418660.2870817 0.0
4121626218.05479 0.0
4117840742.101396 0.0
4114062213.2501388 0.0
4110290612.394573 0.0
4106525920.4982605 0.0
4102768118.594437 0.0
4099017187.7857027 0.0
4095273109.243698 0.0
4091535864.208798 0.0
4087805433.989789 0.0
4084081799.963564 0.0
4080364943.5748096 0.0
4076654846.335697 0.0
4072951489.825582 0.0
4069254855.6906886 0.0
4065564925.6438165 0.0
4061881681.4640336 0.0
4058205104.996381 0.0
4054535178.151565 0.0
4050871882.905675 0.0
4047215201.2998743 0.0
4043565115.440116 0.0
4039921607.496847 0.0
4036284659.704717 0.0
4032654254.362296 0.0
4029030373.8317766 0.0
4025413000.5386972 0.0
4021802116.9716544 0.0
4018197705.6820226 0.0
4014599749.2836685 0.0
4011008230.452676 0.0
4007423131.927065 0.0
4003844436.50652 0.0
4000272127.0521064 0.0
3996706186.486005 0.0
3993146597.791237 0.0
3989593344.0113907 0.0
3986046408.250356 0.0
3982505773.6720557 0.0
3978971423.5001783 0.0
3975443341.017912 0.0
3971921509.567683 0.0
3968405912.5508943 0.0
3964896533.427662 0.0
3961393355.7165585 0.0
3957896362.9943504 0.0
3954405538.895749 0.0
3950920867.1131487 0.0
3947442331.3963733 0.0
3943969915.5524282 0.0
3940503603.445246 0.0
3937043378.9954348 0.0
3933589226.1800323 0.0
3930141129.0322585 0.0
3926699071.641269 0.0
3923263038.1519084 0.0
3919833012.7644696 0.0
3916408979.734452 0.0
3912990923.3723164 0.0
3909578828.0432515 0.0
3906172678.1669283 0.0
3902772458.2172704 0.0
3899378152.7222133 0.0
3895989746.2634697 0.0
3892607223.4762983 0.0
3889230569.049272 0.0
3885859767.7240434 0.0
3882494804.2951164 0.0
3879135663.6096215 0.0
3875782330.567082 0.0
3872434790.1191926 0.0
3869093027.2695894 0.0
3865757027.0736337 0.0
3862426774.6381807 0.0
3859102255.1213646 0.0
3855783453.7323704 0.0
3852470355.7312255 0.0
3849162946.428572 0.0
3845861211.1854525 0.0
3842565135.413096 0.0
3839274704.572701 0.0
3835989904.1752234 0.0
3832710719.7811594 0.0
3829437137.000342 0.0
3826169141.4917226 0.0
3822906718.963166 0.0
3819649855.1712394 0.0
3816398535.921008 0.0
3813152747.065828 0.0
3809912474.5071383 0.0
3806677704.194261 0.0
3803448422.124194 0.0
3800224614.341415 0.0
3797006266.9376698 0.0
3793793366.051786 0.0
3790585897.869463 0.0
3787383848.6230793 0.0
3784187204.5914927 0.0
3780995952.0998487 0.0
3777810077.5193806 0.0
3774629567.2672176 0.0
3771454407.8061914 0.0
3768284585.644646 0.0
3765120087.336245 0.0
3761960899.4797792 0.0
3758807008.7189813 0.0
3755658401.7423353 0.0
3752515065.2828937 0.0
3749376986.1180806 0.0
3746244151.069519 0.0
3743116547.002839 0.0
3739994160.827495 0.0
3736876979.4965835 0.0
3733764990.006663 0.0
3730658179.397571 0.0
3727556534.7522454 0.0
3724460043.1965446 0.0
3721368691.8990703 0.0
3718282468.0709906 0.0
3715201358.965861 0.0
3712125351.879451 0.0
3709054434.14957 0.0
3705988593.1558948 0.0
3702927816.3197894 0.0
3699872091.104143 0.0
3696821405.013193 0.0
3693775745.5923553 0.0
3690735100.428055 0.0
3687699457.1475573 0.0
3684668803.418804 0.0
3681643126.9502387 0.0
3678622415.4906473 0.0
3675606656.8289886 0.0
3672595838.794234 0.0
3669589949.255198 0.0
3666588976.12038 0.0
3663592907.3378005 0.0
3660601730.8948407 0.0
3657615434.8180785 0.0
3654634007.1731334 0.0
3651657436.0645065 0.0
3648685709.6354175 0.0
3645718816.067654 0.0
3642756743.5814104 0.0
3639799480.4351363 0.0
3636847014.925374 0.0
3633899335.386611 0.0
3630956430.1911244 0.0
3628018287.748827 0.0
3625084896.507116 0.0
3622156244.9507194 0.0
3619232321.60155 0.0
3616313115.018552 0.0
3613398613.7975507 0.0
3610488806.571107 0.0
3607583682.008369 0.0
3604683228.814923 0.0
3601787435.7326484 0.0
3598896291.539573 0.0
3596009785.049728 0.0
3593127905.1129994 0.0
3590250640.6149907 0.0
3587377980.4768767 0.0
3584509913.655261 0.0
3581646429.1420364 0.0
3578787515.9642406 0.0
3575933163.1839213 0.0
3573083359.897992 0.0
3570238095.238096 0.0
3567397358.370465 0.0
3564561138.495787 0.0
3561729424.8490634 0.0
3558902206.6994762 0.0
3556079473.350254 0.0
3553261214.1385326 0.0
3550447418.435224 0.0
3547638075.644881 0.0
3544833175.2055664 0.0
3542032706.588719 0.0
3539236659.299022 0.0
3536445022.874271 0.0
3533657786.8852463 0.0
3530874940.9355807 0.0
3528096474.6616306 0.0
3525322377.7323484 0.0
3522552639.8491516 0.0
3519787250.745801 0.0
3517026200.1882653 0.0
3514269477.9746046 0.0
3511517073.9348373 0.0
3508768977.9308195 0.0
3506025179.8561153 0.0
3503285669.635881 0.0
3500550437.2267337 0.0
3497819472.6166334 0.0
3495092765.8247585 0.0
3492370306.9013863 0.0
3489652085.927771 0.0
3486938093.0160217 0.0
3484228318.308984 0.0
3481522751.9801216 0.0
3478821384.2333965 0.0
3476124205.3031483 0.0
3473431205.4539824 0.0
3470742374.9806476 0.0
3468057704.2079215 0.0
3465377183.490494 0.0
3462700803.2128515 0.0
3460028553.7891655 0.0
3457360425.6631713 0.0
3454696409.30806 0.0
3452036495.2263627 0.0
3449380673.949839 0.0
3446728936.039361 0.0
3444081272.084806 0.0
3441437672.7049437 0.0
3438798128.547324 0.0
3436162630.2881675 0.0
3433531168.6322565 0.0
3430903734.3128257 0.0
3428280318.0914516 0.0
3425660910.7579465 0.0
3423045503.130249 0.0
3420434086.0543184 0.0
3417826650.4040256 0.0
3415223187.0810485 0.0
3412623687.014766 0.0
3410028141.1621547 0.0
3407436540.5076766 0.0
3404848876.063184 0.0
3402265138.8678107 0.0
3399685319.9878683 0.0
3397109410.5167456 0.0
3394537401.5748034 0.0
3391969284.3092756 0.0
3389405049.8941646 0.0
3386844689.530141 0.0
3384288194.4444447 0.0
3381735555.8907833 0.0
3379186765.149232 0.0
3376641813.526134 0.0
3374100692.354004 0.0
3371563392.9914274 0.0
3369029906.822964 0.0
3366500225.259048 0.0
3363974339.735895 0.0
3361452241.7154 0.0
3358933922.685047 0.0
3356419374.1578083 0.0
3353908587.6720533 0.0
3351401554.791449 0.0
3348898267.104871 0.0
3346398716.2263026 0.0
3343902893.7947497 0.0
3341410791.4741397 0.0
3338922400.9532323 0.0
3336437713.945528 0.0
3333956722.189173 0.0
3331479417.446872 0.0
3329005791.5057917 0.0
3326535836.177475 0.0
3324069543.2977467 0.0
3321606904.726627 1.0
3319147912.3482385 1.0
3316692558.070721 1.0
3314240833.826139 1.0
3311792731.5703945 1.0
3309348243.283142 1.0
3306907360.9676948 1.0
3304470076.650944 1.0
3302036382.3832674 1.0
3299606270.238446 1.0
3297179732.3135757 1.0
3294756760.728984 1.0
3292337347.6281395 1.0
3289921485.177576 1.0
3287509165.566799 1.0
3285100381.008207 1.0
3282695123.7370043 1.0
3280293386.0111213 1.0
3277895160.111128 1.0
3275500438.3401523 1.0
3273109213.0238 1.0
3270721476.5100675 1.0
3268337221.169267 1.0
3265956439.3939395 1.0
3263579123.598778 1.0
3261205266.2205415 1.0
3258834859.717983 1.0
3256467896.571761 1.0
3254104369.2843666 1.0
3251744270.380041 1.0
3249387592.4046965 1.0
3247034327.9258404 1.0
3244684469.532494 1.0
3242338009.8351173 1.0
3239994941.46553 1.0
3237655257.076835 1.0
3235318949.34334 1.0
3232986010.960485 1.0
3230656434.644762 1.0
3228330213.133641 1.0
3226007339.185495 1.0
3223687805.579523 1.0
3221371605.115678 1.0
3219058730.6145897 1.0
3216749174.917492 1.0
3214442930.886149 1.0
3212139991.40278 1.0
3209840349.369989 1.0
3207543997.7106886 1.0
3205250929.36803 1.0
3202961137.30533 1.0
3200674614.505997 1.0
3198391353.973463 1.0
3196111348.7311096 1.0
3193834591.8221974 1.0
3191561076.3097954 1.0
3189290795.276711 1.0
3187023741.82542 1.0
3184759909.0779943 1.0
3182499290.176037 1.0
3180241878.2806077 1.0
3177987666.572158 1.0
3175736648.2504606 1.0
3173488816.5345416 1.0
3171244164.662612 1.0
3169002685.8919992 1.0
3166764373.499082 1.0
3164529220.779221 1.0
3162297221.0466924 1.0
3160068367.634621 1.0
3157842653.894915 1.0
3155620073.198199 1.0
3153400618.9337463 1.0
3151184284.5094185 1.0
3148971063.3515944 1.0
3146760948.90511 1.0
3144553934.6331887 1.0
3142350014.017382 1.0
3140149180.5575013 1.0
3137951427.771557 1.0
3135756749.195692 1.0
3133565138.3841214 1.0
3131376588.909066 1.0
3129191094.360693 1.0
3127008648.34705 1.0
3124829244.494006 1.0
3122652876.445188 1.0
3120479537.8619156 1.0
3118309222.423147 1.0
3116141923.8254104 1.0
3113977635.782748 1.0
3111816352.026652 1.0
3109658066.306007 1.0
3107502772.3870254 1.0
3105350464.0531936 1.0
3103201135.1052055 1.0
3101054779.3609076 1.0
3098911390.6552396 1.0
3096770962.8401713 1.0
3094633489.78465 1.0
3092498965.3745346 1.0
3090367383.5125456 1.0
3088238738.1181984 1.0
3086113023.1277537 1.0
3083990232.4941535 1.0
3081870360.186968 1.0
3079753400.192334 1.0
3077639346.5129056 1.0
3075528193.167787 1.0
3073419934.1924872 1.0
3071314563.6388555 1.0
3069212075.5750275 1.0
3067112464.085375 1.0
3065015723.2704406 1.0
3062921847.2468925 1.0
3060830830.1474605 1.0
3058742666.12089 1.0
3056657349.331879 1.0
3054574873.961031 1.0
3052495234.2047935 1.0
3050418424.275412 1.0
3048344438.4008703 1.0
3046273270.8248405 1.0
3044204915.8066273 1.0
3042139367.6211157 1.0
3040076620.5587206 1.0
3038016668.9253287 1.0
3035959507.042254 1.0
3033905129.246177 1.0
3031853529.8891 1.0
3029804703.3382893 1.0
3027758643.976229 1.0
3025715346.2005672 1.0
3023674804.4240627 1.0
3021637013.0745387 1.0
3019601966.594828 1.0
3017569659.4427247 1.0
3015540086.090934 1.0
3013513241.02702 1.0
3011489118.753359 1.0
3009467713.787086 1.0
3007449020.6600485 1.0
3005433033.918756 1.0
3003419748.1243305 1.0
3001409157.852457 1.0
2999401257.6933374 1.0
2997396042.2516384 1.0
2995393506.146446 1.0
2993393644.0112166 1.0
2991396450.4937286 1.0
2989401920.2560344 1.0
2987410047.974414 1.0
2985420828.3393264 1.0
2983434256.0553637 1.0
2981450325.8412027 1.0
2979469032.4295588 1.0
2977490370.567141 1.0
2975514335.0146008 1.0
2973540920.546492 1.0
2971570121.95122 1.0
2969601934.0309978 1.0
2967636351.601801 1.0
2965673369.4933195 1.0
2963712982.548916 1.0
2961755185.625579 1.0
2959799973.593874 1.0
2957847341.337908 1.0
2955897283.7552752 1.0
2953949795.7570167 1.0
2952004872.26758 1.0
2950062508.224767 1.0
2948122698.5796947 1.0
2946185438.2967544 1.0
2944250722.3535595 1.0
2942318545.740911 1.0
2940388903.46275 1.0
2938461790.536113 1.0
2936537201.9910927 1.0
2934615132.8707952 1.0
2932695578.2312927 1.0
2930778533.1415877 1.0
2928863992.683564 1.0
2926951951.951952 1.0
2925042406.0542803 1.0
2923135350.1108365 1.0
2921230779.2546263 1.0
2919328688.631333 1.0
2917429073.3992715 1.0
2915531928.729354 1.0
2913637249.8050437 1.0
2911745031.8223147 1.0
2909855269.9896164 1.0
2907967959.527825 1.0
2906083095.6702104 1.0
2904200673.662392 1.0
2902320688.7623 1.0
2900443136.2401347 1.0
2898568011.37833 1.0
2896695309.4715075 1.0
2894825025.826447 1.0
2892957155.7620344 1.0
2891091694.6092343 1.0
2889228637.7110457 1.0
2887367980.422463 1.0
2885509718.1104393 1.0
2883653846.1538467 1.0
2881800359.943438 1.0
2879949254.881809 1.0
2878100526.383362 1.0
2876254169.8742623 1.0
2874410180.79241 1.0
2872568554.5873914 1.0
2870729286.720451 1.0
2868892372.6644487 1.0
2867057807.9038243 1.0
2865225587.934561 1.0
2863395708.264147 1.0
2861568164.41154 1.0
2859742951.907131 1.0
2857920066.292709 1.0
2856099503.1214166 1.0
2854281257.9577293 1.0
2852465326.377402 1.0
2850651703.967447 1.0
2848840386.3260903 1.0
2847031369.0627384 1.0
2845224647.797944 1.0
2843420218.1633697 1.0
2841618075.801749 1.0
2839818216.3668613 1.0
2838020635.5234847 1.0
2836225328.947368 1.0
2834432292.3251996 1.0
2832641521.354562 1.0
2830853011.7439075 1.0
2829066759.2125196 1.0
2827282759.490478 1.0
2825501008.318629 1.0
2823721501.448546 1.0
2821944234.6424975 1.0
2820169203.6734185 1.0
2818396404.324868 1.0
2816625832.391004 1.0
2814857483.676545 1.0
2813091353.9967375 1.0
2811327439.1773267 1.0
2809565735.0545187 1.0
2807806237.4749503 1.0
2806048942.2956567 1.0
2804293845.3840384 1.0
2802540942.6178274 1.0
2800790229.885058 1.0
2799041703.0840306 1.0
2797295358.1232843 1.0
2795551190.9215617 1.0
2793809197.407777 1.0
2792069373.5209866 1.0
2790331715.2103567 1.0
2788596218.4351287 1.0
2786862879.164595 1.0
2785131693.37806 1.0
2783402657.0648127 1.0
2781675766.2240977 1.0
2779951016.8650794 1.0
2778228405.0068164 1.0
2776507926.678227 1.0
2774789577.91806 1.0
2773073354.774864 1.0
2771359253.3069606 1.0
2769647269.582407 1.0
2767937399.678973 1.0
2766229639.684107 1.0
2764523985.694907 1.0
2762820433.818093 1.0
2761118980.169972 1.0
2759419620.8764157 1.0
2757722352.0728264 1.0
2756027169.904107 1.0
2754334070.5246344 1.0
2752643050.0982327 1.0
2750954104.798135 1.0
2749267230.806967 1.0
2747582424.3167057 1.0
2745899681.5286627 1.0
2744218998.6534467 1.0
2742540371.9109373 1.0
2740863797.5302606 1.0
2739189271.7497563 1.0
2737516790.81695 1.0
2735846350.9885283 1.0
2734177948.530309 1.0
2732511579.7172112 1.0
2730847240.8332324 1.0
2729184928.171415 1.0
2727524638.033824 1.0
2725866366.7315183 1.0
2724210110.5845184 1.0
2722555865.9217877 1.0
2720903629.0812 1.0
2719253396.40951 1.0
2717605164.262335 1.0
2715958929.0041194 1.0
2714314687.0081124 1.0
2712672434.6563416 1.0
2711032168.339582 1.0
2709393884.4573364 1.0
2707757579.4178047 1.0
2706123249.6378565 1.0
2704490891.543009 1.0
2702860501.567399 1.0
2701232076.1537538 1.0
2699605611.753372 1.0
2697981104.8260922 1.0
2696358551.8402696 1.0
2694737949.27275 1.0
2693119293.608842 1.0
2691502581.342298 1.0
2689887808.9752827 1.0
2688274973.0183477 1.0
2686664069.990412 1.0
2685055096.4187336 1.0
2683448048.8388796 1.0
2681842923.7947125 1.0
2680239717.838355 1.0
2678638427.530171 1.0
2677039049.43874 1.0
2675441580.1408286 1.0
2673846016.221374 1.0
2672252354.273454 1.0
2670660590.898261 1.0
2669070722.7050843 1.0
2667482746.3112807 1.0
2665896658.3422527 1.0
2664312455.431424 1.0
2662730134.2202163 1.0
2661149691.358025 1.0
2659571123.502196 1.0
2657994427.317999 1.0
2656419599.4786115 1.0
2654846636.6650887 1.0
2653275535.5663395 1.0
2651706292.879111 1.0
2650138905.307956 1.0
2648573369.5652175 1.0
2647009682.3710003 1.0
2645447840.453151 1.0
2643887840.5472345 1.0
2642329679.396512 1.0
2640773353.751914 1.0
2639218860.3720274 1.0
2637666196.023062 1.0
2636115357.4788337 1.0
2634566341.520743 1.0
2633019144.93775 1.0
2631473764.5263534 1.0
2629930197.090568 1.0
2628388439.4419045 1.0
2626848488.399344 1.0
2625310340.7893205 1.0
2623773993.4456925 1.0
2622239443.2097325 1.0
2620706686.9300914 1.0
2619175721.462788 1.0
2617646543.671182 1.0
2616119150.4259543 1.0
2614593538.6050854 1.0
2613069705.093834 1.0
2611547646.784716 1.0
2610027360.577483 1.0
2608508843.3791027 1.0
2606992092.1037326 1.0
2605477103.672711 1.0
2603963875.01452 1.0
2602452403.064779 1.0
2600942684.7662144 1.0
2599434717.068646 1.0
2597928496.928961 1.0
2596424021.311096 1.0
2594921287.1860166 1.0
2593420291.5316987 1.0
2591921031.333103 1.0
2590423503.5821586 1.0
2588927705.277746 1.0
2587433633.4256697 1.0
2585941285.038644 1.0
2584450657.1362696 1.0
2582961746.745017 1.0
2581474550.898204 1.0
2579989066.635977 1.0
2578505291.005291 1.0
2577023221.059892 1.0
2575542853.8602943 1.0
2574064186.4737625 1.0
2572587215.9742947 1.0
2571111939.442597 1.0
2569638353.966071 1.0
2568166456.6387906 1.0
2566696244.5614843 1.0
2565227714.8415155 1.0
2563760864.592864 1.0
2562295690.9361067 1.0
2560832190.998401 1.0
2559370361.9134607 1.0
2557910200.8215427 1.0
2556451704.8694267 1.0
2554994871.210395 1.0
2553539697.0042152 1.0
2552086179.4171224 1.0
2550634315.6218 1.0
2549184102.7973623 1.0
2547735538.1293335 1.0
2546288618.809632 1.0
2544843342.036554 1.0
2543399705.0147495 1.0
2541957704.95521 1.0
2540517339.0752497 1.0
2539078604.5984826 1.0
2537641498.7548113 1.0
2536206018.7804055 1.0
2534772161.917684 1.0
2533339925.415302 1.0
2531909306.5281234 1.0
2530480302.5172143 1.0
2529052910.64982 1.0
2527627128.1993465 1.0
2526202952.445346 1.0
2524780380.6734996 1.0
2523359410.175597 1.0
2521940038.249522 1.0
2520522262.199236 1.0
2519106079.334757 1.0
2517691486.972148 1.0
2516278482.4334946 1.0
2514867063.0468926 1.0
2513457226.1464295 1.0
2512048969.0721655 1.0
2510642289.17012 1.0
2509237183.792255 1.0
2507833650.2964535 1.0
2506431686.046512 1.0
2505031288.4121137 1.0
2503632454.7688184 1.0
2502235182.4980474 1.0
2500839468.9870596 1.0
2499445311.628944 1.0
2498052707.822599 1.0
2496661654.9727144 1.0
2495272150.4897594 1.0
2493884191.789966 1.0
2492497776.295308 1.0
2491112901.433493 1.0
2489729564.6379385 1.0
2488347763.3477635 1.0
2486967495.0077662 1.0
2485588757.068412 1.0
2484211546.9858155 1.0
2482835862.2217307 1.0
2481461700.243525 1.0
2480089058.5241733 1.0
2478717934.542238 1.0
2477348325.781854 1.0
2475980229.732715 1.0
2474613643.890054 1.0
2473248565.754634 1.0
2471884992.8327274 1.0
2470522922.6361036 1.0
2469162352.6820135 1.0
2467803280.4931755 1.0
2466445703.5977554 1.0
2465089619.5293603 1.0
2463735025.8270144 1.0
2462381920.0351496 1.0
2461030299.7035904 1.0
2459680162.3875356 1.0
2458331505.647549 1.0
2456984327.04954 1.0
2455638624.16475 1.0
2454294394.5697393 1.0
2452951635.846373 1.0
2451610345.5818024 1.0
2450270521.368456 1.0
2448932160.8040204 1.0
2447595261.4914293 1.0
2446259821.0388484 1.0
2444925837.0596576 1.0
2443593307.172444 1.0
2442262229.000981 1.0
2440932600.1742167 1.0
2439604418.3262596 1.0
2438277681.096368 1.0
2436952386.128927 1.0
2435628531.0734468 1.0
2434306113.584537 1.0
2432985131.3219013 1.0
2431665581.9503207 1.0
2430347463.139636 1.0
2429030772.5647416 1.0
2427715507.905567 1.0
2426401666.8470616 1.0
2425089247.0791864 1.0
2423778246.2968974 1.0
2422468662.20013 1.0
2421160492.4937906 1.0
2419853734.8877378 1.0
2418548387.096774 1.0
2417244446.8406305 1.0
2415941911.843949 1.0
2414640779.8362775 1.0
2413341048.5520515 1.0
2412042715.730579 1.0
2410745779.116034 1.0
2409450236.457438 1.0
2408156085.508648 1.0
2406863324.028345 1.0
2405571949.7800193 1.0
2404281960.5319605 1.0
2402993354.0572414 1.0
2401706128.1337047 1.0
2400420280.543956 1.0
2399135809.075343 1.0
2397852711.519949 1.0
2396570985.6745777 1.0
2395290629.3407416 1.0
2394011640.324648 1.0
2392734016.437187 1.0
2391457755.4939194 1.0
2390182855.315066 1.0
2388909313.725491 1.0
2387637128.554692 1.0
2386366297.63679 1.0
2385096818.810512 1.0
2383828689.9191837 1.0
2382561908.8107133 1.0
2381296473.3375826 1.0
2380032381.356832 1.0
2378769630.7300515 1.0
2377508219.3233643 1.0
2376248145.00742 1.0
2374989405.6573796 1.0
2373731999.1529016 1.0
2372475923.3781357 1.0
2371221176.2217054 1.0
2369967755.5766997 1.0
2368715659.3406596 1.0
2367464885.415567 1.0
2366215431.7078323 1.0
2364967296.1282845 1.0
2363720476.5921555 1.0
2362474971.019075 1.0
2361230777.333053 1.0
2359987893.46247 1.0
2358746317.3400674 1.0
2357506046.902934 1.0
2356267080.0924954 1.0
2355029414.8545017 1.0
2353793049.1390176 1.0
2352557980.9004097 1.0
2351324208.0973363 1.0
2350091728.6927347 1.0
2348860540.6538143 1.0
2347630641.9520373 1.0
2346402030.563115 1.0
2345174704.466995 1.0
2343948661.647846 1.0
2342723900.0940537 1.0
2341500417.798204 1.0
2340278212.757073 1.0
2339057282.9716196 1.0
2337837626.4469714 1.0
2336619241.192412 1.0
2335402125.2213774 1.0
2334186276.5514374 1.0
2332971693.204288 1.0
2331758373.205742 1.0
2330546314.5857162 1.0
2329335515.3782215 1.0
2328125973.6213527 1.0
2326917687.3572764 1.0
2325710654.6322236 1.0
2324504873.496475 1.0
2323300342.0043526 1.0
2322097058.214212 1.0
2320895020.1884255 1.0
2319694225.9933777 1.0
2318494673.699452 1.0
2317296361.3810215 1.0
2316099287.116438 1.0
2314903448.988022 1.0
2313708845.0820518 1.0
2312515473.488756 1.0
2311323332.3022995 1.0
2310132419.6207747 1.0
2308942733.5461946 1.0
2307754272.1844764 1.0
2306567033.6454372 1.0
2305381016.042781 1.0
2304196217.49409 1.0
2303012636.120814 1.0
2301830270.0482597 1.0
2300649117.405583 1.0
2299469176.3257775 1.0
2298290444.9456635 1.0
2297112921.405882 1.0
2295936603.850881 1.0
2294761490.428908 1.0
2293587579.2919993 1.0
2292414868.595971 1.0
2291243356.500409 1.0
2290073041.168659 1.0
2288903920.7678175 1.0
2287735993.4687214 1.0
2286569257.445941 1.0
2285403710.8777657 1.0
2284239351.9461994 1.0
2283076178.8369493 1.0
2281914189.739414 1.0
2280753382.8466787 1.0
2279593756.3555017 1.0
2278435308.4663076 1.0
2277278037.3831778 1.0
2276121941.3138394 1.0
2274967018.469657 1.0
2273813267.0656257 1.0
2272660685.3203573 1.0
2271509271.4560747 1.0
2270359023.6986027 1.0
2269209940.277356 1.0
2268062019.4253345 1.0
2266915259.3791084 1.0
2265769658.378815 1.0
2264625214.6681485 1.0
2263481926.494346 1.0
2262339792.1081843 1.0
2261198809.7639704 1.0
2260058977.7195287 1.0
2258920294.236195 1.0
2257782757.5788097 1.0
2256646366.015704 1.0
2255511117.8186946 1.0
2254377011.2630734 1.0
2253244044.6276007 1.0
2252112216.194495 1.0
2250981524.249423 1.0
2249851967.0814934 1.0
2248723542.983248 1.0
2247596250.2506523 1.0
2246470087.1830845 1.0
2245345052.0833335 1.0
2244221143.257583 1.0
2243098359.0154095 1.0
2241976697.669767 1.0
2240856157.5369854 1.0
2239736736.936757 1.0
2238618434.1921315 1.0
2237501247.6295037 1.0
2236385175.578612 1.0
2235270216.37252 1.0
2234156368.347618 1.0
2233043629.8436103 1.0
2231931999.2035046 1.0
2230821474.7736096 1.0
2229712054.903521 1.0
2228603737.946118 1.0
2227496522.257552 1.0
2226390406.1972394 1.0
2225285388.127854 1.0
2224181466.4153194 1.0
2223078639.4287987 1.0
2221976905.540688 1.0
2220876263.1266103 1.0
2219776710.5654025 1.0
2218678246.239114 1.0
2217580868.5329905 1.0
2216484575.8354754 1.0
2215389366.538196 1.0
2214295239.0359545 1.0
2213202191.726725 1.0
2212110223.0116444 1.0
2211019331.2949996 1.0
2209929514.984227 1.0
2208840772.4899006 1.0
2207753102.2257237 1.0
2206666502.608525 1.0
2205580972.0582447 1.0
2204496508.997935 1.0
2203413111.8537455 1.0
2202330779.0549173 1.0
2201249509.0337787 1.0
2200169300.225734 1.0
2199090151.0692563 1.0
2198012060.005883 1.0
2196935025.480204 1.0
2195859045.939857 1.0
2194784119.8355203 1.0
2193710245.6209025 1.0
2192637421.752739 1.0
2191565646.6907816 1.0
2190494918.8977923 1.0
2189425236.839535 1.0
2188356598.984772 1.0
2187289003.805249 1.0
2186222449.7756977 1.0
2185156935.3738184 1.0
2184092459.080281 1.0
2183029019.378713 1.0
2181966614.755694 1.0
2180905243.7007494 1.0
2179844904.7063403 1.0
2178785596.267859 1.0
2177727316.8836217 1.0
2176670065.0548596 1.0
2175613839.2857146 1.0
2174558638.0832286 1.0
2173504459.95734 1.0
2172451303.420874 1.0
2171399166.9895396 1.0
2170348049.1819153 1.0
2169297948.5194507 1.0
2168248863.526454 1.0
2167200792.7300854 1.0
2166153734.6603537 1.0
2165107687.8501062 1.0
2164062650.835023 1.0
2163018622.1536093 1.0
2161975600.347189 1.0
2160933583.9599 1.0
2159892571.5386844 1.0
2158852561.633282 1.0
2157813552.796227 1.0
2156775543.5828366 1.0
2155738532.551207 1.0
2154702518.262207 1.0
2153667499.27947 1.0
2152633474.1693873 1.0
2151600441.5011044 1.0
2150568399.846508 1.0
2149537347.780228 1.0
2148507283.879625 1.0
2147478206.7247822 1.0
2146450114.8985064 1.0
2145423006.9863145 1.0
2144396881.5764303 1.0
2143371737.2597764 1.0
2142347572.6299696 1.0
2141324386.2833128 1.0
2140302176.81879 1.0
2139280942.8380573 1.0
2138260682.9454408 1.0
2137241395.747927 1.0
2136223079.8551555 1.0
2135205733.8794172 1.0
2134189356.4356437 1.0
2133173946.1414027 1.0
2132159501.6168919 1.0
2131146021.4849322 1.0
2130133504.370962 1.0
2129121948.9030304 1.0
2128111353.7117906 1.0
2127101717.4304965 1.0
2126093038.6949925 1.0
2125085316.1437106 1.0
2124078548.4176617 1.0
2123072734.160432 1.0
2122067872.0181751 1.0
2121063960.6396067 1.0
2120060998.675998 1.0
2119058984.7811704 1.0
2118057917.6114893 1.0
2117057795.8258572 1.0
2116058618.085709 1.0
2115060383.0550053 1.0
2114063089.4002266 1.0
2113066735.790367 1.0
2112071320.8969288 1.0
2111076843.3939168 1.0
2110083301.9578316 1.0
2109090695.2676642 1.0
2108099022.0048902 1.0
2107108280.853464 1.0
2106118470.4998124 1.0
2105129589.6328297 1.0
2104141636.943871 1.0
2103154611.1267476 1.0
2102168510.8777196 1.0
2101183334.8954918 1.0
2100199081.881207 1.0
2099215750.5384402 1.0
2098233339.5731938 1.0
2097251847.693891 1.0
2096271273.611371 1.0
2095291616.0388825 1.0
2094312873.6920779 1.0
2093335045.2890096 1.0
2092358129.5501215 1.0
2091382125.1982462 1.0
2090407030.958598 1.0
2089432845.5587661 1.0
2088459567.7287123 1.0
2087487196.200764 1.0
2086515729.7096057 1.0
2085545166.9922786 1.0
2084575506.7881718 1.0
2083606747.8390188 1.0
2082638888.888889 1.0
2081671928.6841865 1.0
2080705865.9736404 1.0
2079740699.5083034 1.0
2078776428.0415432 1.0
2077813050.329039 1.0
2076850565.1287756 1.0
2075888971.2010374 1.0
2074928267.3084047 1.0
2073968452.2157462 1.0
2073009524.6902168 1.0
2072051483.5012481 1.0
2071094327.4205472 1.0
2070138055.2220888 1.0
2069182665.6821122 1.0
2068228157.5791128 1.0
2067274529.6938403 1.0
2066321780.8092914 1.0
2065369909.710706 1.0
2064418915.1855607 1.0
2063468796.023564 1.0
2062519551.016653 1.0
2061571178.958985 1.0
2060623678.6469347 1.0
2059677048.8790886 1.0
2058731288.4562407 1.0
2057786396.1813846 1.0
2056842370.8597121 1.0
2055899211.298606 1.0
2054956916.3076363 1.0
2054015484.6985526 1.0
2053074915.2852826 1.0
2052135206.8839257 1.0
2051196358.3127463 1.0
2050258368.3921716 1.0
2049321235.9447846 1.0
2048384959.795322 1.0
2047449538.7706642 1.0
2046514971.699836 1.0
2045581257.4139977 1.0
2044648394.7464433 1.0
2043716382.532592 1.0
2042785219.6099873 1.0
2041854904.8182895 1.0
2040925436.999272 1.0
2039996814.9968154 1.0
2039069037.6569037 1.0
2038142103.827621 1.0
2037216012.3591425 1.0
2036290762.1037335 1.0
2035366351.9157436 1.0
2034442780.651602 1.0
2033520047.1698117 1.0
2032598150.3309457 1.0
2031677088.9976437 1.0
2030756862.034605 1.0
2029837468.3085842 1.0
2028918906.688388 1.0
2028001176.0448706 1.0
2027084275.2509272 1.0
2026168203.18149 1.0
2025252958.7135243 1.0
2024338540.7260253 1.0
2023424948.1000094 1.0
2022512179.7185133 1.0
2021600234.4665885 1.0
2020689111.2312965 1.0
2019778808.9017031 1.0
2018869326.3688762 1.0
2017960662.5258799 1.0
2017052816.2677708 1.0
2016145786.4915912 1.0
2015239572.0963683 1.0
2014334171.9831073 1.0
2013429585.0547874 1.0
2012525810.216357 1.0
2011622846.3747308 1.0
2010720692.4387841 1.0
2009819347.3193476 1.0
2008918809.9292052 1.0
2008019079.1830885 1.0
2007120153.9976726 1.0
2006222033.2915702 1.0
2005324715.9853296 1.0
2004428201.0014307 1.0
2003532487.2642777 1.0
2002637573.7001965 1.0
2001743459.237432 1.0
2000850142.8061407 1.0
1999957623.3383892 1.0
1999065899.768147 1.0
1998174971.0312862 1.0
1997284836.0655742 1.0
1996395493.8106692 1.0
1995506943.2081182 1.0
1994619183.2013526 1.0
1993732212.7356815 1.0
1992846030.7582898 1.0
1991960636.2182336 1.0
1991076028.0664358 1.0
1990192205.2556822 1.0
1989309166.7406158 1.0
1988426911.4777365 1.0
1987545438.4253924 1.0
1986664746.5437791 1.0
1985784834.7949333 1.0
1984905702.1427307 1.0
1984027347.5528812 1.0
1983149769.9929233 1.0
1982272968.4322221 1.0
1981396941.841966 1.0
1980521689.195159 1.0
1979647209.4666197 1.0
1978773501.6329775 1.0
1977900564.6726663 1.0
1977028397.5659235 1.0
1976156999.2947814 1.0
1975286368.84307 1.0
1974416505.1964066 1.0
1973547407.342196 1.0
1972679074.2696235 1.0
1971811504.9696543 1.0
1970944698.4350276 1.0
1970078653.6602514 1.0
1969213369.6416023 1.0
1968348845.3771183 1.0
1967485079.866597 1.0
1966622072.111589 1.0
1965759821.1153982 1.0
1964898325.883075 1.0
1964037585.4214127 1.0
1963177598.738944 1.0
1962318364.8459384 1.0
1961459882.754397 1.0
1960602151.478048 1.0
1959745170.0323455 1.0
1958888937.4344635 1.0
1958033452.7032933 1.0
1957178714.859438 1.0
1956324722.9252117 1.0
1955471475.9246337 1.0
1954618972.8834252 1.0
1953767212.8290048 1.0
1952916194.790487 1.0
1952065917.7986765 1.0
1951216380.886065 1.0
1950367583.086828 1.0
1949519523.4368207 1.0
1948672200.9735746 1.0
1947825614.7362936 1.0
1946979763.7658505 1.0
1946134647.1047835 1.0
1945290263.7972932 1.0
1944446612.889236 1.0
1943603693.4281256 1.0
1942761504.4631252 1.0
1941920045.0450451 1.0
1941079314.22634 1.0
1940239311.0611045 1.0
1939400034.6050699 1.0
1938561483.9156003 1.0
1937723658.05169 1.0
1936886556.073959 1.0
1936050177.04465 1.0
1935214520.0276244 1.0
1934379584.0883598 1.0
1933545368.2939453 1.0
1932711871.713079 1.0
1931879093.4160635 1.0
1931047032.4748042 1.0
1930215687.9628036 1.0
1929385058.95516 1.0
1928555144.5285618 1.0
1927725943.7612867 1.0
1926897455.733196 1.0
1926069679.5257328 1.0
1925242614.2219172 1.0
1924416258.9063442 1.0
1923590612.6651795 1.0
1922765674.5861568 1.0
1921941443.7585735 1.0
1921117919.2732885 1.0
1920295100.2227173 1.0
1919472985.7008307 1.0
1918651574.8031497 1.0
1917830866.6267433 1.0
1917010860.2702243 1.0
1916191554.8337467 1.0
1915372949.4190023 1.0
1914555043.1292171 1.0
1913737835.0691483 1.0
1912921324.3450809 1.0
1912105510.0648246 1.0
1911290391.33771 1.0
1910475967.274587 1.0
1909662236.9878187 1.0
1908849199.591281 1.0
1908036854.2003577 1.0
1907225199.9319382 1.0
1906414235.904414 1.0
1905603961.2376745 1.0
1904794375.0531058 1.0
1903985476.473586 1.0
1903177264.6234827 1.0
1902369738.628649 1.0
1901562897.6164224 1.0
1900756740.7156184 1.0
1899951267.0565305 1.0
1899146475.770925 1.0
1898342365.9920402 1.0
1897538936.8545794 1.0
1896736187.494712 1.0
1895934117.050068 1.0
1895132724.6597347 1.0
1894332009.4642558 1.0
1893531970.6056254 1.0
1892732607.2272882 1.0
1891933918.474133 1.0
1891135903.4924922 1.0
1890338561.4301374 1.0
1889541891.436278 1.0
1888745892.6615555 1.0
1887950564.258043 1.0
1887155905.3792408 1.0
1886361915.1800742 1.0
1885568592.8168898 1.0
1884775937.4474528 1.0
1883983948.230944 1.0
1883192624.3279572 1.0
1882401964.9004958 1.0
1881611969.111969 1.0
1880822636.127192 1.0
1880033965.1123786 1.0
1879245955.2351415 1.0
1878458605.664488 1.0
1877671915.5708187 1.0
1876885884.1259212 1.0
1876100510.5029712 1.0
1875315793.8765266 1.0
1874531733.4225273 1.0
1873748328.3182886 1.0
1872965577.7425015 1.0
1872183480.8752298 1.0
1871402036.8979049 1.0
1870621244.9933248 1.0
1869841104.3456502 1.0
1869061614.1404037 1.0
1868282773.564464 1.0
1867504581.8060648 1.0
1866727038.0547922 1.0
1865950141.5015817 1.0
1865173891.338714 1.0
1864398286.7598138 1.0
1863623326.959847 1.0
1862849011.1351175 1.0
1862075338.483263 1.0
1861302308.2032547 1.0
1860529919.495394 1.0
1859758171.5613077 1.0
1858987063.6039476 1.0
1858216594.8275862 1.0
1857446764.4378161 1.0
1856677571.641544 1.0
1855909015.6469908 1.0
1855141095.6636875 1.0
1854373810.9024737 1.0
1853607160.5754924 1.0
1852841143.8961897 1.0
1852075760.0793126 1.0
1851311008.3409038 1.0
1850546887.8982997 1.0
1849783397.9701295 1.0
1849020537.7763119 1.0
1848258306.5380497 1.0
1847496703.477831 1.0
1846735727.819425 1.0
1845975378.787879 1.0
1845215655.6095154 1.0
1844456557.5119302 1.0
1843698083.7239904 1.0
1842940233.4758306 1.0
1842183005.9988499 1.0
1841426400.5257106 1.0
1840670416.290336 1.0
1839915052.5279057 1.0
1839160308.4748545 1.0
1838406183.36887 1.0
1837652676.4488895 1.0
1836899786.955097 1.0
1836147514.1289213 1.0
1835395857.2130344 1.0
1834644815.4513466 1.0
1833894388.0890055 1.0
1833144574.3723936 1.0
1832395373.5491254 1.0
1831646784.868045 1.0
1830898807.5792224 1.0
1830151440.9339538 1.0
1829404684.184756 1.0
1828658536.5853662 1.0
1827912997.3907373 1.0
1827168065.857038 1.0
1826423741.2416494 1.0
1825680022.8031602 1.0
1824936909.8013678 1.0
1824194401.4972742 1.0
1823452497.153083 1.0
1822711196.0321977 1.0
1821970497.3992198 1.0
1821230400.519945 1.0
1820490904.6613615 1.0
1819752009.0916471 1.0
1819013713.080169 1.0
1818276015.8974776 1.0
1817538916.8153076 1.0
1816802415.1065726 1.0
1816066510.0453663 1.0
1815331200.9069564 1.0
1814596486.9677842 1.0
1813862367.5054617 1.0
1813128841.7987707 1.0
1812395909.1276581 1.0
1811663568.7732344 1.0
1810931820.0177722 1.0
1810200662.144703 1.0
1809470094.4386153 1.0
1808740116.185251 1.0
1808010726.671506 1.0
1807281925.185424 1.0
1806553711.0161984 1.0
1805826083.4541647 1.0
1805099041.7908046 1.0
1804372585.3187382 1.0
1803646713.3317244 1.0
1802921425.1246583 1.0
1802196719.9935687 1.0
1801472597.235616 1.0
1800749056.1490884 1.0
1800026096.0334032 1.0
1799303716.1891003 1.0
1798581915.9178438 1.0
1797860694.5224156 1.0
1797140051.306718 1.0
1796419985.5757675 1.0
1795700496.6356938 1.0
1794981583.7937386 1.0
1794263246.358252 1.0
1793545483.6386914 1.0
1792828294.9456174 1.0
1792111679.590695 1.0
1791395636.886687 1.0
1790680166.1474562 1.0
1789965266.6879592 1.0
1789250937.8242478 1.0
1788537178.8734643 1.0
1787823989.15384 1.0
1787111367.984694 1.0
1786399314.6864293 1.0
1785687828.5805323 1.0
1784976908.9895694 1.0
1784266555.2371857 1.0
1783556766.6481025 1.0
1782847542.5481155 1.0
1782138882.264091 1.0
1781430785.1239672 1.0
1780723250.456748 1.0
1780016277.5925045 1.0
1779309865.8623703 1.0
1778604014.5985403 1.0
1777898723.1342692 1.0
1777193990.8038688 1.0
1776489816.9427056 1.0
1775786200.8871992 1.0
1775083141.9748201 1.0
1774380639.5440876 1.0
1773678692.9345677 1.0
1772977301.4868715 1.0
1772276464.5426517 1.0
1771576181.4446027 1.0
1770876451.5364563 1.0
1770177274.1629817 1.0
1769478648.669982 1.0
1768780574.4042923 1.0
1768083050.713779 1.0
1767386076.9473355 1.0
1766689652.4548824 1.0
1765993776.5873642 1.0
1765298448.696748 1.0
1764603668.1360204 1.0
1763909434.2591865 1.0
1763215746.421268 1.0
1762522603.9783003 1.0
1761830006.287331 1.0
1761137952.7064185 1.0
1760446442.5946288 1.0
1759755475.3120341 1.0
1759065050.2197113 1.0
1758375166.6797397 1.0
1757685824.0551987 1.0
1756997021.7101655 1.0
1756308759.009715 1.0
1755621035.3199155 1.0
1754933850.0078285 1.0
1754247202.4415054 1.0
1753561091.9899876 1.0
1752875518.0233014 1.0
1752190479.9124591 1.0
1751505977.0294557 1.0
1750822008.7472668 1.0
1750138574.4398472 1.0
1749455673.482129 1.0
1748773305.2500198 1.0
1748091469.1203995 1.0
1747410164.4711204 1.0
1746729390.6810036 1.0
1746049147.129839 1.0
1745369433.1983807 1.0
1744690248.268348 1.0
1744011591.722421 1.0
1743333462.9442415 1.0
1742655861.3184083 1.0
1741978786.2304766 1.0
1741302237.0669568 1.0
1740626213.215312 1.0
1739950714.0639555 1.0
1739275739.00225 1.0
1738601287.4205058 1.0
1737927358.7099776 1.0
1737253952.2628644 1.0
1736581067.472306 1.0
1735908703.7323837 1.0
1735236860.4381146 1.0
1734565536.9854536 1.0
1733894732.7712893 1.0
1733224447.1934438 1.0
1732554679.6506689 1.0
1731885429.5426455 1.0
1731216696.2699826 1.0
1730548479.2342136 1.0
1729880777.8377964 1.0
1729213591.4841099 1.0
1728546919.577454 1.0
1727880761.5230463 1.0
1727215116.7270207 1.0
1726549984.5964265 1.0
1725885364.5392258 1.0
1725221255.9642913 1.0
1724557658.2814064 1.0
1723894570.901261 1.0
1723231993.2354527 1.0
1722569924.696481 1.0
1721908364.6977494 1.0
1721247312.6535628 1.0
1720586767.9791238 1.0
1719926730.0905328 1.0
1719267198.4047856 1.0
1718608172.3397734 1.0
1717949651.3142772 1.0
1717291634.74797 1.0
1716634122.0614135 1.0
1715977112.6760566 1.0
1715320606.0142324 1.0
1714664601.4991586 1.0
1714009098.5549355 1.0
1713354096.6065426 1.0
1712699595.0798383 1.0
1712045593.401558 1.0
1711392090.999313 1.0
1710739087.3015876 1.0
1710086581.7377377 1.0
1709434573.73799 1.0
1708783062.7334404 1.0
1708132048.1560502 1.0
1707481529.4386473 1.0
1706831506.014923 1.0
1706181977.319431 1.0
1705532942.787584 1.0
1704884401.8556545 1.0
1704236353.9607725 1.0
1703588798.5409229 1.0
1702941735.034944 1.0
1702295162.882527 1.0
1701649081.5242147 1.0
1701003490.4013965 1.0
1700358388.9563107 1.0
1699713776.632042 1.0
1699069652.872518 1.0
1698426017.1225095 1.0
1697782868.8276281 1.0
1697140207.4343252 1.0
1696498032.3898897 1.0
1695856343.1424468 1.0
1695215139.140956 1.0
1694574419.8352106 1.0
1693934184.6758354 1.0
1693294433.1142836 1.0
1692655164.602839 1.0
1692016378.5946112 1.0
1691378074.5435343 1.0
1690740251.904367 1.0
1690102910.13269 1.0
1689466048.684905 1.0
1688829667.0182314 1.0
1688193764.5907073 1.0
1687558340.8611865 1.0
1686923395.2893374 1.0
1686288927.3356402 1.0
1685654936.461388 1.0
1685021422.128683 1.0
1684388383.800436 1.0
1683755820.9403636 1.0
1683123733.012989 1.0
1682492119.4836388 1.0
1681860979.8184414 1.0
1681230313.484326 1.0
1680600119.9490218 1.0
1679970398.6810555 1.0
1679341149.149749 1.0
1678712370.825221 1.0
1678084063.1783817 1.0
1677456225.6809342 1.0
1676828857.8053708 1.0
1676201959.0249739 1.0
1675575528.8138127 1.0
1674949566.6467426 1.0
1674324071.9994025 1.0
1673699044.3482158 1.0
1673074483.170386 1.0
1672450387.9438977 1.0
1671826758.147513 1.0
1671203593.2607725 1.0
1670580892.7639916 1.0
1669958656.13826 1.0
1669336882.8654406 1.0
1668715572.4281673 1.0
1668094724.3098447 1.0
1667474337.9946446 1.0
1666854412.967507 1.0
1666234948.714137 1.0
1665615944.721005 1.0
1664997400.4753418 1.0
1664379315.4651423 1.0
1663761689.17916 1.0
1663144521.1069071 1.0
1662527810.7386534 1.0
1661911557.5654237 1.0
1661295761.0789983 1.0
1660680420.7719092 1.0
1660065536.137441 1.0
1659451106.6696277 1.0
1658837131.8632534 1.0
1658223611.2138474 1.0
1657610544.2176871 1.0
1656997930.371794 1.0
1656385769.1739326 1.0
1655774060.122609 1.0
1655162802.7170703 1.0
1654551996.4573035 1.0
1653941640.8440313 1.0
1653331735.3787153 1.0
1652722279.5635507 1.0
1652113272.9014668 1.0
1651504714.896125 1.0
1650896605.0519185 1.0
1650288942.8739696 1.0
1649681727.8681288 1.0
1649074959.5409741 1.0
1648468637.399809 1.0
1647862760.952661 1.0
1647257329.7082815 1.0
1646652343.1761425 1.0
1646047800.8664367 1.0
1645443702.2900767 1.0
1644840046.9586911 1.0
1644236834.3846269 1.0
1643634064.0809445 1.0
1643031735.561419 1.0
1642429848.340538 1.0
1641828401.9334996 1.0
1641227395.8562121 1.0
1640626829.6252928 1.0
1640026702.758066 1.0
1639427014.7725613 1.0
1638827765.1875138 1.0
1638228953.522362 1.0
1637630579.2972462 1.0
1637032642.0330074 1.0
1636435141.2511864 1.0
1635838076.4740224 1.0
1635241447.2244513 1.0
1634645253.026105 1.0
1634049493.4033093 1.0
1633454167.8810844 1.0
1632859275.985141 1.0
1632264817.2418816 1.0
1631670791.1783974 1.0
1631077197.322468 1.0
1630484035.2025604 1.0
1629891304.3478262 1.0
1629299004.2881024 1.0
1628707134.5539088 1.0
1628115694.6764472 1.0
1627524684.1876 1.0
1626934102.619929 1.0
1626343949.5066745 1.0
1625754224.3817537 1.0
1625164926.7797594 1.0
1624576056.2359593 1.0
1623987612.286294 1.0
1623399594.4673765 1.0
1622812002.3164907 1.0
1622224835.37159 1.0
1621638093.1712964 1.0
1621051775.254899 1.0
1620465881.1623538 1.0
1619880410.4342802 1.0
1619295362.611962 1.0
1618710737.237346 1.0
1618126533.853039 1.0
1617542752.002309 1.0
1616959391.2290826 1.0
1616376451.0779438 1.0
1615793931.0941331 1.0
1615211830.8235466 1.0
1614630149.8127341 1.0
1614048887.6088994 1.0
1613468043.7598965 1.0
1612887617.8142314 1.0
1612307609.3210588 1.0
1611728017.830182 1.0
1611148842.8920515 1.0
1610570084.0577629 1.0
1609991740.879058 1.0
1609413812.908321 1.0
1608836299.6985793 1.0
1608259200.803501 1.0
1607682515.7773955 1.0
1607106244.17521 1.0
1606530385.55253 1.0
1605954939.4655778 1.0
1605379905.471212 1.0
1604805283.126924 1.0
1604231071.9908404 1.0
1603657271.6217184 1.0
1603083881.5789475 1.0
1602510901.4225464 1.0
1601938330.713163 1.0
1601366169.0120726 1.0
1600794415.881177 1.0
1600223070.883004 1.0
1599652133.580705 1.0
1599081603.5380557 1.0
1598511480.3194525 1.0
1597941763.489914 1.0
1597372452.6150777 1.0
1596803547.2612011 1.0
1596235046.9951582 1.0
1595666951.3844404 1.0
1595099259.9971538 1.0
1594531972.4020202 1.0
1593965088.1683733 1.0
1593398606.8661597 1.0
1592832528.0659375 1.0
1592266851.3388736 1.0
1591701576.2567456 1.0
1591136702.391937 1.0
1590572229.3174403 1.0
1590008156.6068518 1.0
1589444483.8343735 1.0
1588881210.5748105 1.0
1588318336.4035711 1.0
1587755860.8966644 1.0
1587193783.6306996 1.0
1586632104.1828864 1.0
1586070822.1310318 1.0
1585509937.05354 1.0
1584949448.5294118 1.0
1584389356.1382432 1.0
1583829659.4602234 1.0
1583270358.0761356 1.0
1582711451.567354 1.0
1582152939.5158446 1.0
1581594821.5041628 1.0
1581037097.1154525 1.0
1580479765.9334462 1.0
1579922827.5424628 1.0
1579366281.5274062 1.0
1578810127.4737659 1.0
1578254364.967615 1.0
1577698993.5956087 1.0
1577144012.944984 1.0
1576589422.6035588 1.0
1576035222.1597302 1.0
1575481411.202474 1.0
1574927989.3213434 1.0
1574374956.1064682 1.0
1573822311.148554 1.0
1573270054.03888 0.0
1572718184.3693 0.0
1572166701.7322392 0.0
1571615605.7206957 0.0
1571064895.9282362 0.0
1570514571.9489982 0.0
1569964633.3776875 0.0
1569415079.8095775 0.0
1568865910.8405068 0.0
1568317126.0668812 0.0
1567768725.0856705 0.0
1567220707.4944074 0.0
1566673072.8911874 0.0
1566125820.8746681 0.0
1565578951.0440676 0.0
1565032462.9991624 0.0
1564486356.3402889 0.0
1563940630.6683412 0.0
1563395285.584769 0.0
1562850320.6915784 0.0
1562305735.5913305 0.0
1561761529.8871396 0.0
1561217703.1826732 0.0
1560674255.08215 0.0
1560131185.1903403 0.0
1559588493.1125646 0.0
1559046178.4546912 0.0
1558504240.8231368 0.0
1557962679.8248663 0.0
1557421495.0673895 0.0
1556880686.158761 0.0
1556340252.7075813 0.0
1555800194.3229926 0.0
1555260510.6146805 0.0
1554721201.1928706 0.0
1554182265.6683307 0.0
1553643703.6523669 0.0
1553105514.7568245 0.0
1552567698.5940855 0.0
1552030254.77707 0.0
1551493182.9192336 0.0
1550956482.6345649 0.0
1550420153.537589 0.0
1549884195.243363 0.0
1549348607.3674755 0.0
1548813389.5260468 0.0
1548278541.3357277 0.0
1547744062.413698 0.0
1547209952.377666 0.0
1546676210.8458674 0.0
1546142837.4370646 0.0
1545609831.7705462 0.0
1545077193.4661248 0.0
1544544922.144137 0.0
1544013017.4254427 0.0
1543481478.9314241 0.0
1542950306.283984 0.0
1542419499.1055458 0.0
1541889057.0190523 0.0
1541358979.6479652 0.0
1540829266.6162624 0.0
1540299917.5484405 0.0
1539770932.0695105 0.0
1539242309.8049989 0.0
1538714050.380946 0.0
1538186153.4239056 0.0
1537658618.5609438 0.0
1537131445.4196382 0.0
1536604633.628076 0.0
1536078182.8148556 0.0
1535552092.6090832 0.0
1535026362.6403725 0.0
1534500992.538846 0.0
1533975981.9351308 0.0
1533451330.46036 0.0
1532927037.7461708 0.0
1532403103.4247046 0.0
1531879527.1286047 0.0
1531356308.4910173 0.0
1530833447.1455889 0.0
1530310942.7264662 0.0
1529788794.8682954 0.0
1529267003.2062216 0.0
1528745567.3758867 0.0
1528224487.0134299 0.0
1527703761.7554862 0.0
1527183391.2391853 0.0
1526663375.102152 0.0
1526143712.9825041 0.0
1525624404.5188513 0.0
1525105449.350296 0.0
1524586847.116431 0.0
1524068597.4573393 0.0
1523550700.0135927 0.0
1523033154.426252 0.0
1522515960.3368652 0.0
1521999117.3874671 0.0
1521482625.2205784 0.0
1520966483.479205 0.0
1520450691.8068368 0.0
1519935249.8474474 0.0
1519420157.245493 0.0
1518905413.6459112 0.0
1518391018.694121 0.0
1517876972.0360215 0.0
1517363273.3179913 0.0
1516849922.186887 0.0
1516336918.2900434 0.0
1515824261.2752724 0.0
1515311950.7908614 0.0
1514799986.4855735 0.0
1514288368.0086465 0.0
1513777095.0097914 0.0
1513266167.1391928 0.0
1512755584.0475068 0.0
1512245345.385861 0.0
1511735450.8058536 0.0
1511225899.9595525 0.0
1510716692.4994948 0.0
1510207828.078685 0.0
1509699306.3505962 0.0
1509191126.9691668 0.0
1508683289.5888016 0.0
1508175793.8643703 0.0
1507668639.4512074 0.0
1507161826.0051098 0.0
1506655353.1823375 0.0
1506149220.6396132 0.0
1505643428.0341194 0.0
1505137975.0234995 0.0
1504632861.265857 0.0
1504128086.4197533 0.0
1503623650.1442084 0.0
1503119552.0986993 0.0
1502615791.9431598 0.0
1502112369.3379793 0.0
1501609283.9440017 0.0
1501106535.422526 0.0
1500604123.4353037 0.0
1500102047.6445398 0.0
1499600307.7128906 0.0
1499098903.303464 0.0
1498597834.0798182 0.0
1498097099.7059612 0.0
1497596699.8463492 0.0
1497096634.1658876 0.0
1496596902.3299286 0.0
1496097504.0042715 0.0
1495598438.8551605 0.0
1495099706.5492866 0.0
1494601306.7537837 0.0
1494103239.1362302 0.0
1493605503.3646479 0.0
1493108099.1074998 0.0
1492611026.033691 0.0
1492114283.8125668 0.0
1491617872.1139128 0.0
1491121790.6079552 0.0
1490626038.9653568 0.0
1490130616.857219 0.0
1489635523.9550805 0.0
1489140759.9309156 0.0
1488646324.4571352 0.0
1488152217.2065852 0.0
1487658437.8525453 0.0
1487164986.068728 0.0
1486671861.5292792 0.0
1486179063.9087772 0.0
1485686592.8822322 0.0
1485194448.125083 0.0
1484702629.3131998 0.0
1484211136.1228814 0.0
1483719968.230856 0.0
1483229125.3142781 0.0
1482738607.050731 0.0
1482248413.118223 0.0
1481758543.1951885 0.0
1481268996.9604864 0.0
1480779774.093401 0.0
1480290874.2736397 0.0
1479802297.1813323 0.0
1479314042.4970307 0.0
1478826109.9017086 0.0
1478338499.076761 0.0
1477851209.7040017 0.0
1477364241.465665 0.0
1476877594.0444036 0.0
1476391267.1232882 0.0
1475905260.3858056 0.0
1475419573.5158613 0.0
1474934206.1977763 0.0
1474449158.1162853 0.0
1473964428.9565392 0.0
1473480018.4041016 0.0
1472995926.1449506 0.0
1472512151.8654757 0.0
1472028695.2524788 0.0
1471545555.9931734 0.0
1471062733.7751825 0.0
1470580228.286539 0.0
1470098039.215686 0.0
1469616166.251475 0.0
1469134609.0831642 0.0
1468653367.4004195 0.0
1468172440.8933134 0.0
1467691829.2523243 0.0
1467211532.1683357 0.0
1466731549.3326354 0.0
1466251880.4369156 0.0
1465772525.173271 0.0
1465293483.2341986 0.0
1464814754.312598 0.0
1464336338.1017702 0.0
1463858234.295416 0.0
1463380442.5876365 0.0
1462902962.6729314 0.0
1462425794.2461998 0.0
1461948937.002739 0.0
1461472390.6382425 0.0
1460996154.8488011 0.0
1460520229.3309014 0.0
1460044613.7814252 0.0
1459569307.8976495 0.0
1459094311.3772457 0.0
1458619623.9182773 0.0
1458145245.2192016 0.0
1457671174.9788673 0.0
1457197412.8965158 0.0
1456723958.6717787 0.0
1456250812.0046773 0.0
1455777972.5956233 0.0
1455305440.1454167 0.0
1454833214.3552473 0.0
1454361294.9266899 0.0
1453889681.5617096 0.0
1453418373.9626558 0.0
1452947371.8322642 0.0
1452476674.8736556 0.0
1452006282.7903361 0.0
1451536195.2861953 0.0
1451066412.065506 0.0
1450596932.8329237 0.0
1450127757.293486 0.0
1449658885.1526127 0.0
1449190316.1161032 0.0
1448722049.8901384 0.0
1448254086.181278 0.0
1447786424.6964612 0.0
1447319065.143005 0.0
1446852007.2286046 0.0
1446385250.661333 0.0
1445918795.149639 0.0
1445452640.4023473 0.0
1444986786.128658 0.0
1444521232.038147 0.0
1444055977.8407626 0.0
1443591023.2468286 0.0
1443126367.9670403 0.0
1442662011.7124658 0.0
1442197954.1945446 0.0
1441734195.1250885 0.0
1441270734.2162788 0.0
1440807571.1806674 0.0
1440344705.7311747 0.0
1439882137.5810907 0.0
1439419866.4440737 0.0
1438957892.0341485 0.0
1438496214.0657084 0.0
1438034832.2535124 0.0
1437573746.3126848 0.0
1437112955.9587154 0.0
1436652460.9074595 0.0
1436192260.8751361 0.0
1435732355.5783274 0.0
1435272744.733978 0.0
1434813428.0593958 0.0
1434354405.2722502 0.0
1433895676.0905719 0.0
1433437240.2327516 0.0
1432979097.4175406 0.0
1432521247.3640492 0.0
1432063689.7917466 0.0
1431606424.420461 0.0
1431149450.9703782 0.0
1430692769.16204 0.0
1430236378.7163458 0.0
1429780279.3545508 0.0
1429324470.7982657 0.0
1428868952.7694564 0.0
1428413724.9904423 0.0
1427958787.1838973 0.0
1427504139.0728478 0.0
1427049780.3806736 0.0
1426595710.831106 0.0
1426141930.1482284 0.0
1425688438.0564744 0.0
1425235234.2806284 0.0
1424782318.5458245 0.0
1424329690.5775461 0.0
1423877350.1016262 0.0
1423425296.8442442 0.0
1422973530.5319288 0.0
1422522050.891554 0.0
1422070857.6503427 0.0
1421619950.5358615 0.0
1421169329.2760239 0.0
1420718993.5990877 0.0
1420268943.2336547 0.0
1419819177.9086707 0.0
1419369697.3534253 0.0
1418920501.2975507 0.0
1418471589.4710202 0.0
1418022961.6041498 0.0
1417574617.4275959 0.0
1417126556.6723561 0.0
1416678779.0697675 0.0
1416231284.351507 0.0
1415784072.2495897 0.0
1415337142.49637 0.0
1414890494.8245394 0.0
1414444128.9671273 0.0
1413998044.6574998 0.0
1413552241.6293588 0.0
1413106719.6167426 0.0
1412661478.3540237 0.0
1412216517.5759103 0.0
1411771837.0174444 0.0
1411327436.4140017 0.0
1410883315.5012906 0.0
1410439474.015352 0.0
1409995911.6925595 0.0
1409552628.2696178 0.0
1409109623.483563 0.0
1408666897.071761 0.0
1408224448.771908 0.0
1407782278.3220298 0.0
1407340385.460481 0.0
1406898769.9259446 0.0
1406457431.4574316 0.0
1406016369.7942803 0.0
1405575584.6761553 0.0
1405135075.8430488 0.0
1404694843.0352778 0.0
1404254885.9934855 0.0
1403815204.4586387 0.0
1403375798.17203 0.0
1402936666.875274 0.0
1402497810.3103104 0.0
1402059228.219401 0.0
1401620920.3451295 0.0
1401182886.4304023 0.0
1400745126.2184453 0.0
1400307639.452808 0.0
1399870425.8773572 0.0
1399433485.236282 0.0
1398996817.274089 0.0
1398560421.7356045 0.0
1398124298.3659725 0.0
1397688446.9106553 0.0
1397252867.1154325 0.0
1396817558.7264006 0.0
1396382521.4899716 0.0
1395947755.1528738 0.0
1395513259.4621515 0.0
1395079034.1651628 0.0
1394645079.0095809 0.0
1394211393.7433922 0.0
1393777978.114897 0.0
1393344831.8727083 0.0
1392911954.7657511 0.0
1392479346.5432637 0.0
1392047006.954794 0.0
1391614935.750202 0.0
1391183132.6796575 0.0
1390751597.4936411 0.0
1390320329.9429421 0.0
1389889329.7786598 0.0
1389458596.7522006 0.0
1389028130.61528 0.0
1388597931.1199207 0.0
1388167998.0184531 0.0
1387738331.0635138 0.0
1387308930.0080452 0.0
1386879794.6052961 0.0
1386450924.6088195 0.0
1386022319.7724743 0.0
1385593979.8504233 0.0
1385165904.597133 0.0
1384738093.767373 0.0
1384310547.1162162 0.0
1383883264.3990371 0.0
1383456245.3715131 0.0
1383029489.7896233 0.0
1382602997.409646 0.0
1382176767.9881623 0.0
1381750801.2820513 0.0
1381325097.0484934 0.0
1380899655.0449674 0.0
1380474475.0292509 0.0
1380049556.7594192 0.0
1379624899.993846 0.0
1379200504.491202 0.0
1378776370.0104556 0.0
1378352496.3108706 0.0
1377928883.152007 0.0
1377505530.2937205 0.0
1377082437.496161 0.0
1376659604.519774 0.0
1376237031.1252992 0.0
1375814717.0737696 0.0
1375392662.126511 0.0
1374970866.0451424 0.0
1374549328.5915754 0.0
1374128049.5280128 0.0
1373707028.6169498 0.0
1373286265.6211712 0.0
1372865760.3037543 0.0
1372445512.428064 0.0
1372025521.7577574 0.0
1371605788.0567794 0.0
1371186311.0893636 0.0
1370767090.620032 0.0
1370348126.4135952 0.0
1369929418.2351503 0.0
1369510965.8500824 0.0
1369092769.0240626 0.0
1368674827.523048 0.0
1368257141.1132815 0.0
1367839709.5612912 0.0
1367422532.6338904 0.0
1367005610.0981767 0.0
1366588941.7215314 0.0
1366172527.2716196 0.0
1365756366.5163884 0.0
1365340459.2240698 0.0
1364924805.1631758 0.0
1364509404.1025019 0.0
1364094255.8111234 0.0
1363679360.058398 0.0
1363264716.6139627 0.0
1362850325.2477353 0.0
1362436185.7299137 0.0
1362022297.830974 0.0
1361608661.321672 0.0
1361195275.9730406 0.0
1360782141.5563917 0.0
1360369257.8433156 0.0
1359956624.6056783 0.0
1359544241.6156228 0.0
1359132108.6455684 0.0
1358720225.4682105 0.0
1358308591.8565197 0.0
1357897207.5837421 0.0
1357486072.4233985 0.0
1357075186.149283 0.0
1356664548.5354636 0.0
1356254159.3562827 0.0
1355844018.3863554 0.0
1355434125.4005685 0.0
1355024480.1740813 0.0
1354615082.482325 0.0
1354205932.101003 0.0
1353797028.8060873 0.0
1353388372.373823 0.0
1352979962.5807233 0.0
1352571799.2035723 0.0
1352163882.0194223 0.0
1351756210.8055956 0.0
1351348785.3396828 0.0
1350941605.399542 0.0
1350534670.7632992 0.0
1350127981.2093472 0.0
1349721536.5163467 0.0
1349315336.463224 0.0
1348909380.8291714 0.0
1348503669.393648 0.0
1348098201.9363763 0.0
1347692978.2373452 0.0
1347287998.0768075 0.0
1346883261.23528 0.0
1346478767.4935434 0.0
1346074516.632641 0.0
1345670508.4338796 0.0
1345266742.6788287 0.0
1344863219.149319 0.0
1344459937.627444 0.0
1344056897.8955576 0.0
1343654099.7362747 0.0
1343251542.9324708 0.0
1342849227.2672815 0.0
1342447152.5241032 0.0
1342045318.4865901 0.0
1341643724.938656 0.0
1341242371.664473 0.0
1340841258.448472 0.0
1340440385.075341 0.0
1340039751.330026 0.0
1339639356.9977293 0.0
1339239201.863911 0.0
1338839285.7142859 0.0
1338439608.334826 0.0
1338040169.5117586 0.0
1337640969.0315654 0.0
1337242006.6809835 0.0
1336843282.2470033 0.0
1336444795.5168712 0.0
1336046546.2780857 0.0
1335648534.3183985 0.0
1335250759.4258149 0.0
1334853221.3885915 0.0
1334455919.995238 0.0
1334058855.0345156 0.0
1333662026.2954369 0.0
1333265433.5672655 0.0
1332869076.6395152 0.0
1332472955.3019497 0.0
1332077069.3445837 0.0
1331681418.557681 0.0
1331286002.7317538 0.0
1330890821.6575637 0.0
1330495875.1261203 0.0
1330101162.9286819 0.0
1329706684.856753 0.0
1329312440.7020874 0.0
1328918430.256684 0.0
1328524653.3127892 0.0
1328131109.6628947 0.0
1327737799.0997393 0.0
1327344721.4163065 0.0
1326951876.4058247 0.0
1326559263.8617673 0.0
1326166883.5778515 0.0
1325774735.3480399 0.0
1325382818.9665368 0.0
1324991134.2277913 0.0
1324599680.926495 0.0
1324208458.8575819 0.0
1323817467.816228 0.0
1323426707.597851 0.0
1323036177.9981115 0.0
1322645878.8129096 0.0
1322255809.8383863 0.0
1321865970.870924 0.0
1321476361.7071447 0.0
1321086982.1439095 0.0
1320697831.97832 0.0
1320308911.0077157 0.0
1319920219.0296755 0.0
1319531755.8420155 0.0
1319143521.2427914 0.0
1318755515.0302958 0.0
1318367737.0030582 0.0
1317980186.959845 0.0
1317592864.6996593 0.0
1317205770.0217407 0.0
1316818902.725564 0.0
1316432262.6108403 0.0
1316045849.4775157 0.0
1315659663.1257706 0.0
1315273703.35602 0.0
1314887969.968913 0.0
1314502462.765334 0.0
1314117181.5463982 0.0
1313732126.1134553 0.0
1313347296.2680883 0.0
1312962691.8121119 0.0
1312578312.547573 0.0
1312194158.2767503 0.0
1311810228.8021538 0.0
1311426523.9265244 0.0
1311043043.4528334 0.0
1310659787.1842842 0.0
1310276754.9243088 0.0
1309893946.476569 0.0
1309511361.644956 0.0
1309129000.2335904 0.0
1308746862.046821 0.0
1308364946.8892262 0.0
1307983254.5656106 0.0
1307601784.8810081 0.0
1307220537.640679 0.0
1306839512.650111 0.0
1306458709.7150183 0.0
1306078128.6413424 0.0
1305697769.2352498 0.0
1305317631.3031328 0.0
1304937714.6516097 0.0
1304558019.0875232 0.0
1304178544.4179418 0.0
1303799290.4501572 0.0
1303420256.9916859 0.0
1303041443.8502676 0.0
1302662850.8338661 0.0
1302284477.750668 0.0
1301906324.4090831 0.0
1301528390.6177428 0.0
1301150676.1855016 0.0
1300773180.9214346 0.0
1300395904.6348395 0.0
1300018847.1352355 0.0
1299642008.2323613 0.0
1299265387.7361772 0.0
1298888985.4568632 0.0
1298512801.2048194 0.0
1298136834.7906654 0.0
1297761086.0252404 0.0
1297385554.719602 0.0
1297010240.685027 0.0
1296635143.7330096 0.0
1296260263.675263 0.0
1295885600.323718 0.0
1295511153.4905226 0.0
1295136922.9880412 0.0
1294762908.6288555 0.0
1294389110.2257636 0.0
1294015527.5917802 0.0
1293642160.5401351 0.0
1293269008.8842738 0.0
1292896072.4378572 0.0
1292523351.0147603 0.0
1292150844.4290738 0.0
1291778552.4951022 0.0
1291406475.0273633 0.0
1291034611.84059 0.0
1290662962.7497265 0.0
1290291527.569932 0.0
1289920306.1165776 0.0
1289549298.2052464 0.0
1289178503.651734 0.0
1288807922.272048 0.0
1288437553.8824072 0.0
1288067398.2992415 0.0
1287697455.3391924 0.0
1287327724.8191113 0.0
1286958206.5560598 0.0
1286588900.3673096 0.0
1286219806.0703425 0.0
1285850923.4828496 0.0
1285482252.4227307 0.0
1285113792.7080946 0.0
1284745544.1572583 0.0
1284377506.5887477 0.0
1284009679.8212957 0.0
1283642063.6738436 0.0
1283274657.965539 0.0
1282907462.5157378 0.0
1282540477.1440015 0.0
1282173701.6700983 0.0
1281807135.9140031 0.0
1281440779.695896 0.0
1281074632.8361623 0.0
1280708695.155393 0.0
1280342966.4743848 0.0
1279977446.6141372 0.0
1279612135.395856 0.0
1279247032.6409497 0.0
1278882138.1710312 0.0
1278517451.8079162 0.0
1278152973.3736246 0.0
1277788702.6903784 0.0
1277424639.580603 0.0
1277060783.866925 0.0
1276697135.3721738 0.0
1276333693.9193807 0.0
1275970459.3317776 0.0
1275607431.4327986 0.0
1275244610.0460777 0.0
1274881994.9954505 0.0
1274519586.104952 0.0
1274157383.1988177 0.0
1273795386.101483 0.0
1273433594.6375825 0.0
1273072008.63195 0.0
1272710627.9096172 0.0
1272349452.2958171 0.0
1271988481.6159782 0.0
1271627715.6957288 0.0
1271267154.360894 0.0
1270906797.437497 0.0
1270546644.7517571 0.0
1270186696.1300924 0.0
1269826951.3991163 0.0
1269467410.3856392 0.0
1269108072.916667 0.0
1268748938.8194013 0.0
1268390007.92124 0.0
1268031280.0497766 0.0
1267672755.0327983 0.0
1267314432.6982872 0.0
1266956312.874421 0.0
1266598395.3895702 0.0
1266240680.0723 0.0
1265883166.7513695 0.0
1265525855.2557302 0.0
1265168745.4145272 0.0
1264811837.057098 0.0
1264455130.0129728 0.0
1264098624.1118755 0.0
1263742319.1837196 0.0
1263386215.0586116 0.0
1263030311.566849 0.0
1262674608.538921 0.0
1262319105.8055072 0.0
1261963803.197478 0.0
1261608700.5458946 0.0
1261253797.6820076 0.0
1260899094.4372575 0.0
1260544590.6432748 0.0
1260190286.1318793 0.0
1259836180.7350795 0.0
1259482274.2850723 0.0
1259128566.614244 0.0
1258775057.5551689 0.0
1258421746.9406085 0.0
1258068634.6035132 0.0
1257715720.37702 0.0
1257363004.094453 0.0
1257010485.589324 0.0
1256658164.6953304 0.0
1256306041.2463572 0.0
1255954115.076475 0.0
1255602386.0199397 0.0
1255250853.9111934 0.0
1254899518.5848637 0.0
1254548379.8757627 0.0
1254197437.6188877 0.0
1253846691.6494212 0.0
1253496141.802729 0.0
1253145787.914361 0.0
1252795629.8200514 0.0
1252445667.3557184 0.0
1252095900.3574622 0.0
1251746328.661567 0.0
1251396952.1044993 0.0
1251047770.5229087 0.0
1250698783.7536263 0.0
1250349991.6336663 0.0
1250001394.0002234 0.0
1249652990.6906743 0.0
1249304781.5425773 0.0
1248956766.3936708 0.0
1248608945.0818758 0.0
1248261317.4452922 0.0
1247913883.3222003 0.0
1247566642.5510602 0.0
1247219594.9705129 0.0
1246872740.4193783 0.0
1246526078.7366548 0.0
1246179609.761521 0.0
1245833333.3333333 0.0
