679545454.5454545 0.0
679133721.1063647 0.0
678722486.2999183 0.0
678311749.2208539 0.0
677901508.9661012 0.0
677491764.6347728 0.0
677082515.3281585 0.0
676673760.1497178 0.0
676265498.205074 0.0
675857728.6020077 0.0
675450450.4504504 0.0
675043662.8624771 0.0
674637364.9523005 0.0
674231555.8362656 0.0
673826234.6328413 0.0
673421400.4626153 0.0
673017052.4482871 0.0
672613189.7146629 0.0
672209811.3886473 0.0
671806916.5992386 0.0
671404504.4775224 0.0
671002574.1566644 0.0
670601124.7719047 0.0
670200155.4605517 0.0
669799665.3619766 0.0
669399653.6176058 0.0
669000119.3709153 0.0
668601061.7674251 0.0
668202479.954693 0.0
667804373.082308 0.0
667406740.3018844 0.0
667009580.7670563 0.0
666612893.6334711 0.0
666216678.0587833 0.0
665820933.2026492 0.0
665425658.2267208 0.0
665030852.2946395 0.0
664636514.5720301 0.0
664242644.2264955 0.0
663849240.427611 0.0
663456302.3469176 0.0
663063829.1579164 0.0
662671820.0360637 0.0
662280274.1587638 0.0
661889190.7053648 0.0
661498568.8571512 0.0
661108407.7973398 0.0
660718706.7110732 0.0
660329464.7854135 0.0
659940681.2093378 0.0
659552355.1737325 0.0
659164485.871387 0.0
658777072.4969879 0.0
658390114.2471143 0.0
658003610.3202324 0.0
657617559.9166887 0.0
657231962.2387053 0.0
656846816.4903747 0.0
656462121.8776537 0.0
656077877.6083585 0.0
655694082.8921582 0.0
655310736.9405711 0.0
654927838.9669579 0.0
654545388.1865164 0.0
654163383.816277 0.0
653781825.0750968 0.0
653400711.1836544 0.0
653020041.364444 0.0
652639814.8417711 0.0
652260030.8417468 0.0
651880688.5922824 0.0
651501787.323084 0.0
651123326.265648 0.0
650745304.6532555 0.0
650367721.7209667 0.0
649990576.7056162 0.0
649613868.8458083 0.0
649237597.3819109 0.0
648861761.5560508 0.0
648486360.6121091 0.0
648111393.7957153 0.0
647736860.3542432 0.0
647362759.5368043 0.0
646989090.5942451 0.0
646615852.7791398 0.0
646243045.3457869 0.0
645870667.5502031 0.0
645498718.6501194 0.0
645127197.9049757 0.0
644756104.5759152 0.0
644385437.925781 0.0
644015197.2191099 0.0
643645381.7221282 0.0
643275990.702746 0.0
642907023.4305543 0.0
642538479.1768179 0.0
642170357.2144719 0.0
641802656.8181167 0.0
641435377.2640132 0.0
641068517.830078 0.0
640702077.7958786 0.0
640336056.442629 0.0
639970453.0531844 0.0
639605266.9120374 0.0
639240497.3053123 0.0
638876143.5207615 0.0
638512204.8477597 0.0
638148680.5773009 0.0
637785570.0019915 0.0
637422872.4160482 0.0
637060587.1152916 0.0
636698713.3971428 0.0
636337250.5606176 0.0
635976197.9063236 0.0
635615554.736454 0.0
635255320.3547847 0.0
634895494.0666685 0.0
634536075.1790314 0.0
634177063.0003678 0.0
633818456.8407362 0.0
633460256.011755 0.0
633102459.8265977 0.0
632745067.5999887 0.0
632388078.6481987 0.0
632031492.289041 0.0
631675307.8418665 0.0
631319524.6275592 0.0
630964141.9685327 0.0
630609159.1887254 0.0
630254575.6135961 0.0
629900390.57012 0.0
629546603.3867842 0.0
629193213.3935839 0.0
628840219.9220175 0.0
628487622.3050828 0.0
628135419.8772731 0.0
627783611.9745722 0.0
627432197.934451 0.0
627081177.0958627 0.0
626730548.7992395 0.0
626380312.3864875 0.0
626030467.2009829 0.0
625681012.5875686 0.0
625331947.8925493 0.0
624983272.4636873 0.0
624634985.6501992 0.0
624287086.8027514 0.0
623939575.273456 0.0
623592450.4158667 0.0
623245711.584976 0.0
622899358.1372086 0.0
622553389.4304202 0.0
622207804.8238918 0.0
621862603.6783267 0.0
621517785.3558457 0.0
621173349.2199839 0.0
620829294.6356864 0.0
620485620.9693044 0.0
620142327.5885917 0.0
619799413.8627 0.0
619456879.1621764 0.0
619114722.8589576 0.0
618772944.3263683 0.0
618431542.9391154 0.0
618090518.0732857 0.0
617749869.1063408 0.0
617409595.4171141 0.0
617069696.3858075 0.0
616730171.3939861 0.0
616391019.8245759 0.0
616052241.0618594 0.0
615713834.4914719 0.0
615375799.500398 0.0
615038135.4769678 0.0
614700841.8108529 0.0
614363917.8930637 0.0
614027363.115944 0.0
613691176.8731693 0.0
613355358.5597416 0.0
613019907.5719872 0.0
612684823.3075514 0.0
612350105.1653965 0.0
612015752.5457969 0.0
611681764.850337 0.0
611348141.4819057 0.0
611014881.8446945 0.0
610681985.3441935 0.0
610349451.3871872 0.0
610017279.3817519 0.0
609685468.7372514 0.0
609354018.8643345 0.0
609022929.1749301 0.0
608692199.082245 0.0
608361828.0007597 0.0
608031815.3462259 0.0
607702160.535661 0.0
607372862.9873471 0.0
607043922.1208265 0.0
606715337.3568974 0.0
606387108.117612 0.0
606059233.8262726 0.0
605731713.9074279 0.0
605404547.7868698 0.0
605077734.89163 0.0
604751274.649977 0.0
604425166.4914125 0.0
604099409.8466679 0.0
603774004.1477011 0.0
603448948.8276939 0.0
603124243.3210471 0.0
602799887.0633789 0.0
602475879.4915208 0.0
602152220.0435144 0.0
601828908.1586083 0.0
601505943.2772546 0.0
601183324.8411058 0.0
600861052.2930124 0.0
600539125.0770179 0.0
600217542.638357 0.0
599896304.4234525 0.0
599575409.8799112 0.0
599254858.4565212 0.0
598934649.6032487 0.0
598614782.7712355 0.0
598295257.4127946 0.0
597976072.9814079 0.0
597657228.931723 0.0
597338724.7195503 0.0
597020559.8018589 0.0
596702733.6367749 0.0
596385245.6835775 0.0
596068095.4026961 0.0
595751282.255707 0.0
595434805.7053307 0.0
595118665.2154291 0.0
594802860.2510016 0.0
594487390.278183 0.0
594172254.7642397 0.0
593857453.1775676 0.0
593542984.9876883 0.0
593228849.6652464 0.0
592915046.6820068 0.0
592601575.5108514 0.0
592288435.6257762 0.0
591975626.501888 0.0
591663147.6154028 0.0
591350998.4436414 0.0
591039178.4650267 0.0
590727687.1590818 0.0
590416524.0064262 0.0
590105688.4887731 0.0
589795180.0889262 0.0
589484998.290778 0.0
589175142.5793055 0.0
588865612.4405684 0.0
588556407.3617054 0.0
588247526.8309323 0.0
587938970.3375384 0.0
587630737.371884 0.0
587322827.4253975 0.0
587015239.9905732 0.0
586707974.5609673 0.0
586401030.6311963 0.0
586094407.6969332 0.0
585788105.2549059 0.0
585482122.8028938 0.0
585176459.8397243 0.0
584871115.8652717 0.0
584566090.3804532 0.0
584261382.8872267 0.0
583956992.8885878 0.0
583652919.8885677 0.0
583349163.3922298 0.0
583045722.9056673 0.0
582742597.9360003 0.0
582439787.9913741 0.0
582137292.5809551 0.0
581835111.214929 0.0
581533243.4044981 0.0
581231688.6618787 0.0
580930446.500298 0.0
580629516.433992 0.0
580328897.9782028 0.0
580028590.6491759 0.0
579728593.9641573 0.0
579428907.4413916 0.0
579129530.6001188 0.0
578830462.9605722 0.0
578531704.0439752 0.0
578233253.3725399 0.0
577935110.469463 0.0
577637274.8589245 0.0
577339746.0660846 0.0
577042523.6170815 0.0
576745607.0390285 0.0
576448995.8600119 0.0
576152689.6090878 0.0
575856687.8162808 0.0
575560990.0125806 0.0
575265595.7299391 0.0
574970504.5012696 0.0
574675715.8604424 0.0
574381229.3422838 0.0
574087044.4825732 0.0
573793160.8180398 0.0
573499577.8863618 0.0
573206295.2261628 0.0
572913312.3770093 0.0
572620628.8794094 0.0
572328244.2748091 0.0
572036158.1055908 0.0
571744369.9150704 0.0
571452879.2474954 0.0
571161685.648042 0.0
570870788.6628128 0.0
570580187.8388352 0.0
570289882.724058 0.0
569999872.8673499 0.0
569710157.818496 0.0
569420737.1281973 0.0
569131610.3480667 0.0
568842777.0306275 0.0
568554236.7293109 0.0
568265988.9984536 0.0
567978033.393296 0.0
567690369.4699789 0.0
567402996.7855425 0.0
567115914.897923 0.0
566829123.3659512 0.0
566542621.7493492 0.0
566256409.6087297 0.0
565970486.5055921 0.0
565684852.0023215 0.0
565399505.6621857 0.0
565114447.0493332 0.0
564829675.7287914 0.0
564545191.2664635 0.0
564260993.2291273 0.0
563977081.1844323 0.0
563693454.7008977 0.0
563410113.3479102 0.0
563127056.695722 0.0
562844284.3154485 0.0
562561795.779066 0.0
562279590.6594095 0.0
561997668.5301712 0.0
561716028.9658974 0.0
561434671.541987 0.0
561153595.8346893 0.0
560872801.4211013 0.0
560592287.8791667 0.0
560312054.7876728 0.0
560032101.7262485 0.0
559752428.2753626 0.0
559473034.0163218 0.0
559193918.5312679 0.0
558915081.4031763 0.0
558636522.2158538 0.0
558358240.5539366 0.0
558080236.0028877 0.0
557802508.148996 0.0
557525056.5793728 0.0
557247880.8819507 0.0
556970980.6454818 0.0
556694355.4595346 0.0
556418004.9144927 0.0
556141928.601553 0.0
555866126.1127229 0.0
555590597.0408188 0.0
555315340.9794643 0.0
555040357.523088 0.0
554765646.2669207 0.0
554491206.8069949 0.0
554217038.7401417 0.0
553943141.6639897 0.0
553669515.1769617 0.0
553396158.878274 0.0
553123072.3679341 0.0
552850255.2467386 0.0
552577707.116271 0.0
552305427.5789007 0.0
552033416.2377797 0.0
551761672.6968422 0.0
551490196.560801 0.0
551218987.435147 0.0
550948044.9261471 0.0
550677368.6408411 0.0
550406958.1870412 0.0
550136813.1733294 0.0
549866933.2090559 0.0
549597317.9043369 0.0
549327966.8700532 0.0
549058879.7178475 0.0
548790056.0601239 0.0
548521495.5100443 0.0
548253197.681528 0.0
547985162.1892493 0.0
547717388.6486354 0.0
547449876.675865 0.0
547182625.8878664 0.0
546915635.9023153 0.0
546648906.3376333 0.0
546382436.8129859 0.0
546116226.9482813 0.0
545850276.3641676 0.0
545584584.6820316 0.0
545319151.5239971 0.0
545053976.5129228 0.0
544789059.2724003 0.0
544524399.4267532 0.0
544259996.6010342 0.0
543995850.4210244 0.0
543731960.513231 0.0
543468326.504885 0.0
543204948.0239404 0.0
542941824.6990724 0.0
542678956.1596746 0.0
542416342.0358585 0.0
542153981.9584513 0.0
541891875.5589935 0.0
541630022.4697384 0.0
541368422.3236494 0.0
541107074.7543991 0.0
540845979.3963666 0.0
540585135.8846368 0.0
540324543.8549976 0.0
540064202.9439399 0.0
539804112.7886537 0.0
539544273.0270282 0.0
539284683.2976496 0.0
539025343.239799 0.0
538766252.493451 0.0
538507410.699272 0.0
538248817.4986193 0.0
537990472.5335381 0.0
537732375.4467605 0.0
537474525.8817041 0.0
537216923.4824703 0.0
536959567.8938417 0.0
536702458.7612822 0.0
536445595.7309339 0.0
536188978.449616 0.0
535932606.56482345 0.0
535676479.72472453 0.0
535420597.5781604 0.0
535164959.7746425 0.0
534909565.96435136 0.0
534654415.79813486 0.0
534399508.9275072 0.0
534144845.0046463 0.0
533890423.68239295 0.0
533636244.6142493 0.0
533382307.4543767 0.0
533128611.8575947 0.0
532875157.47937906 0.0
532621943.9758606 0.0
532368971.00382346 0.0
532116238.2207031 0.0
531863745.2845856 0.0
531611491.8542056 0.0
531359477.58894503 0.0
531107702.1488308 0.0
530856165.1945345 0.0
530604866.38737005 0.0
530353805.3892924 0.0
530102981.8628957 0.0
529852395.47141266 0.0
529602045.878712 0.0
529351932.74929756 0.0
529102055.7483065 0.0
528852414.5415084 0.0
528603008.7953028 0.0
528353838.1767187 0.0
528104902.3534123 0.0
527856200.99366593 0.0
527607733.7663866 0.0
527359500.3411042 0.0
527111500.3879705 0.0
526863733.5777574 0.0
526616199.58185536 0.0
526368898.0722721 0.0
526121828.7216315 0.0
525874991.2031715 0.0
525628385.1907431 0.0
525382010.35880846 0.0
525135866.3824404 0.0
524889952.93732005 0.0
524644269.6997355 0.0
524398816.34658116 0.0
524153592.5553555 0.0
523908598.00416 0.0
523663832.3716975 0.0
523419295.33727145 0.0
523174986.58078367 0.0
522930905.7827335 0.0
522687052.62421596 0.0
522443426.7869211 0.0
522200027.953132 0.0
521956855.805723 0.0
521713910.0281598 0.0
521471190.30449647 0.0
521228696.319375 0.0
520986427.7580236 0.0
520744384.30625564 0.0
520502565.6504678 0.0
520260971.4776394 0.0
520019601.47532994 0.0
519778455.33167934 0.0
519537532.73540527 0.0
519296833.37580204 0.0
519056356.94274 0.0
518816103.1266634 0.0
518576071.61858934 0.0
518336262.1101065 0.0
518096674.293374 0.0
517857307.8611194 0.0
517618162.5066384 0.0
517379237.92379236 0.0
517140533.8070082 0.0
516902049.8512762 0.0
516663785.7521491 0.0
516425741.2057407 0.0
516187915.90872455 0.0
515950309.55833274 0.0
515712921.8523545 0.0
515475752.48913515 0.0
515238801.16757447 0.0
515002067.5871259 0.0
514765551.44779444 0.0
514529252.45013654 0.0
514293170.2952579 0.0
514057304.6848127 0.0
513821655.32100207 0.0
513586221.9065729 0.0
513351004.14481664 0.0
513116001.7395683 0.0
512881214.3952046 0.0
512646641.8166434 0.0
512412283.709342 0.0
512178139.7792958 0.0
511944209.73303795 0.0
511710493.277637 0.0
511476990.1206963 0.0
511243699.97035277 0.0
511010622.53527546 0.0
510777757.52466446 0.0
510545104.64824975 0.0
510312663.6162899 0.0
510080434.13957083 0.0
509848415.9294048 0.0
509616608.6976289 0.0
509385012.1566043 0.0
509153626.0192146 0.0
508922449.9988649 0.0
508691483.80948055 0.0
508460727.1655061 0.0
508230179.7819039 0.0
507999841.374153 0.0
507769711.6582482 0.0
507539790.3506984 0.0
507310077.1685261 0.0
507080571.8292654 0.0
506851274.05096203 0.0
506622183.55217063 0.0
506393300.0519551 0.0
506164623.26988643 0.0
505936152.9260421 0.0
505707888.74100477 0.0
505479830.435861 0.0
505251977.7322004 0.0
505024330.35211426 0.0
504796888.0181945 0.0
504569650.4535325 0.0
504342617.38171834 0.0
504115788.5268389 0.0
503889163.61347747 0.0
503662742.36671233 0.0
503436524.5121157 0.0
503210509.77575254 0.0
502984697.8841795 0.0
502759088.5644441 0.0
502533681.544083 0.0
502308476.5511215 0.0
502083473.3140719 0.0
501858671.56193334 0.0
501634071.0241894 0.0
501409671.4308081 0.0
501185472.51224035 0.0
500961473.999419 0.0
500737675.6237575 0.0
500514077.1171493 0.0
500290678.2119663 0.0
500067478.64105827 0.0
499844478.1377511 0.0
499621676.4358465 0.0
499399073.2696206 0.0
499176668.3738226 0.0
498954461.4836742 0.0
498732452.33486843 0.0
498510640.66356826 0.0
498289026.206406 0.0
498067608.70048213 0.0
497846387.88336396 0.0
497625363.4930853 0.0
497404535.2681444 0.0
497183902.94750375 0.0
496963466.270589 0.0
496743224.97728735 0.0
496523178.80794704 0.0
496303327.5033761 0.0
496083670.8048419 0.0
495864208.4540689 0.0
495644940.19323885 0.0
495425865.7649892 0.0
495206984.91241246 0.0
494988297.37905455 0.0
494769802.90891427 0.0
494551501.2464427 0.0
494333392.13654107 0.0
494115475.3245608 0.0
493897750.55630213 0.0
493680217.5780131 0.0
493462876.13638866 0.0
493245725.9785694 0.0
493028766.85214096 0.0
492811998.5051331 0.0
492595420.68601817 0.0
492379033.14371055 0.0
492162835.6275659 0.0
491946827.8873796 0.0
491731009.67338616 0.0
491515380.73625815 0.0
491299940.8271055 0.0
491084689.69747424 0.0
490869627.0993453 0.0
490654752.7851342 0.0
490440066.50768995 0.0
490225568.0202935 0.0
490011257.07665735 0.0
489797133.4309248 0.0
489583196.83766836 0.0
489369447.05188936 0.0
489155883.8290165 0.0
488942506.9249056 0.0
488729316.0958382 0.0
488516311.09852034 0.0
488303491.6900825 0.0
488090857.62807816 0.0
487878408.6704825 0.0
487666144.57569224 0.0
487454065.10252446 0.0
487242170.01021534 0.0
487030459.0584197 0.0
486818932.00720966 0.0
486607588.6170743 0.0
486396428.6489184 0.0
486185451.8640613 0.0
485974658.0242363 0.0
485764046.8915903 0.0
485553618.2286816 0.0
485343371.7984801 0.0
485133307.3643662 0.0
484923424.6901295 0.0
484713723.53996843 0.0
484504203.6784888 0.0
484294864.8707036 0.0
484085706.8820316 0.0
483876729.4782966 0.0
483667932.42572653 0.0
483459315.49095297 0.0
483250878.4410097 0.0
483042621.04333204 0.0
482834543.06575626 0.0
482626644.2765183 0.0
482418924.4442532 0.0
482211383.33799386 0.0
482004020.72717106 0.0
481796836.3816115 0.0
481589830.07153755 0.0
481383001.56756634 0.0
481176350.64070916 0.0
480969877.0623699 0.0
480763580.6043449 0.0
480557461.0388218 0.0
480351518.13837874 0.0
480145751.67598367 0.0
479940161.424993 0.0
479734747.1591517 0.0
479529508.6525915 0.0
479324445.6798307 0.0
479119558.0157729 0.0
478914845.4357068 0.0
478710307.71530455 0.0
478505944.6306218 0.0
478301755.9580959 0.0
478097741.47454625 0.0
477893900.95717245 0.0
477690234.1835538 0.0
477486740.9316492 0.0
477283420.97979516 0.0
477080274.1067058 0.0
476877300.0914718 0.0
476674498.7135597 0.0
476471869.75281084 0.0
476269412.9894411 0.0
476067128.2040391 0.0
475865015.1775669 0.0
475663073.6913578 0.0
475461303.5271161 0.0
475259704.4669168 0.0
475058276.2932039 0.0
474857018.7887902 0.0
474655931.7368566 0.0
474455014.92095065 0.0
474254268.12498677 0.0
474053691.1332446 0.0
473853283.7303684 0.0
473653045.701367 0.0
473452976.8316121 0.0
473253076.90683776 0.0
473053345.71314013 0.0
472853783.0369761 0.0
472654388.6651626 0.0
472455162.3848764 0.0
472256103.9836525 0.0
472057213.24938405 0.0
471858489.9703215 0.0
471659933.9350712 0.0
471461544.93259585 0.0
471263322.7522125 0.0
471065267.1835928 0.0
470867378.01676154 0.0
470669655.0420962 0.0
470472098.05032635 0.0
470274706.83253264 0.0
470077481.18014634 0.0
469880420.8849483 0.0
469683525.73906857 0.0
469486795.534985 0.0
469290230.0655236 0.0
469093829.12385696 0.0
468897592.5035035 0.0
468701519.9983274 0.0
468505611.4025371 0.0
468309866.5106854 0.0
468114285.1176679 0.0
467918867.01872295 0.0
467723612.0094306 0.0
467528519.88571197 0.0
467333590.4438283 0.0
467138823.4803809 1.0
466944218.79230976 1.0
466749776.1768931 1.0
466555495.4317467 1.0
466361376.35482323 1.0
466167418.7444114 1.0
465973622.3991353 1.0
465779987.11795384 1.0
465586512.7001599 1.0
465393198.94537985 1.0
465200045.6535723 1.0
465007052.6250285 1.0
464814219.6603703 1.0
464621546.56055045 1.0
464429033.1268516 1.0
464236679.1608855 1.0
464044484.4645925 1.0
463852448.84024084 1.0
463660572.09042585 1.0
463468854.0180694 1.0
463277294.42641926 1.0
463085893.11904806 1.0
462894649.8998534 1.0
462703564.5730562 1.0
462512636.9432008 1.0
462321866.81515396 1.0
462131253.9941042 1.0
461940798.2855612 1.0
461750499.4953552 1.0
461560357.4296361 1.0
461370371.8948733 1.0
461180542.6978543 1.0
460990869.6456846 1.0
460801352.54578716 1.0
460611991.2059011 1.0
460422785.4340816 1.0
460233735.0386992 1.0
460044839.82843894 1.0
459856099.61229974 1.0
459667514.199594 1.0
459479083.39994663 1.0
459290807.02329487 1.0
459102684.8798869 1.0
458914716.780282 1.0
458726902.5353496 1.0
458539241.95626825 1.0
458351734.85452574 1.0
458164381.04191786 1.0
457977180.33054805 1.0
457790132.5328269 1.0
457603237.46147096 1.0
457416494.92950267 1.0
457229904.75024986 1.0
457043466.73734426 1.0
456857180.70472187 1.0
456671046.4666219 1.0
456485063.8375858 1.0
456299232.63245744 1.0
456113552.66638184 1.0
455928023.7548048 1.0
455742645.71347255 1.0
455557418.3584304 1.0
455372341.5060228 1.0
455187414.9728929 1.0
455002638.57598084 1.0
454818012.13252443 1.0
454633535.46005803 1.0
454449208.37641144 1.0
454265030.69971025 1.0
454081002.2483745 1.0
453897122.8411184 1.0
453713392.29695 1.0
453529810.43516964 1.0
453346377.07537055 1.0
453163092.0374376 1.0
452979955.1415466 1.0
452796966.2081641 1.0
452614125.0580468 1.0
452431431.51224035 1.0
452248885.3920797 1.0
452066486.51918775 1.0
451884234.71547496 1.0
451702129.8031393 1.0
451520171.60466474 1.0
451338359.94282144 1.0
451156694.64066494 1.0
450975175.52153534 1.0
450793802.409057 1.0
450612575.12713826 1.0
450431493.4999698 1.0
450250557.35202557 1.0
450069766.50806075 1.0
449889120.7931124 1.0
449708620.0324982 1.0
449528264.05181575 1.0
449348052.67694277 1.0
449167985.73403597 1.0
448988063.0495303 1.0
448808284.4501391 1.0
448628649.76285297 1.0
448449158.81493926 1.0
448269811.4339419 1.0
448090607.4476803 1.0
447911546.6842494 1.0
447732628.97201866 1.0
447553854.13963145 1.0
447375222.01600504 1.0
447196732.43032974 1.0
447018385.212068 1.0
446840180.1909545 1.0
446662117.1969954 1.0
446484196.0604672 1.0
446306416.61191744 1.0
446128778.68216276 1.0
445951282.1022896 1.0
445773926.7036529 1.0
445596712.31787556 1.0
445419638.7768483 1.0
445242705.91272914 1.0
445065913.55794233 1.0
444889261.5451785 1.0
444712749.70739347 1.0
444536377.8778084 1.0
444360145.8899087 1.0
444184053.57744354 1.0
444008100.7744261 1.0
443832287.31513196 1.0
443656613.0340993 1.0
443481077.7661279 1.0
443305681.3462794 1.0
443130423.6098756 1.0
442955304.3924993 1.0
442780323.52999264 1.0
442605480.8584572 1.0
442430776.2142533 1.0
442256209.4339995 1.0
442081780.3545721 1.0
441907488.8131049 1.0
441733334.6469881 1.0
441559317.6938683 1.0
441385437.79164785 1.0
441211694.7784841 1.0
441038088.4927895 1.0
440864618.7732305 1.0
440691285.4587273 1.0
440518088.3884533 1.0
440345027.4018346 1.0
440172102.33854973 1.0
439999313.03852874 1.0
439826659.3419529 1.0
439654141.0892545 1.0
439481758.12111586 1.0
439309510.2784691 1.0
439137397.4024957 1.0
438965419.33462566 1.0
438793575.91653776 1.0
438621866.9901583 1.0
438450292.3976608 1.0
438278851.9814659 1.0
438107545.5842405 1.0
437936373.0488972 1.0
437765334.2185944 1.0
437594428.93673503 1.0
437423657.04696673 1.0
437253018.3931811 1.0
437082512.8195129 1.0
436912140.1703405 1.0
436741900.2902843 1.0
436571793.0242068 1.0
436401818.2172127 1.0
436231975.7146471 1.0
436062265.36209613 1.0
435892687.00538605 1.0
435723240.4905829 1.0
435553925.66399187 1.0
435384742.3721572 1.0
435215690.461861 1.0
435046769.7801238 1.0
434877980.1742032 1.0
434709321.4915938 1.0
434540793.58002675 1.0
434372396.2874692 1.0
434204129.462124 1.0
434035992.9524289 1.0
433867986.60705644 1.0
433700110.27491343 1.0
433532363.8051403 1.0
433364747.0471109 1.0
433197259.85043186 1.0
433029902.06494236 1.0
432862673.54071325 1.0
432695574.1280472 1.0
432528603.67747784 1.0
432361762.0397693 1.0
432195049.06591606 1.0
432028464.60714215 1.0
431862008.51490104 1.0
431695680.6408751 1.0
431529480.8369746 1.0
431363408.9553387 1.0
431197464.84833336 1.0
431031648.3685516 1.0
430865959.3688135 1.0
430700397.70216525 1.0
430534963.22187865 1.0
430369655.781451 1.0
430204475.23460436 1.0
430039421.4352855 1.0
429874494.2376652 1.0
429709693.4961375 1.0
429545019.06532025 1.0
429380470.8000536 1.0
429216048.55540025 1.0
429051752.18664473 1.0
428887581.54929304 1.0
428723536.49907243 1.0
428559616.89193064 1.0
428395822.58403563 1.0
428232153.4317752 1.0
428068609.29175663 1.0
427905190.02080584 1.0
427741895.4759679 1.0
427578725.5145053 1.0
427415679.9938988 1.0
427252758.77184623 1.0
427089961.70626223 1.0
426927288.65527815 1.0
426764739.47724116 1.0
426602314.03071415 1.0
426440012.17447543 1.0
426277833.767518 1.0
426115778.66904896 1.0
425953846.73849016 1.0
425792037.83547646 1.0
425630351.8198561 1.0
425468788.5516901 1.0
425307347.891252 1.0
425146029.6990271 1.0
424984833.8357125 1.0
424823760.16221637 1.0
424662808.5396579 1.0
424501978.8293662 1.0
424341270.89288074 1.0
424180684.59195065 1.0
424020219.7885339 1.0
423859876.3447976 1.0
423699654.123117 1.0
423539552.9860757 1.0
423379572.7964645 1.0
423219713.4172818 1.0
423059974.71173257 1.0
422900356.5432285 1.0
422740858.77538705 1.0
422581481.2720315 1.0
422422223.89719045 1.0
422263086.5150973 1.0
422104068.99018997 1.0
421945171.1871106 1.0
421786392.970705 1.0
421627734.2060223 1.0
421469194.75831467 1.0
421310774.49303687 1.0
421152473.2758459 1.0
420994290.9726004 1.0
420836227.4493607 1.0
420678282.5723883 1.0
420520456.20814496 1.0
420362748.2232931 1.0
420205158.48469514 1.0
420047686.8594127 1.0
419890333.21470714 1.0
419733097.4180382 1.0
419575979.3370641 1.0
419418978.8396415 1.0
419262095.7938245 1.0
419105330.06786436 1.0
418948681.5302099 1.0
418792150.0495059 1.0
418635735.49459374 1.0
418479437.73451066 1.0
418323256.6384892 1.0
418167192.0759574 1.0
418011243.9165377 1.0
417855412.0300471 1.0
417699696.2864969 1.0
417544096.55609155 1.0
417388612.7092293 1.0
417233244.61650133 1.0
417077992.1486911 1.0
416922855.17677474 1.0
416767833.5719199 1.0
416612927.205486 1.0
416458135.9490238 1.0
416303459.6742744 1.0
416148898.25316966 1.0
415994451.5578318 1.0
415840119.4605725 1.0
415685901.83389264 1.0
415531798.55048287 1.0
415377809.4832218 1.0
415223934.505177 1.0
415070173.4896035 1.0
414916526.3099446 1.0
414762992.8398305 1.0
414609572.9530785 1.0
414456266.52369237 1.0
414303073.4258626 1.0
414149993.5339652 1.0
413997026.7225618 1.0
413844172.86639965 1.0
413691431.84041035 1.0
413538803.5197108 1.0
413386287.7796013 1.0
413233884.4955667 1.0
413081593.5432752 1.0
412929414.798578 1.0
412777348.1375094 1.0
412625393.43628633 1.0
412473550.5713076 1.0
412321819.4191543 1.0
412170199.85658866 1.0
412018691.7605543 1.0
411867295.0081758 1.0
411716009.476758 1.0
411564835.04378635 1.0
411413771.5869258 1.0
411262818.984021 1.0
411111977.11309576 1.0
410961245.852353 1.0
410810625.0801737 1.0
410660114.6751177 1.0
410509714.51592225 1.0
410359424.4815025 1.0
410209244.4509506 1.0
410059174.3035358 1.0
409909213.9187039 1.0
409759363.17607707 1.0
409609621.9554533 1.0
409459990.13680613 1.0
409310467.6002849 1.0
409161054.2262133 1.0
409011749.8950902 1.0
408862554.48758864 1.0
408713467.88455576 1.0
408564489.96701235 1.0
408415620.6161526 1.0
408266859.71334386 1.0
408118207.14012635 1.0
407969662.7782125 1.0
407821226.50948715 1.0
407672898.2160069 1.0
407524677.7799996 1.0
407376565.08386487 1.0
407228560.0101727 1.0
407080662.44166404 1.0
406932872.26125 1.0
406785189.35201144 1.0
406637613.59719926 1.0
406490144.8802336 1.0
406342783.0847033 1.0
406195528.0943666 1.0
406048379.79314965 1.0
405901338.0651469 1.0
405754402.79462075 1.0
405607573.86600083 1.0
405460851.1638843 1.0
405314234.5730352 1.0
405167723.97838384 1.0
405021319.26502734 1.0
404875020.31822866 1.0
404728827.02341616 1.0
404582739.26618415 1.0
404436756.93229175 1.0
404290879.90766287 1.0
404145108.0783862 1.0
403999441.33071417 1.0
403853879.5510638 1.0
403708422.62601525 1.0
403563070.4423121 1.0
403417822.8868614 1.0
403272679.8467323 1.0
403127641.20915675 1.0
402982706.86152905 1.0
402837876.69140506 1.0
402693150.5865024 1.0
402548528.4346999 1.0
402404010.1240374 1.0
402259595.5427156 1.0
402115284.5790956 1.0
401971077.12169844 1.0
401826973.05920523 1.0
401682972.28045654 1.0
401539074.6744523 1.0
401395280.1303515 1.0
401251588.5374716 1.0
401107999.7852887 1.0
400964513.76343703 1.0
400821130.3617086 1.0
400677849.4700531 1.0
400534670.9785775 1.0
400391594.7775456 1.0
400248620.7573783 1.0
400105748.80865264 1.0
399962978.82210207 1.0
399820310.6886158 1.0
399677744.2992387 1.0
399535279.545171 1.0
399392916.31776804 1.0
399250654.50853974 1.0
399108494.0091509 1.0
398966434.7114204 1.0
398824476.5073209 1.0
398682619.288979 1.0
398540862.9486746 1.0
398399207.3788409 1.0
398257652.4720638 1.0
398116198.1210819 1.0
397974844.21878606 1.0
397833590.65821934 1.0
397692437.33257633 1.0
397551384.13520366 1.0
397410430.95959866 1.0
397269577.69940984 1.0
397128824.2484366 1.0
396988170.50062865 1.0
396847616.35008585 1.0
396707161.69105804 1.0
396566806.4179448 1.0
396426550.4252949 1.0
396286393.60780644 1.0
396146335.8603262 1.0
396006377.0778498 1.0
395866517.15552104 1.0
395726755.9886317 1.0
395587093.47262174 1.0
395447529.5030782 1.0
395308063.9757358 1.0
395168696.7864761 1.0
395029427.8313274 1.0
394890257.0064648 1.0
394751184.2082094 1.0
394612209.33302814 1.0
394473332.27753437 1.0
394334552.93848616 1.0
394195871.2127873 1.0
394057286.99748635 1.0
393918800.18977666 1.0
393780410.6869961 1.0
393642118.3866266 1.0
393503923.18629426 1.0
393365824.9837688 1.0
393227823.67696327 1.0
393089919.1639341 1.0
392952111.34288067 1.0
392814400.11214495 1.0
392676785.3702114 1.0
392539267.01570684 1.0
392401844.94739974 1.0
392264519.0642006 1.0
392127289.2651612 1.0
391990155.4494745 1.0
391853117.51647466 1.0
391716175.3656363 1.0
391579328.89657456 1.0
391442578.00904506 1.0
391305922.602943 1.0
391169362.5783036 1.0
391032897.8353015 1.0
390896528.27425057 1.0
390760253.79560393 1.0
390624074.299953 1.0
390487989.688028 1.0
390351999.86069757 1.0
390216104.71896815 1.0
390080304.163984 1.0
389944598.09702724 1.0
389808986.419517 1.0
389673469.03300947 1.0
389538045.83919793 1.0
389402716.7399121 1.0
389267481.6371182 1.0
389132340.4329185 1.0
388997293.029551 1.0
388862339.3293899 1.0
388727479.2349443 1.0
388592712.6488585 1.0
388458039.47391224 1.0
388323459.61301947 1.0
388188972.9692289 1.0
388054579.4457235 1.0
387920278.9458201 1.0
387786071.3729696 1.0
387651956.6307562 1.0
387517934.6228975 1.0
387384005.2532444 1.0
387250168.42578036 1.0
387116424.0446217 1.0
386982772.01401716 1.0
386849212.2383475 1.0
386715744.6221256 1.0
386582369.06999606 1.0
386449085.4867348 1.0
386315893.77724934 1.0
386182793.8465779 1.0
386049785.59988976 1.0
385916868.9424848 1.0
385784043.77979314 1.0
385651310.0173751 1.0
385518667.5609211 1.0
385386116.3162509 1.0
385253656.1893141 1.0
385121287.0861894 1.0
384989008.9130845 1.0
384856821.5763361 1.0
384724724.9824092 1.0
384592719.03789735 1.0
384460803.64952236 1.0
384328978.7241338 1.0
384197244.1687089 1.0
384065599.8903528 1.0
383934045.7962972 1.0
383802581.7939016 1.0
383671207.79065186 1.0
383539923.6941607 1.0
383408729.41216713 1.0
383277624.8525364 1.0
383146609.9232596 1.0
383015684.532454 1.0
382884848.58836186 1.0
382754101.99935114 1.0
382623444.67391485 1.0
382492876.52067083 1.0
382362397.44836175 1.0
382232007.36585444 1.0
382101706.18214047 1.0
381971493.8063351 1.0
381841370.14767754 1.0
381711335.1155306 1.0
381581388.6193808 1.0
381451530.5688373 1.0
381321760.8736328 1.0
381192079.4436225 1.0
381062486.1887844 1.0
380932981.0192187 1.0
380803563.84514767 1.0
380674234.57691586 1.0
380544993.1249894 1.0
380415839.3999559 1.0
380286773.3125244 1.0
380157794.7735251 1.0
380028903.693909 1.0
379900099.98474807 1.0
379771383.5572346 1.0
379642754.3226811 1.0
379514212.1925206 1.0
379385757.0783056 1.0
379257388.8917085 1.0
379129107.54452133 1.0
379000912.94865507 1.0
378872805.01614016 1.0
378744783.6591258 1.0
378616848.7898799 1.0
378489000.3207888 1.0
378361238.1643572 1.0
378233562.2332079 1.0
378105972.44008166 1.0
377978468.69783676 1.0
377851050.91944915 1.0
377723719.0180121 1.0
377596472.90673584 1.0
377469312.4989476 1.0
377342237.7080914 1.0
377215248.4477275 1.0
377088344.6315329 1.0
376961526.1733004 1.0
376834792.9869388 1.0
376708144.98647267 1.0
376581582.0860421 1.0
376455104.1999026 1.0
376328711.2424248 1.0
376202403.1280941 1.0
376076179.771511 1.0
375950041.08739036 1.0
375823986.9905614 1.0
375698017.3959678 1.0
375572132.21866673 1.0
375446331.3738297 1.0
375320614.7767416 1.0
375194982.3428007 1.0
375069433.9875186 1.0
374943969.6265199 1.0
374818589.1755421 1.0
374693292.5504354 1.0
374568079.66716236 1.0
374442950.4417979 1.0
374317904.7905292 1.0
374192942.62965494 1.0
374068063.8755861 1.0
373943268.44484484 1.0
373818556.25406456 1.0
373693927.2199903 1.0
373569381.2594778 1.0
373444918.2894934 1.0
373320538.2271145 1.0
373196240.98952866 1.0
373072026.4940338 1.0
372947894.65803796 1.0
372823845.3990587 1.0
372699878.6347238 1.0
372575994.2827702 1.0
372452192.2610444 1.0
372328472.48750186 1.0
372204834.88020724 1.0
372081279.3573337 1.0
371957805.8371634 1.0
371834414.2380865 1.0
371711104.4786019 1.0
371587876.4773161 1.0
371464730.1529437 1.0
371341665.42430717 1.0
371218682.21033627 1.0
371095780.4300684 1.0
370972960.00264776 1.0
370850220.84732586 1.0
370727562.88346094 1.0
370604986.03051794 1.0
370482490.2080682 1.0
370360075.33578944 1.0
370237741.3334655 1.0
370115488.1209859 1.0
369993315.6183466 1.0
369871223.74564826 1.0
369749212.42309785 1.0
369627281.57100695 1.0
369505431.10979253 1.0
369383660.95997626 1.0
369261971.0421848 1.0
369140361.27714926 1.0
369018831.5857051 1.0
368897381.88879204 1.0
368776012.1074536 1.0
368654722.16283774 1.0
368533511.9761955 1.0
368412381.46888196 1.0
368291330.5623552 1.0
368170359.1781767 1.0
368049467.2380108 1.0
367928654.6636249 1.0
367807921.3768888 1.0
367687267.2997753 1.0
367566692.35435903 1.0
367446196.4628169 1.0
367325779.54742825 1.0
367205441.5305738 1.0
367085182.3347361 1.0
366965001.8824993 1.0
366844900.09654886 1.0
366724876.8996712 1.0
366604932.2147541 1.0
366485065.96478605 1.0
366365278.07285625 1.0
366245568.4621543 1.0
366125937.0559702 1.0
366006383.77769434 1.0
365886908.55081683 1.0
365767511.298928 1.0
365648191.9457176 1.0
365528950.41497505 1.0
365409786.63058895 1.0
365290700.51654744 1.0
365171691.9969375 1.0
365052760.9959452 1.0
364933907.4378551 1.0
364815131.24705034 1.0
364696432.3480128 1.0
364577810.66532224 1.0
364459266.1236567 1.0
364340798.6477921 1.0
364222408.1626021 1.0
364104094.5930582 1.0
363985857.86422896 1.0
363867697.90128064 1.0
363749614.62947637 1.0
363631607.9741764 1.0
363513677.86083764 1.0
363395824.21501404 1.0
363278046.96235555 1.0
363160346.0286089 1.0
363042721.33961684 1.0
362925172.8213181 1.0
362807700.39974755 1.0
362690304.0010354 1.0
362572983.5514079 1.0
362455738.9771864 1.0
362338570.2047876 1.0
362221477.1607232 1.0
362104459.77160025 1.0
361987517.96412015 1.0
361870651.66507936 1.0
361753860.8013684 1.0
361637145.29997253 1.0
361520505.0879711 1.0
361403940.09253734 1.0
361287450.2409386 1.0
361171035.4605359 1.0
361054695.6787837 1.0
360938430.8232301 1.0
360822240.8215165 1.0
360706125.6013773 1.0
360590085.09064007 1.0
360474119.2172249 1.0
360358227.90914494 1.0
360242411.0945058 1.0
360126668.70150524 1.0
360011000.65843356 1.0
359895406.89367306 1.0
359779887.33569795 1.0
359664441.91307414 1.0
359549070.5544596 1.0
359433773.1886033 1.0
359318549.74434596 1.0
359203400.1506193 1.0
359088324.33644617 1.0
358973322.23094046 1.0
358858393.76330656 1.0
358743538.8628398 1.0
358628757.4589259 1.0
358514049.48104084 1.0
358399414.8587507 1.0
358284853.52171206 1.0
358170365.39967084 1.0
358055950.42246324 1.0
357941608.5200147 1.0
357827339.6223403 1.0
357713143.6595446 1.0
357599020.56182104 1.0
357484970.25945234 1.0
357370992.6828102 1.0
357257087.76235473 1.0
357143255.4286351 1.0
357029495.6122887 1.0
356915808.24404144 1.0
356802193.2547072 1.0
356688650.57518816 1.0
356575180.13647425 1.0
356461781.86964333 1.0
356348455.70586085 1.0
356235201.5763797 1.0
356122019.4125403 1.0
356008909.14577013 1.0
355895870.70758384 1.0
355782904.02958304 1.0
355670009.0434562 1.0
355557185.6809783 1.0
355444433.87401104 1.0
355331753.55450237 1.0
355219144.6544867 1.0
355106607.10608435 1.0
354994140.84150183 1.0
354881745.7930314 1.0
354769421.8930511 1.0
354657169.07402426 1.0
354544987.26850015 1.0
354432876.40911317 1.0
354320836.4285827 1.0
354208867.2597134 1.0
354096968.8353946 1.0
353985141.08860075 1.0
353873383.95239073 1.0
353761697.3599078 1.0
353650081.24437994 1.0
353538535.5391191 1.0
353427060.1775213 1.0
353315655.0930668 1.0
353204320.21931964 1.0
353093055.4899274 1.0
352981860.8386213 1.0
352870736.19921607 1.0
352759681.5056098 1.0
352648696.6917837 1.0
352537781.691802 1.0
352426936.439812 1.0
352316160.8700435 1.0
352205454.9168094 1.0
352094818.5145047 1.0
351984251.59760714 1.0
351873754.10067654 1.0
351763325.95835495 1.0
351652967.10536635 1.0
351542677.4765167 1.0
351432457.00669396 1.0
351322305.6308671 1.0
351212223.2840872 1.0
351102209.90148634 1.0
350992265.41827804 1.0
350882389.76975685 1.0
350772582.89129853 1.0
350662844.7183595 1.0
350553175.18647677 1.0
350443574.2312683 1.0
350334041.78843236 1.0
350224577.7937477 1.0
350115182.1830733 1.0
350005854.89234805 1.0
349896595.85759103 1.0
349787405.01490116 1.0
349678282.300457 1.0
349569227.6505169 1.0
349460241.0014186 1.0
349351322.2895791 1.0
349242471.4514948 1.0
349133688.42374116 1.0
349024973.14297277 1.0
348916325.5459229 1.0
348807745.56940365 1.0
348699233.1503056 1.0
348590788.2255982 1.0
348482410.7323291 1.0
348374100.60762405 1.0
348265857.7886871 1.0
348157682.2128004 1.0
348049573.8173237 1.0
347941532.53969485 1.0
347833558.31742924 1.0
347725651.08811986 1.0
347617810.789437 1.0
347510037.3591282 1.0
347402330.7350183 1.0
347294690.8550094 1.0
347187117.65708005 1.0
347079611.0792859 1.0
346972171.05975944 1.0
346864797.53670955 1.0
346757490.4484214 1.0
346650249.73325706 1.0
346543075.3296542 1.0
346435967.176127 1.0
346328925.2112654 1.0
346221949.3737354 1.0
346115039.6022788 1.0
346008195.83571285 1.0
345901418.01293033 1.0
345794706.07289946 1.0
345688059.95466393 1.0
345581479.5973423 1.0
345474964.9401285 1.0
345368515.9222912 1.0
345262132.48317397 1.0
345155814.56219494 1.0
345049562.0988471 1.0
344943375.03269786 1.0
344837253.3033888 1.0
344731196.8506359 1.0
344625205.61422926 1.0
344519279.5340331 1.0
344413418.54998535 1.0
344307622.60209805 1.0
344201891.6304565 1.0
344096225.5752199 1.0
343990624.37662077 1.0
343885087.97496504 1.0
343779616.31063193 1.0
343674209.3240737 1.0
343568866.95581543 1.0
343463589.14645547 1.0
343358375.83666474 1.0
343253226.96718675 1.0
343148142.47883785 1.0
343043122.3125067 1.0
342938166.40915424 1.0
342833274.7098136 1.0
342728447.1555902 1.0
342623683.6876614 1.0
342518984.24727654 1.0
342414348.7757565 1.0
342309777.214494 1.0
342205269.50495344 1.0
342100825.5886706 1.0
341996445.4072526 1.0
341892128.90237767 1.0
341787876.0157954 1.0
341683686.6893261 1.0
341579560.8648615 1.0
341475498.4843638 1.0
341371499.48986584 1.0
341267563.82347125 1.0
341163691.4273539 1.0
341059882.24375844 1.0
340956136.2149995 1.0
340852453.2834618 1.0
340748833.39160043 1.0
340645276.48194015 1.0
340541782.49707574 1.0
340438351.37967163 1.0
340334983.072462 1.0
340231677.51825047 1.0
340128434.6599099 1.0
340025254.4403828 1.0
339922136.8026808 1.0
339819081.6898846 1.0
339716089.0451439 1.0
339613158.8116772 1.0
339510290.932772 1.0
339407485.3517842 1.0
339304742.0121388 1.0
339202060.8573287 1.0
339099441.83091563 1.0
338996884.8765293 1.0
338894389.9378676 1.0
338791956.95869666 1.0
338689585.88285065 1.0
338587276.65423125 1.0
338485029.2168084 1.0
338382843.51461905 1.0
338280719.4917684 1.0
338178657.09242857 1.0
338076656.2608394 1.0
337974716.9413078 1.0
337872839.0782077 1.0
337771022.6159803 1.0
337669267.4991338 1.0
337567573.6722432 1.0
337465941.07995003 1.0
337364369.6669627 1.0
337262859.37805593 1.0
337161410.1580712 1.0
337060021.9519162 1.0
336958694.7045649 1.0
336857428.3610573 1.0
336756222.8664995 1.0
336655078.1660635 1.0
336553994.2049873 1.0
336452970.9285747 1.0
336352008.28219473 1.0
336251106.2112826 1.0
336150264.66133845 1.0
336049483.57792795 1.0
335948762.90668225 1.0
335848102.5932973 1.0
335747502.5835343 1.0
335646962.8232194 1.0
335546483.2582436 1.0
335446063.8345628 1.0
335345704.49819744 1.0
335245405.1952325 1.0
335145165.8718175 1.0
335044986.4741664 1.0
334944866.94855744 1.0
334844807.2413329 1.0
334744807.2988995 1.0
334644867.06772757 1.0
334544986.4943515 1.0
334445165.52536964 1.0
334345404.1074438 1.0
334245702.18729967 1.0
334146059.7117262 1.0
334046476.62757605 1.0
333946952.88176495 1.0
333847488.42127204 1.0
333748083.1931397 1.0
333648737.1444731 1.0
333549450.2224405 1.0
333450222.37427294 1.0
333351053.54726464 1.0
333251943.6887719 1.0
333152892.7462141 1.0
333053900.6670728 1.0
332954967.39889205 1.0
332856092.88927823 1.0
332757277.0859 1.0
332658519.9364881 1.0
332559821.3888353 1.0
332461181.39079624 1.0
332362599.89028746 1.0
332264076.83528733 1.0
332165612.1738357 1.0
332067205.8540343 1.0
331968857.82404596 1.0
331870568.03209525 1.0
331772336.4264678 1.0
331674162.95551044 1.0
331576047.56763154 1.0
331477990.2112999 1.0
331379990.83504564 1.0
331282049.3874595 1.0
331184165.8171933 1.0
331086340.07295924 1.0
330988572.1035302 1.0
330890861.8577396 1.0
330793209.28448117 1.0
330695614.3327089 1.0
330598076.9514371 1.0
330500597.08974034 1.0
330403174.6967531 1.0
330305809.72166973 1.0
330208502.1137445 1.0
330111251.82229155 1.0
330014058.79668474 1.0
329916922.98635745 1.0
329819844.34080243 1.0
329722822.80957216 1.0
329625858.34227824 1.0
329528950.8885916 1.0
329432100.3982424 1.0
329335306.8210199 1.0
329238570.10677207 1.0
329141890.205406 1.0
329045267.06688774 1.0
328948700.64124197 1.0
328852190.87855184 1.0
328755737.72895926 1.0
328659341.14266443 1.0
328563001.0699263 1.0
328466717.4610617 1.0
328370490.26644593 1.0
328274319.4365125 1.0
328178204.92175263 1.0
328082146.67271584 1.0
327986144.64000934 1.0
327890198.7742983 1.0
327794309.02630544 1.0
327698475.3468111 1.0
327602697.68665326 1.0
327506975.99672747 1.0
327411310.22798634 1.0
327315700.3314401 1.0
327220146.2581559 1.0
327124647.9592582 1.0
327029205.38592833 1.0
326933818.48940474 1.0
326838487.2209829 1.0
326743211.5320147 1.0
326647991.373909 1.0
326552826.6981311 1.0
326457717.456203 1.0
326362663.599703 1.0
326267665.080266 1.0
326172721.84958315 1.0
326077833.85940164 1.0
325983001.0615248 1.0
325888223.40781224 1.0
325793500.8501795 1.0
325698833.34059775 1.0
325604220.83109415 1.0
325509663.27375156 1.0
325415160.6207087 1.0
325320712.8241594 1.0
325226319.83635336 1.0
325131981.60959554 1.0
325037698.0962462 1.0
324943469.2487208 1.0
324849295.0194901 1.0
324755175.3610801 1.0
324661110.22607136 1.0
324567099.56709963 1.0
324473143.33685535 1.0
324379241.488084 1.0
324285393.9735856 1.0
324191600.7462147 1.0
324097861.75888044 1.0
324004176.96454644 1.0
323910546.31623054 1.0
323816969.76700515 1.0
323723447.2699967 1.0
323629978.77838576 1.0
323536564.2454069 1.0
323443203.6243489 1.0
323349896.86855423 1.0
323256643.9314193 1.0
323163444.7663942 1.0
323070299.3269827 1.0
322977207.56674206 1.0
322884169.4392833 1.0
322791184.8982706 1.0
322698253.89742184 1.0
322605376.3905079 1.0
322512552.33135283 1.0
322419781.67383397 1.0
322327064.37188166 1.0
322234400.37947935 1.0
322141789.65066314 1.0
322049232.1395222 1.0
321956727.80019814 1.0
321864276.5868857 1.0
321771878.4538317 1.0
321679533.35533583 1.0
321587241.24575025 1.0
321495002.07947916 1.0
321402815.81097937 1.0
321310682.3947598 1.0
321218601.7853816 1.0
321126573.9374579 1.0
321034598.80565387 1.0
320942676.3446864 1.0
320850806.5093246 1.0
320758989.25438905 1.0
320667224.5347523 1.0
320575512.30533826 1.0
320483852.5211226 1.0
320392245.13713217 1.0
320300690.1084456 1.0
320209187.3901927 1.0
320117736.9375544 1.0
320026338.7057631 1.0
319934992.650102 1.0
319843698.72590566 1.0
319752456.8885592 1.0
319661267.0934991 1.0
319570129.2962124 1.0
319479043.4522368 1.0
319388009.5171608 1.0
319297027.4466236 1.0
319206097.1963149 1.0
319115218.7219747 1.0
319024391.97939354 1.0
318933616.9244121 1.0
318842893.5129215 1.0
318752221.700863 1.0
318661601.44422805 1.0
318571032.6990578 1.0
318480515.42144376 1.0
318390049.5675269 1.0
318299635.0934984 1.0
318209271.95559907 1.0
318118960.11011934 1.0
318028699.51339924 1.0
317938490.1218284 1.0
317848331.8918459 1.0
317758224.7799402 1.0
317668168.7426491 1.0
317578163.73655957 1.0
317488209.71830785 1.0
317398306.6445794 1.0
317308454.47210854 1.0
317218653.1576787 1.0
317128902.6581222 1.0
317039202.9303201 1.0
316949553.93120223 1.0
316859955.61774725 1.0
316770407.9469824 1.0
316680910.87598354 1.0
316591464.36187494 1.0
316502068.36182916 1.0
316412722.83306754 1.0
316323427.7328592 1.0
316234183.0185219 1.0
316144988.6474213 1.0
316055844.57697135 1.0
315966750.7646337 1.0
315877707.1679183 1.0
315788713.7443829 1.0
315699770.4516329 1.0
315610877.24732155 1.0
315522034.0891498 1.0
315433240.93486613 1.0
315344497.7422667 1.0
315255804.4691952 1.0
315167161.0735425 1.0
315078567.5132469 1.0
314990023.746294 1.0
314901529.7307168 1.0
314813085.4245952 1.0
314724690.7860562 1.0
314636345.773274 1.0
314548050.34446955 1.0
314459804.4579108 1.0
314371608.07191235 1.0
314283461.14483595 1.0
314195363.63508946 1.0
314107315.50112796 1.0
314019316.7014526 1.0
313931367.19461125 1.0
313843466.9391984 1.0
313755615.8938544 1.0
313667814.0172663 1.0
313580061.26816714 1.0
313492357.6053363 1.0
313404702.9875994 1.0
313317097.3738277 1.0
313229540.7229387 1.0
313142032.99389577 1.0
313054574.14570796 1.0
312967164.13743037 1.0
312879802.92816365 1.0
312792490.47705424 1.0
312705226.743294 1.0
312618011.6861203 1.0
312530845.26481616 1.0
312443727.4387099 1.0
312356658.1671753 1.0
312269637.409631 1.0
312182665.1255413 1.0
312095741.2744156 1.0
312008865.8158081 1.0
311922038.70931834 1.0
311835259.9145906 1.0
311748529.3913141 1.0
311661847.09922284 1.0
311575212.9980958 1.0
311488627.0477566 1.0
311402089.20807344 1.0
311315599.43895906 1.0
311229157.70037067 1.0
311142763.95231026 1.0
311056418.15482384 1.0
310970120.26800203 1.0
310883870.25197965 1.0
310797668.06693566 1.0
310711513.6730932 1.0
310625407.0307195 1.0
310539348.100126 1.0
310453336.84166795 1.0
310367373.21574444 1.0
310281457.1827983 1.0
310195588.70331675 1.0
310109767.73783004 1.0
310023994.24691254 1.0
309938268.19118196 1.0
309852589.5312997 1.0
309766958.22797054 1.0
309681374.24194276 1.0
309595837.53400815 1.0
309510348.0650016 1.0
309424905.7958012 1.0
309339510.6873284 1.0
309254162.7005477 1.0
309168861.79646665 1.0
309083607.9361359 1.0
308998401.08064896 1.0
308913241.19114226 1.0
308828128.228795 1.0
308743062.15482926 1.0
308658042.93050987 1.0
308573070.5171441 1.0
308488144.876082 1.0
308403265.968716 1.0
308318433.75648123 1.0
308233648.2008552 1.0
308148909.2633576 1.0
308064216.9055505 1.0
307979571.08903825 1.0
307894971.77546734 1.0
307810418.92652655 1.0
307725912.5039465 1.0
307641452.46950006 1.0
307557038.7850019 1.0
307472671.4123085 1.0
307388350.31331843 1.0
307304075.4499719 1.0
307219846.78425086 1.0
307135664.27817893 1.0
307051527.8938213 1.0
306967437.59328485 1.0
306883393.3387178 1.0
306799395.09231 1.0
306715442.8162925 1.0
306631536.4729377 1.0
306547676.0245593 1.0
306463861.4335124 1.0
306380092.662193 1.0
306296369.6730383 1.0
306212692.4285266 1.0
306129060.891177 1.0
306045475.02354985 1.0
305961934.78824604 1.0
305878440.14790756 1.0
305794991.0652171 1.0
305711587.5028979 1.0
305628229.42371404 1.0
305544916.79047006 1.0
305461649.56601125 1.0
305378427.7132232 1.0
305295251.19503194 1.0
305212119.974404 1.0
305129034.0143462 1.0
305045993.2779055 1.0
304962997.7281693 1.0
304880047.3282651 1.0
304797142.04136026 1.0
304714281.83066237 1.0
304631466.6594192 1.0
304548696.4909182 1.0
304465971.2884869 1.0
304383291.01549244 1.0
304300655.6353419 1.0
304218065.1114821 1.0
304135519.40739936 1.0
304053018.4866199 1.0
303970562.31270933 1.0
303888150.8492728 1.0
303805784.05995476 1.0
303723461.90843934 1.0
303641184.35844994 1.0
303558951.3737492 1.0
303476762.91813886 1.0
303394618.9554602 1.0
303312519.44959337 1.0
303230464.3644578 1.0
303148453.6640117 1.0
303066487.31225246 1.0
302984565.27321637 1.0
302902687.5109784 1.0
302820853.98965263 1.0
302739064.67339194 1.0
302657319.5263876 1.0
302575618.5128697 1.0
302493961.597107 1.0
302412348.7434068 1.0
302330779.91611487 1.0
302249255.0796155 1.0
302167774.1983313 1.0
302086337.2367233 1.0
302004944.15929085 1.0
301923594.93057144 1.0
301842289.5151409 1.0
301761027.8776131 1.0
301679809.9826401 1.0
301598635.7949118 1.0
301517505.2791564 1.0
301436418.4001398 1.0
301355375.122666 1.0
301274375.41157657 1.0
301193419.2317511 1.0
301112506.54810673 1.0
301031637.32559854 1.0
300950811.5292191 1.0
300870029.12399846 1.0
300789290.0750044 1.0
300708594.347342 1.0
300627941.90615404 1.0
300547332.71662045 1.0
300466766.7439585 1.0
300386243.95342296 1.0
300305764.31030554 1.0
300225327.7799355 1.0
300144934.32767874 1.0
300064583.9189388 1.0
299984276.5191559 1.0
299904012.0938073 1.0
299823790.6084072 1.0
299743612.0285068 1.0
299663476.31969416 1.0
299583383.44759387 1.0
299503333.37786746 1.0
299423326.0762131 1.0
299343361.5083657 1.0
299263439.6400966 1.0
299183560.4372139 1.0
299103723.8655619 1.0
299023929.89102167 1.0
298944178.47951037 1.0
298864469.5969817 1.0
298784803.2094257 1.0
298705179.2828685 1.0
298625597.78337264 1.0
298546058.6770366 1.0
298466561.92999506 1.0
298387107.50841886 1.0
298307695.3785147 1.0
298228325.50652534 1.0
298148997.85872936 1.0
298069712.4014413 1.0
297990469.1010115 1.0
297911267.9238262 1.0
297832108.8363071 1.0
297752991.8049118 1.0
297673916.7961333 1.0
297594883.7765004 1.0
297515892.71257746 1.0
297436943.57096416 1.0
297358036.3182958 1.0
297279170.92124283 1.0
297200347.3465113 1.0
297121565.5608424 1.0
297042825.5310128 1.0
296964127.2238339 1.0
296885470.60615295 1.0
296806855.6448516 1.0
296728282.30684716 1.0
296649750.5590917 1.0
296571260.3685722 1.0
296492811.7023106 1.0
296414404.5273638 1.0
296336038.8108237 1.0
296257714.5198165 1.0
296179431.6215038 1.0
296101190.0830813 1.0
296022989.8717797 1.0
295944830.9548641 1.0
295866713.2996344 1.0
295788636.8734249 1.0
295710601.64360434 1.0
295632607.57757586 1.0
295554654.6427771 1.0
295476742.80667996 1.0
295398872.03679055 1.0
295321042.30064946 1.0
295243253.56583124 1.0
295165505.7999447 1.0
295087798.97063273 1.0
295010133.04557234 1.0
294932507.99247456 1.0
294854923.7790843 1.0
294777380.3731805 1.0
294699877.74257576 1.0
294622415.855117 1.0
294544994.6786845 1.0
294467614.18119246 1.0
294390274.33058876 1.0
294312975.0948549 1.0
294235716.4420061 1.0
294158498.34009105 1.0
294081320.75719213 1.0
294004183.66142505 1.0
293927087.02093905 1.0
293850030.8039167 1.0
293773014.9785739 1.0
293696039.5131601 1.0
293619104.3759578 1.0
293542209.5352826 1.0
293465354.95948374 1.0
293388540.616943 1.0
293311766.4760758 1.0
293235032.5053303 1.0
293158338.67318785 1.0
293081684.94816256 1.0
293005071.2988014 1.0
292928497.6936847 1.0
292851964.1014252 1.0
292775470.49066854 1.0
292699016.83009315 1.0
292622603.08840996 1.0
292546229.234363 1.0
292469895.2367285 1.0
292393601.0643154 1.0
292317346.6859654 1.0
292241132.07055235 1.0
292164957.18698275 1.0
292088822.00419545 1.0
292012726.4911618 1.0
291936670.61688524 1.0
291860654.35040164 1.0
291784677.6607791 1.0
291708740.517118 1.0
291632842.88855064 1.0
291556984.7442417 1.0
291481166.0533878 1.0
291405386.7852176 1.0
291329646.9089917 1.0
291253946.39400274 1.0
291178285.20957536 1.0
291102663.3250659 1.0
291027080.70986253 1.0
290951537.3333852 1.0
290876033.16508585 1.0
290800568.1744477 1.0
290725142.33098596 1.0
290649755.60424745 1.0
290574407.9638103 1.0
290499099.37928444 1.0
290423829.8203111 1.0
290348599.25656337 1.0
290273407.6577452 1.0
290198254.99359214 1.0
290123141.2338713 1.0
290048066.34838074 1.0
289973030.30695003 1.0
289898033.0794398 1.0
289823074.63574195 1.0
289748154.9457794 1.0
289673273.97950613 1.0
289598431.7069074 1.0
289523628.09799945 1.0
289448863.1228292 1.0
289374136.7514748 1.0
289299448.9540451 1.0
289224799.7006799 1.0
289150188.9615499 1.0
289075616.7068563 1.0
289001082.9068313 1.0
288926587.5317378 1.0
288852130.551869 1.0
288777711.9375491 1.0
288703331.6591328 1.0
288628989.68700516 1.0
288554685.9915818 1.0
288480420.543309 1.0
288406193.3126632 1.0
288332004.2701514 1.0
288257853.38631076 1.0
288183740.63170886 1.0
288109665.97694355 1.0
288035629.39264286 1.0
287961630.84946495 1.0
287887670.3180983 1.0
287813747.7692614 1.0
287739863.17370266 1.0
287666016.5022007 1.0
287592207.7255641 1.0
287518436.81463146 1.0
287444703.74027103 0.0
287371008.4733813 0.0
287297350.9848902 0.0
287223731.24575585 0.0
287150149.22696584 0.0
287076604.89953774 0.0
287003098.23451847 0.0
286929629.2029848 0.0
286856197.7760432 0.0
286782803.9248295 0.0
286709447.62050927 0.0
286636128.8342774 0.0
286562847.5373583 0.0
286489603.70100576 0.0
286416397.2965031 0.0
286343228.29516274 0.0
286270096.66832674 0.0
286197002.3873661 0.0
286123945.42368126 0.0
286050925.7487017 0.0
285977943.3338861 0.0
285904998.1507225 0.0
285832090.17072767 0.0
285759219.36544764 0.0
285686385.7064573 0.0
285613589.16536075 0.0
285540829.7137908 0.0
285468107.3234092 0.0
285395421.9659067 0.0
285322773.6130026 0.0
285250162.2364453 0.0
285177587.8080118 0.0
285105050.2995078 0.0
285032549.68276775 0.0
284960085.92965466 0.0
284887659.01206017 0.0
284815268.90190446 0.0
284742915.5711364 0.0
284670598.9917332 0.0
284598319.1357006 0.0
284526075.9750727 0.0
284453869.48191196 0.0
284381699.62830937 0.0
284309566.3863841 0.0
284237469.7282836 0.0
284165409.6261836 0.0
284093386.05228806 0.0
284021398.978829 0.0
283949448.37806684 0.0
283877534.2222898 0.0
283805656.48381424 0.0
283733815.1349846 0.0
283662010.14817345 0.0
283590241.49578106 0.0
283518509.15023583 0.0
283446813.083994 0.0
283375153.26953954 0.0
283303529.6793843 0.0
283231942.286068 0.0
283160391.0621581 0.0
283088875.98024976 0.0
283017397.01296574 0.0
282945954.1329564 0.0
282874547.3128999 0.0
282803176.5255018 0.0
282731841.74349535 0.0
282660542.9396411 0.0
282589280.08672744 0.0
282518053.1575697 0.0
282446862.12501097 0.0
282375706.9619217 0.0
282304587.64119935 0.0
282233504.13576907 0.0
282162456.41858304 0.0
282091444.4626206 0.0
282020468.24088866 0.0
281949527.7264209 0.0
281878622.8922783 0.0
281807753.7115489 0.0
281736920.15734774 0.0
281666122.20281696 0.0
281595359.82112575 0.0
281524632.9854701 0.0
281453941.66907305 0.0
281383285.84518445 0.0
281312665.48708105 0.0
281242080.56806636 0.0
281171531.06147075 0.0
281101016.9406513 0.0
281030538.17899185 0.0
280960094.74990284 0.0
280889686.6268215 0.0
280819313.7832116 0.0
280748976.1925635 0.0
280678673.82839406 0.0
280608406.6642467 0.0
280538174.6736913 0.0
280467977.83032435 0.0
280397816.1077687 0.0
280327689.4796734 0.0
280257597.91971403 0.0
280187541.4015923 0.0
280117519.8990366 0.0
280047533.38580114 0.0
279977581.8356667 0.0
279907665.22244006 0.0
279837783.5199541 0.0
279767936.7020679 0.0
279698124.7426668 0.0
279628347.6156619 0.0
279558605.2949906 0.0
279488897.754616 0.0
279419224.96852756 0.0
279349586.9107403 0.0
279279983.5552953 0.0
279210414.8762595 0.0
279140880.8477257 0.0
279071381.4438124 0.0
279001916.63866377 0.0
278932486.4064502 0.0
278863090.72136736 0.0
278793729.5576366 0.0
278724402.889505 0.0
278655110.6912454 0.0
278585852.9371559 0.0
278516629.6015604 0.0
278447440.65880835 0.0
278378286.08327436 0.0
278309165.8493588 0.0
278240079.93148726 0.0
278171028.304111 0.0
278102010.9417063 0.0
278033027.81877494 0.0
277964078.90984386 0.0
277895164.1894656 0.0
277826283.6322175 0.0
277757437.2127024 0.0
277688624.9055482 0.0
277619846.68540794 0.0
277551102.5269596 0.0
277482392.4049066 0.0
277413716.29397714 0.0
277345074.1689245 0.0
277276466.004527 0.0
277207891.7755877 0.0
277139351.4569348 0.0
277070845.02342135 0.0
277002372.44992524 0.0
276933933.7113491 0.0
276865528.78262055 0.0
276797157.63869166 0.0
276728820.2545396 0.0
276660516.6051661 0.0
276592246.6655974 0.0
276524010.4108846 0.0
276455807.8161033 0.0
276387638.85635376 0.0
276319503.50676084 0.0
276251401.7424737 0.0
276183333.53866625 0.0
276115298.8705367 0.0
276047297.7133077 0.0
275979330.04222625 0.0
275911395.83256406 0.0
275843495.0596168 0.0
275775627.69870466 0.0
275707793.72517186 0.0
275639993.1143872 0.0
275572225.8417436 0.0
275504491.88265806 0.0
275436791.21257174 0.0
275369123.8069501 0.0
275301489.6412826 0.0
275233888.6910827 0.0
275166320.9318882 0.0
275098786.3392605 0.0
275031284.88878536 0.0
274963816.55607206 0.0
274896381.3167543 0.0
274828979.14648944 0.0
274761610.0209587 0.0
274694273.91586715 0.0
274626970.8069436 0.0
274559700.6699409 0.0
274492463.4806352 0.0
274425259.21482694 0.0
274358087.84833986 0.0
274290949.3570214 0.0
274223843.7167427 0.0
274156770.9033986 0.0
274089730.8929074 0.0
274022723.6612109 0.0
273955749.18427455 0.0
273888807.43808717 0.0
273821898.39866126 0.0
273755022.0420325 0.0
273688178.3442601 0.0
273621367.2814266 0.0
273554588.829638 0.0
273487842.96502334 0.0
273421129.66373533 0.0
273354448.90194976 0.0
273287800.6558656 0.0
273221184.9017051 0.0
273154601.6157136 0.0
273088050.7741598 0.0
273021532.3533352 0.0
272955046.32955474 0.0
272888592.6791562 0.0
272822171.37850046 0.0
272755782.4039713 0.0
272689425.7319758 0.0
272623101.33894366 0.0
272556809.2013277 0.0
272490549.29560345 0.0
272424321.5982695 0.0
272358126.0858472 0.0
272291962.73488075 0.0
272225831.52193713 0.0
272159732.423606 0.0
272093665.41649985 0.0
272027630.4772537 0.0
271961627.58252555 0.0
271895656.7089959 0.0
271829717.8333677 0.0
271763810.9323668 0.0
271697935.9827413 0.0
271632092.9612621 0.0
271566281.8447225 0.0
271500502.6099383 0.0
271434755.23374784 0.0
271369039.69301164 0.0
271303355.9646129 0.0
271237704.025457 0.0
271172083.8524719 0.0
271106495.42260766 0.0
271040938.71283656 0.0
270975413.7001535 0.0
270909920.3615753 0.0
270844458.6741413 0.0
270779028.6149126 0.0
270713630.1609729 0.0
270648263.28942764 0.0
270582927.97740465 0.0
270517624.2020538 0.0
270452351.940547 0.0
270387111.17007804 0.0
270321901.8678629 0.0
270256724.0111394 0.0
270191577.5771674 0.0
270126462.5432286 0.0
270061378.8866267 0.0
269996326.5846873 0.0
269931305.61475754 0.0
269866315.95420676 0.0
269801357.5804258 0.0
269736430.47082746 0.0
269671534.6028462 0.0
269606669.9539381 0.0
269541836.50158113 0.0
269477034.2232747 0.0
269412263.09654003 0.0
269347523.09891987 0.0
269282814.2079785 0.0
269218136.4013018 0.0
269153489.65649724 0.0
269088873.9511937 0.0
269024289.2630417 0.0
268959735.56971294 0.0
268895212.84890074 0.0
268830721.07831967 0.0
268766260.235706 0.0
268701830.298817 0.0
268637431.2454313 0.0
268573063.05334914 0.0
268508725.70039165 0.0
268444419.1644014 0.0
268380143.4232422 0.0
268315898.454799 0.0
268251684.23697788 0.0
268187500.74770606 0.0
268123347.964932 0.0
268059225.8666252 0.0
267995134.4307762 0.0
267931073.63539663 0.0
267867043.45851907 0.0
267803043.8781971 0.0
267739074.87250534 0.0
267675136.4195393 0.0
267611228.4974155 0.0
267547351.08427122 0.0
267483504.1582646 0.0
267419687.69757485 0.0
267355901.68040168 0.0
267292146.08496585 0.0
267228420.88950875 0.0
267164726.07229263 0.0
267101061.61160028 0.0
267037427.48573536 0.0
266973823.67302218 0.0
266910250.1518056 0.0
266846706.90045118 0.0
266783193.89734495 0.0
266719711.12089375 0.0
266656258.54952475 0.0
266592836.16168582 0.0
266529443.93584517 0.0
266466081.85049155 0.0
266402749.8841341 0.0
266339448.01530254 0.0
266276176.22254688 0.0
266212934.48443753 0.0
266149722.77956524 0.0
266086541.0865411 0.0
266023389.38399652 0.0
265960267.65058312 0.0
265897175.86497292 0.0
265834114.005858 0.0
265771082.05195084 0.0
265708079.9819839 0.0
265645107.77470994 0.0
265582165.4089019 0.0
265519252.86335266 0.0
265456370.11687532 0.0
265393517.1483029 0.0
265330693.93648872 0.0
265267900.460306 0.0
265205136.6986478 0.0
265142402.63042736 0.0
265079698.23457772 0.0
265017023.49005193 0.0
264954378.3758229 0.0
264891762.87088346 0.0
264829176.95424634 0.0
264766620.604944 0.0
264704093.8020286 0.0
264641596.52457234 0.0
264579128.75166708 0.0
264516690.46242437 0.0
264454281.63597542 0.0
264391902.25147128 0.0
264329552.28808263 0.0
264267231.7249997 0.0
264204940.54143244 0.0
264142678.7166103 0.0
264080446.22978246 0.0
264018243.06021738 0.0
263956069.18720338 0.0
263893924.59004813 0.0
263831809.2480787 0.0
263769723.14064175 0.0
263707666.24710324 0.0
263645638.54684874 0.0
263583640.019283 0.0
263521670.64383027 0.0
263459730.39993417 0.0
263397819.26705757 0.0
263335937.22468254 0.0
263274084.25231063 0.0
263212260.3294626 0.0
263150465.43567833 0.0
263088699.55051696 0.0
263026962.65355685 0.0
262965254.7243956 0.0
262903575.7426497 0.0
262841925.68795508 0.0
262780304.5399665 0.0
262718712.27835792 0.0
262657148.8828223 0.0
262595614.33307168 0.0
262534108.6088372 0.0
262472631.68986875 0.0
262411183.55593535 0.0
262349764.1868249 0.0
262288373.56234425 0.0
262227011.66231912 0.0
262165678.46659413 0.0
262104373.9550328 0.0
262043098.10751736 0.0
261981850.90394887 0.0
261920632.32424727 0.0
261859442.34835124 0.0
261798280.95621812 0.0
261737148.12782404 0.0
261676043.8431638 0.0
261614968.0822509 0.0
261553920.82511753 0.0
261492902.05181444 0.0
261431911.74241102 0.0
261370949.87699524 0.0
261310016.4356736 0.0
261249111.3985712 0.0
261188234.74583182 0.0
261127386.45761746 0.0
261066566.51410872 0.0
261005774.89550465 0.0
260945011.58202282 0.0
260884276.55389917 0.0
260823569.7913879 0.0
260762891.27476183 0.0
260702240.98431194 0.0
260641618.90034765 0.0
260581025.00319657 0.0
260520459.2732048 0.0
260459921.69073653 0.0
260399412.2361742 0.0
260338930.88991857 0.0
260278477.6323886 0.0
260218052.4440214 0.0
260157655.3052722 0.0
260097286.19661444 0.0
260036945.0985396 0.0
259976631.9915574 0.0
259916346.8561954 0.0
259856089.67299956 0.0
259795860.42253357 0.0
259735659.0853793 0.0
259675485.64213648 0.0
259615340.07342297 0.0
259555222.3598745 0.0
259495132.4821447 0.0
259435070.42090523 0.0
259375036.15684548 0.0
259315029.6706729 0.0
259255050.94311255 0.0
259195099.95490757 0.0
259135176.68681875 0.0
259075281.11962464 0.0
259015413.2341217 0.0
258955573.01112404 0.0
258895760.43146357 0.0
258835975.4759898 0.0
258776218.12557 0.0
258716488.361089 0.0
258656786.16344947 0.0
258597111.51357147 0.0
258537464.39239293 0.0
258477844.78086916 0.0
258418252.65997306 0.0
258358688.01069507 0.0
258299150.81404325 0.0
258239641.0510431 0.0
258180158.70273754 0.0
258120703.75018713 0.0
258061276.1744696 0.0
258001875.95668033 0.0
257942503.0779321 0.0
257883157.51935488 0.0
257823839.2620962 0.0
257764548.2873208 0.0
257705284.57621077 0.0
257646048.1099656 0.0
257586838.869802 0.0
257527656.8369539 0.0
257468501.9926725 0.0
257409374.3182262 0.0
257350273.79490063 0.0
257291200.40399864 0.0
257232154.12684023 0.0
257173134.9447625 0.0
257114142.8391196 0.0
257055177.791283 0.0
256996239.78264108 0.0
256937328.79459938 0.0
256878444.80858037 0.0
256819587.8060237 0.0
256760757.76838583 0.0
256701954.67714044 0.0
256643178.51377806 0.0
256584429.25980613 0.0
256525706.89674905 0.0
256467011.40614814 0.0
256408342.7695616 0.0
256349700.9685645 0.0
256291085.98474887 0.0
256232497.79972342 0.0
256173936.39511368 0.0
256115401.75256202 0.0
256056893.8537276 0.0
255998412.68028638 0.0
255939958.21393096 0.0
255881530.4363707 0.0
255823129.3293316 0.0
255764754.87455648 0.0
255706407.05380464 0.0
255648085.84885222 0.0
255589791.24149173 0.0
255531523.2135326 0.0
255473281.74680054 0.0
255415066.82313797 0.0
255356878.42440397 0.0
255298716.53247392 0.0
255240581.1292398 0.0
255182472.1966101 0.0
255124389.7165098 0.0
255066333.6708803 0.0
255008304.04167947 0.0
254950300.81088153 0.0
254892323.96047714 0.0
254834373.47247326 0.0
254776449.3288934 0.0
254718551.5117772 0.0
254660680.00318077 0.0
254602834.78517646 0.0
254545015.83985284 0.0
254487223.14931488 0.0
254429456.69568375 0.0
254371716.46109682 0.0
254314002.4277076 0.0
254256314.57768604 0.0
254198652.89321798 0.0
254141017.35650554 0.0
254083407.94976708 0.0
254025824.6552369 0.0
253968267.4551655 0.0
253910736.3318194 0.0
253853231.26748118 0.0
253795752.2444497 0.0
253738299.24503955 0.0
253680872.25158146 0.0
253623471.24642205 0.0
253566096.21192414 0.0
253508747.13046625 0.0
253451423.98444298 0.0
253394126.7562649 0.0
253336855.42835835 0.0
253279609.98316556 0.0
253222390.40314472 0.0
253165196.67076984 0.0
253108028.76853076 0.0
253050886.67893305 0.0
252993770.38449818 0.0
252936679.86776337 0.0
252879615.11128154 0.0
252822576.0976215 0.0
252765562.8093676 0.0
252708575.22911996 0.0
252651613.33949444 0.0
252594677.12312248 0.0
252537766.56265137 0.0
252480881.6407438 0.0
252424022.34007818 0.0
252367188.64334846 0.0
252310380.5332643 0.0
252253597.99255082 0.0
252196841.00394872 0.0
252140109.55021426 0.0
252083403.61411914 0.0
252026723.17845058 0.0
251970068.22601128 0.0
251913438.7396195 0.0
251856834.7021088 0.0
251800256.09632817 0.0
251743702.9051421 0.0
251687175.11143047 0.0
251630672.6980884 0.0
251574195.6480266 0.0
251517743.94417083 0.0
251461317.5694624 0.0
251404916.50685778 0.0
251348540.7393288 0.0
251292190.24986267 0.0
251235865.02146164 0.0
251179565.0371433 0.0
251123290.2799404 0.0
251067040.732901 0.0
251010816.37908834 0.0
250954617.20158064 0.0
250898443.18347156 0.0
250842294.30786964 0.0
250786170.5578986 0.0
250730071.9166974 0.0
250673998.36741996 0.0
250617949.89323527 0.0
250561926.47732738 0.0
250505928.10289532 0.0
250449954.75315326 0.0
250394006.4113304 0.0
250338083.0606707 0.0
250282184.68443325 0.0
250226311.26589203 0.0
250170462.788336 0.0
250114639.23506898 0.0
250058840.5894098 0.0
250003066.83469203 0.0
249947317.9542642 0.0
249891593.9314896 0.0
249835894.74974644 0.0
249780220.39242777 0.0
249724570.84294134 0.0
249668946.0847097 0.0
249613346.10117024 0.0
249557770.8757751 0.0
249502220.391991 0.0
249446694.6332996 0.0
249391193.5831971 0.0
249335717.2251944 0.0
249280265.5428171 0.0
249224838.51960552 0.0
249169436.13911456 0.0
249114058.3849137 0.0
249058705.2405871 0.0
249003376.68973333 0.0
248948072.71596578 0.0
248892793.3029122 0.0
248837538.43421504 0.0
248782308.09353116 0.0
248727102.26453197 0.0
248671920.9309033 0.0
248616764.0763455 0.0
248561631.6845735 0.0
248506523.7393165 0.0
248451440.22431812 0.0
248396381.12333652 0.0
248341346.42014423 0.0
248286336.09852806 0.0
248231350.14228925 0.0
248176388.53524342 0.0
248121451.26122043 0.0
248066538.30406442 0.0
248011649.6476341 0.0
247956785.27580217 0.0
247901945.17245576 0.0
247847129.32149613 0.0
247792337.70683882 0.0
247737570.31241366 0.0
247682827.12216467 0.0
247628108.12004992 0.0
247573413.29004186 0.0
247518742.61612695 0.0
247464096.08230582 0.0
247409473.6725932 0.0
247354875.3710181 0.0
247300301.16162342 0.0
247245751.0284662 0.0
247191224.95561755 0.0
247136722.92716265 0.0
247082244.92720076 0.0
247027790.9398451 0.0
246973360.94922277 0.0
246918954.93947506 0.0
246864572.89475712 0.0
246810214.7992381 0.0
246755880.6371011 0.0
246701570.3925431 0.0
246647284.04977503 0.0
246593021.5930216 0.0
246538783.00652155 0.0
246484568.2745275 0.0
246430377.38130572 0.0
246376210.3111365 0.0
246322067.0483139 0.0
246267947.57714576 0.0
246213851.88195366 0.0
246159779.9470731 0.0
246105731.75685322 0.0
246051707.29565686 0.0
245997706.5478607 0.0
245943729.49785513 0.0
245889776.1300442 0.0
245835846.42884558 0.0
245781940.37869072 0.0
245728057.9640246 0.0
245674199.16930595 0.0
245620363.9790071 0.0
245566552.37761393 0.0
245512764.349626 0.0
245458999.87955636 0.0
245405258.95193163 0.0
245351541.551292 0.0
245297847.6621913 0.0
245244177.2691967 0.0
245190530.35688895 0.0
245136906.9098623 0.0
245083306.91272455 0.0
245029730.35009673 0.0
244976177.20661357 0.0
244922647.4669231 0.0
244869141.11568668 0.0
244815658.1375793 0.0
244762198.51728916 0.0
244708762.23951796 0.0
244655349.28898057 0.0
244601959.65040538 0.0
244548593.30853397 0.0
244495250.24812135 0.0
244441930.4539358 0.0
244388633.91075885 0.0
244335360.60338533 0.0
244282110.5166233 0.0
244228883.635294 0.0
244175679.94423205 0.0
244122499.42828518 0.0
244069342.07231432 0.0
244016207.86119366 0.0
243963096.77981043 0.0
243910008.81306508 0.0
243856943.94587126 0.0
243803902.16315567 0.0
243750883.44985813 0.0
243697887.7909315 0.0
243644915.17134193 0.0
243591965.5760684 0.0
243539038.9901031 0.0
243486135.39845118 0.0
243433254.78613085 0.0
243380397.13817325 0.0
243327562.4396227 0.0
243274750.67553633 0.0
243221961.83098438 0.0
243169195.89104992 0.0
243116452.84082898 0.0
243063732.66543064 0.0
243011035.3499767 0.0
242958360.87960204 0.0
242905709.23945433 0.0
242853080.41469413 0.0
242800474.39049485 0.0
242747891.15204278 0.0
242695330.68453702 0.0
242642792.97318947 0.0
242590278.00322482 0.0
242537785.75988054 0.0
242485316.22840703 0.0
242432869.39406717 0.0
242380445.2421369 0.0
242328043.75790465 0.0
242275664.92667168 0.0
242223308.73375186 0.0
242170975.1644719 0.0
242118664.2041711 0.0
242066375.83820146 0.0
242014110.0519276 0.0
241961866.8307267 0.0
241909646.1599888 0.0
241857448.02511624 0.0
241805272.41152424 0.0
241753119.3046404 0.0
241700988.68990502 0.0
241648880.55277085 0.0
241596794.87870327 0.0
241544731.65318018 0.0
241492690.86169195 0.0
241440672.48974144 0.0
241388676.522844 0.0
241336702.94652754 0.0
241284751.7463324 0.0
241232822.90781134 0.0
241180916.4165295 0.0
241129032.2580645 0.0
