2990000000.0 0.0
2982045227.801796 0.0
2974132669.983416 0.0
2966261991.3992724 0.0
2958432860.442098 0.0
2950644948.9963803 0.0
2942897932.392517 0.0
2935191489.361702 0.0
2927525301.991512 0.0
2919899055.6821885 0.0
2912312439.1036053 0.0
2904765144.1528993 0.0
2897256865.9127626 0.0
2889787302.6103773 0.0
2882356155.576985 0.0
2874963129.2080793 0.0
2867607930.924208 0.0
2860290271.132376 0.0
2853009863.188037 0.0
2845766423.357664 0.0
2838559670.781893 0.0
2831389327.4392166 0.0
2824255118.1102357 0.0
2817156770.3424444 0.0
2810094014.415544 0.0
2803066583.307284 0.0
2796074212.659807 0.0
2789116640.746501 0.0
2782193608.4393425 0.0
2775304859.176726 0.0
2768450138.931769 0.0
2761629196.18109 0.0
2754841781.8740396 0.0
2748087649.40239 0.0
2741366554.5704675 0.0
2734678255.565721 0.0
2728022512.929723 0.0
2721399089.52959 0.0
2714807750.5298214 0.0
2708248263.364543 0.0
2701720397.710154 0.0
2695223925.4583707 0.0
2688758620.6896553 0.0
2682324259.6470237 0.0
2675920620.7102356 0.0
2669547484.3703485 0.0
2663204633.204633 0.0
2656891851.851852 0.0
2650608926.9878807 0.0
2644355647.301681 0.0
2638131803.471609 0.0
2631937188.1420603 0.0
2625771595.9004397 0.0
2619634823.2544546 0.0
2613526668.609735 0.0
2607446932.2477465 0.0
2601395416.3040323 0.0
2595371924.746744 0.0
2589376263.355472 0.0
2583408239.7003746 0.0
2577467663.121587 0.0
2571554344.708919 0.0
2565668097.2818313 0.0
2559808735.3696833 0.0
2553976075.192253 0.0
2548169934.6405225 0.0
2542390133.2577257 0.0
2536636492.2206507 0.0
2530908834.3211966 0.0
2525206983.948184 0.0
2519530767.0694017 0.0
2513880011.2139053 0.0
2508254545.4545455 0.0
2502654200.390734 0.0
2497078808.13144 0.0
2491528202.278411 0.0
2486002217.90962 0.0
2480500691.562932 0.0
2475023461.219983 0.0
2469570366.290278 0.0
2464141247.595493 0.0
2458735947.3539896 0.0
2453354309.165527 0.0
2447996177.9961777 0.0
2442661400.1634436 0.0
2437349823.321555 0.0
2432061296.446976 0.0
2426795669.824087 0.0
2421552795.031056 0.0
2416332524.9258957 0.0
2411134713.632697 0.0
2405959216.5280385 0.0
2400805890.2275767 0.0
2395674592.5728025 0.0
2390565182.6179686 0.0
2385477520.6171856 0.0
2380411468.01168 0.0
2375366887.417219 0.0
2370343642.611684 0.0
2365341598.522817 0.0
2360360621.2161093 0.0
2355400577.8828473 0.0
2350461336.8283095 0.0
2345542767.4601097 0.0
2340644740.27669 0.0
2335767126.8559523 0.0
2330909799.844034 0.0
2326072632.944228 0.0
2321255500.9060316 0.0
2316458279.5143375 0.0
2311680845.5787573 0.0
2306923076.923077 0.0
2302184852.37484 0.0
2297466051.7550597 0.0
2292766555.8680644 0.0
2288086246.491452 0.0
2283425006.366183 0.0
2278782719.186785 0.0
2274159269.5916815 0.0
2269554543.153632 0.0
2264968426.3702955 0.0
2260400806.654903 0.0
2255851572.327044 0.0
2251320612.6035647 0.0
2246807817.5895762 0.0
2242313078.269567 0.0
2237836286.498627 0.0
2233377334.9937735 0.0
2228936117.325379 0.0
2224512527.9087076 0.0
2220106461.9955435 0.0
2215717815.6659255 0.0
2211346485.8199754 0.0
2206992370.1698256 0.0
2202655367.231639 0.0
2198335376.3177247 0.0
2194032297.5287495 0.0
2189746031.7460318 0.0
2185476480.623934 0.0
2181223546.58234 0.0
2176987132.799223 0.0
2172767143.203295 0.0
2168563482.4667478 0.0
2164376055.998069 0.0
2160204769.9349556 0.0
2156049531.137293 0.0
2151910247.1802254 0.0
2147786826.3473053 0.0
2143679177.623715 0.0
2139587210.6895728 0.0
2135510835.9133127 0.0
2131449964.345139 0.0
2127404507.7105575 0.0
2123374378.4039783 0.0
2119359489.4823918 0.0
2115359754.6591177 0.0
2111375088.297622 0.0
2107405405.4054055 0.0
2103450621.6279612 0.0
2099510653.2428002 0.0
2095585417.1535404 0.0
2091674830.8840683 0.0
2087778812.5727592 0.0
2083897280.9667675 0.0
2080030155.4163768 0.0
2076177355.8694143 0.0
2072338802.865727 0.0
2068514417.5317187 0.0
2064704121.5749483 0.0
2060907837.2787867 0.0
2057125487.497132 0.0
2053356995.6491868 0.0
2049602285.7142859 0.0
2045861282.2267852 0.0
2042133910.271009 0.0
2038420095.4762444 0.0
2034719764.0117996 0.0
2031032842.5821066 0.0
2027359258.4218857 0.0
2023698939.2913566 0.0
2020051813.4715028 0.0
2016417809.7593882 0.0
2012796857.463524 0.0
2009188886.399283 0.0
2005593826.8843658 0.0
2002011609.7343156 0.0
1998442166.2580788 0.0
1994885428.2536154 0.0
1991341328.0035532 0.0
1987809798.2708936 0.0
1984290772.2947555 0.0
1980784183.7861722 0.0
1977289966.9239254 0.0
1973808056.3504293 0.0
1970338387.1676555 0.0
1966880894.9330993 0.0
1963435515.6557915 0.0
1960002185.7923498 0.0
1956580842.2430723 0.0
1953171422.3480723 0.0
1949773863.8834531 0.0
1946388105.057521 0.0
1943014084.5070426 0.0
1939651741.2935324 0.0
1936301014.8995898 0.0
1932961845.2252638 0.0
1929634172.5844631 0.0
1926317937.701396 0.0
1923013081.7070556 0.0
1919719546.1357312 0.0
1916437272.9215646 0.0
1913166204.3951356 0.0
1909906283.2800853 0.0
1906657452.6897726 0.0
1903419656.1239653 0.0
1900192837.4655652 0.0
1896976940.977364 0.0
1893771911.2988386 0.0
1890577693.4429684 0.0
1887394232.7930963 0.0
1884221475.0998106 0.0
1881059366.4778688 0.0
1877907853.4031413 0.0
1874766882.7095966 0.0
1871636401.5863078 0.0
1868516357.5744948 0.0
1865406698.5645936 0.0
1862307372.7933543 0.0
1859218328.8409703 0.0
1856139515.6282341 0.0
1853070882.413722 0.0
1850012378.7910047 0.0
1846963954.685891 0.0
1843925560.353691 0.0
1840897146.3765142 0.0
1837878663.660586 0.0
1834870063.4335995 0.0
1831871297.2420838 0.0
1828882316.948807 0.0
1825903074.7301974 0.0
1822933523.0737953 0.0
1819973614.7757256 0.0
1817023302.9381964 0.0
1814082540.967024 0.0
1811151282.5691779 0.0
1808229481.750353 0.0
1805317092.812563 0.0
1802414070.351759 0.0
1799520369.2554686 0.0
1796635944.7004611 0.0
1793760752.1504302 0.0
1790894747.353705 0.0
1788037886.3409767 0.0
1785190125.423054 0.0
1782351421.1886306 0.0
1779521730.5020838 0.0
1776701010.501288 0.0
1773889218.5954502 0.0
1771086312.4629667 0.0
1768292250.0493 0.0
1765506989.5648754 0.0
1762730489.482996 0.0
1759962708.5377822 0.0
1757203605.722124 0.0
1754453140.2856584 0.0
1751711271.7327602 0.0
1748977959.8205578 0.0
1746253164.5569618 0.0
1743536846.1987169 0.0
1740828965.2494662 0.0
1738129482.4578407 0.0
1735438358.8155603 0.0
1732755555.5555556 0.0
1730081034.1501062 0.0
1727414756.3089964 0.0
1724756683.977688 0.0
1722106779.3355098 0.0
1719465004.793864 0.0
1716831322.9944475 0.0
1714205696.807494 0.0
1711588089.3300247 0.0
1708978463.8841245 0.0
1706376784.0152235 0.0
1703783013.4904048 0.0
1701197116.2967181 0.0
1698619056.6395152 0.0
1696048798.940798 0.0
1693486307.8375826 0.0
1690931548.1802752 0.0
1688384485.0310676 0.0
1685845083.6623428 0.0
1683313309.5550966 0.0
1680789128.397376 0.0
1678272506.082725 0.0
1675763408.7086527 0.0
1673261802.5751073 0.0
1670767654.1829703 0.0
1668280930.232558 0.0
1665801597.6221437 0.0
1663329623.4464848 0.0
1660864974.9953694 0.0
1658407619.7521732 0.0
1655957525.3924284 0.0
1653514659.7824082 0.0
1651078990.9777205 0.0
1648650487.221916 0.0
1646229116.9451075 0.0
1643814848.7626033 0.0
1641407651.4735494 0.0
1639007494.059587 0.0
1636614345.6835186 0.0
1634228175.68799 0.0
1631848953.5941763 0.0
1629476649.1004908 0.0
1627111232.081292 0.0
1624752672.5856135 0.0
1622400940.8358965 0.0
1620056007.226739 0.0
1617717842.3236516 0.0
1615386416.8618267 0.0
1613061701.7449183 0.0
1610743668.0438297 0.0
1608432286.9955158 0.0
1606127530.001791 0.0
1603829368.6281524 0.0
1601537774.6026075 0.0
1599252719.8145177 0.0
1596974176.313446 0.0
1594702116.3080208 0.0
1592436512.164802 0.0
1590177336.4071646 0.0
1587924561.7141848 0.0
1585678160.9195404 0.0
1583438107.0104184 0.0
1581204373.1264327 0.0
1578976932.558549 0.0
1576755758.7480218 0.0
1574540825.2853382 0.0
1572332105.9091706 0.0
1570129574.5053408 0.0
1567933205.1057878 0.0
1565742971.8875504 0.0
1563558849.1717525 0.0
1561380811.4226017 0.0
1559208833.246392 0.0
1557042889.3905191 0.0
1554882954.7425003 0.0
1552729004.3290043 0.0
1550581013.3148885 0.0
1548438957.002245 0.0
1546302810.8294535 0.0
1544172550.3702428 0.0
1542048151.3327603 0.0
1539929589.5586467 0.0
1537816841.0221233 0.0
1535709881.8290803 0.0
1533608688.2161794 0.0
1531513236.549957 0.0
1529423503.3259423 0.0
1527339465.1677737 0.0
1525261098.8263311 0.0
1523188381.1788688 0.0
1521121289.2281594 0.0
1519059800.1016433 0.0
1517003891.0505836 0.0
1514953539.4492314 0.0
1512908722.7939937 0.0
1510869418.7026117 0.0
1508835604.9133434 0.0
1506807259.284154 0.0
1504784359.7919114 0.0
1502766884.5315905 0.0
1500754811.715481 0.0
1498748119.6724052 0.0
1496746786.8469372 0.0
1494750791.798633 0.0
1492760113.201265 0.0
1490774729.8420615 0.0
1488794620.6209533 0.0
1486819764.549826 0.0
1484850140.75178 0.0
1482885728.4603934 0.0
1480926507.0189927 0.0
1478972455.8799274 0.0
1477023554.6038544 0.0
1475079782.859023 0.0
1473141120.4205685 0.0
1471207547.1698112 0.0
1469279043.0935607 0.0
1467355588.2834237 0.0
1465437162.9351203 0.0
1463523747.3478048 0.0
1461615321.9233904 0.0
1459711867.16588 0.0
1457813363.6807022 0.0
1455919792.1740541 0.0
1454031133.4522457 0.0
1452147368.4210527 0.0
1450268478.085072 0.0
1448394443.5470843 0.0
1446525246.0074208 0.0
1444660866.763332 0.0
1442801287.2083669 0.0
1440946488.8317533 0.0
1439096453.2177823 0.0
1437251162.0451996 0.0
1435410597.0866015 0.0
1433574740.2078338 0.0
1431743573.367396 0.0
1429917078.6158507 0.0
1428095238.095238 0.0
1426278034.0384922 0.0
1424465448.7688644 0.0
1422657464.6993496 0.0
1420854064.3321185 0.0
1419055230.2579525 0.0
1417260945.155682 0.0
1415471191.7916336 0.0
1413685953.019076 0.0
1411905211.777673 0.0
1410128951.0929391 0.0
1408357154.0757027 0.0
1406589803.9215686 0.0
1404826883.9103873 0.0
1403068377.405727 0.0
1401314267.8543522 0.0
1399564538.785703 0.0
1397819173.8113797 0.0
1396078156.6246302 0.0
1394341470.9998443 0.0
1392609100.7920487 0.0
1390881029.9364047 0.0
1389157242.447715 0.0
1387437722.419929 0.0
1385722454.0256531 0.0
1384011421.515666 0.0
1382304609.2184367 0.0
1380602001.539646 0.0
1378903582.9617102 0.0
1377209338.0433114 0.0
1375519251.418929 0.0
1373833307.798376 0.0
1372151491.9663353 0.0
1370473788.7819045 0.0
1368800183.1781406 0.0
1367130660.1616101 0.0
1365465204.8119385 0.0
1363803802.2813687 0.0
1362146437.794319 0.0
1360493096.6469429 0.0
1358843764.2066982 0.0
1357198425.9119115 0.0
1355557067.2713532 0.0
1353919673.8638082 0.0
1352286231.3376567 0.0
1350656725.4104533 0.0
1349031141.868512 0.0
1347409466.5664916 0.0
1345791685.4269848 0.0
1344177784.4401138 0.0
1342567749.6631234 0.0
1340961567.2199793 0.0
1339359223.3009708 0.0
1337760704.1623156 0.0
1336165996.125764 0.0
1334575085.5782113 0.0
1332987958.9713097 0.0
1331404602.8210838 0.0
1329825003.7075489 0.0
1328249148.2743297 0.0
1326677023.2282882 0.0
1325108615.3391457 0.0
1323543911.4391146 0.0
1321982898.4225268 0.0
1320425563.245472 0.0
1318871892.9254305 0.0
1317321874.540914 0.0
1315775495.2311077 0.0
1314232742.1955152 0.0
1312693602.6936028 0.0
1311158064.044451 0.0
1309626113.6264057 0.0
1308097738.8767323 0.0
1306572927.2912722 0.0
1305051666.4241014 0.0
1303533943.887193 0.0
1302019747.3500798 0.0
1300509064.5395217 0.0
1299001883.2391713 0.0
1297498191.289249 0.0
1295997976.5862122 0.0
1294501227.082431 0.0
1293007930.7858686 0.0
1291518075.759758 0.0
1290031650.122285 0.0
1288548642.046271 0.0
1287069039.7588632 0.0
1285592831.5412185 0.0
1284120005.7281973 0.0
1282650550.708053 0.0
1281184454.9221318 0.0
1279721706.864564 0.0
1278262295.081967 0.0
1276806208.1731453 0.0
1275353434.7887921 0.0
1273903963.631198 0.0
1272457783.453952 0.0
1271014883.0616584 0.0
1269575251.3096418 0.0
1268138877.1036632 0.0
1266705749.3996327 0.0
1265275857.20333 0.0
1263849189.5701199 0.0
1262425735.604674 0.0
1261005484.4606948 0.0
1259588425.3406374 0.0
1258174547.49544 0.0
1256763840.2242467 0.0
1255356292.8741426 0.0
1253951894.8398824 0.0
1252550635.5636265 0.0
1251152504.534673 0.0
1249757491.2891986 0.0
1248365585.4099958 0.0
1246976776.5262134 0.0
1245591054.3130991 0.0
1244208408.491744 0.0
1242828828.8288288 0.0
1241452305.13637 0.0
1240078827.27147 0.0
1238708385.1360683 0.0
1237340968.676694 0.0
1235976567.884218 0.0
1234615172.7936115 0.0
1233256773.4837022 0.0
1231901360.0769339 0.0
1230548922.7391245 0.0
1229199451.6792324 0.0
1227852937.149117 0.0
1226509369.4433048 0.0
1225168738.8987567 0.0
1223831035.8946362 0.0
1222496250.8520792 0.0
1221164374.2339644 0.0
1219835396.544688 0.0
1218509308.329936 0.0
1217186100.1764627 0.0
1215865762.7118645 0.0
1214548286.6043615 0.0
1213233662.562576 0.0
1211921881.3353157 0.0
1210612933.7113543 0.0
1209306810.5192177 0.0
1208003502.6269703 0.0
1206703000.942 0.0
1205405296.410808 0.0
1204110380.0187993 0.0
1202818242.7900739 0.0
1201528875.7872171 0.0
1200242270.1110964 0.0
1198958416.900655 0.0
1197677307.33271 0.0
1196398932.621748 0.0
1195123284.0197253 0.0
1193850352.81587 0.0
1192580130.336481 0.0
1191312607.9447324 0.0
1190047777.0404778 0.0
1188785629.0600557 0.0
1187526155.4760962 0.0
1186269347.7973278 0.0
1185015197.568389 0.0
1183763696.369637 0.0
1182514835.8169591 0.0
1181268607.5615861 0.0
1180025003.2899065 0.0
1178784014.7232811 0.0
1177545633.6178596 0.0
1176309851.7643971 0.0
1175076660.988075 0.0
1173846053.148318 0.0
1172618020.1386166 0.0
1171392553.8863487 0.0
1170169646.3526034 0.0
1168949289.5320039 0.0
1167731475.4525328 0.0
1166516196.175361 0.0
1165303443.7946718 0.0
1164093210.4374921 0.0
1162885488.2635195 0.0
1161680269.4649565 0.0
1160477546.2663388 0.0
1159277310.92437 0.0
1158079555.727754 0.0
1156884272.9970326 0.0
1155691455.0844183 0.0
1154501094.373632 0.0
1153313183.2797427 0.0
1152127714.2490041 0.0
1150944679.758696 0.0
1149764072.3169637 0.0
1148585884.4626617 0.0
1147410108.7651951 0.0
1146236737.8243642 0.0
1145065764.2702081 0.0
1143897180.7628524 0.0
1142730979.9923537 0.0
1141567154.6785488 0.0
1140405697.5709016 0.0
1139246601.4483545 0.0
1138089859.1191778 0.0
1136935463.420819 0.0
1135783407.2197595 0.0
1134633683.411363 0.0
1133486284.9197323 0.0
1132341204.697563 0.0
1131198435.7259998 0.0
1130057971.0144928 0.0
1128919803.6006546 0.0
1127783926.5501196 0.0
1126650332.9564013 0.0
1125519015.9407556 0.0
1124389968.6520376 0.0
1123263184.2665665 0.0
1122138655.9879863 0.0
1121016377.047131 0.0
1119896340.701886 0.0
1118778540.2370555 0.0
1117662968.964228 0.0
1116549620.2216413 0.0
1115438487.3740516 0.0
1114329563.8126009 0.0
1113222842.9546866 0.0
1112118318.24383 0.0
1111015983.1495478 0.0
1109915831.1672235 0.0
1108817855.8179796 0.0
1107722050.6485486 0.0
1106628409.231149 0.0
1105536925.1633582 0.0
1104447592.0679886 0.0
1103360403.5929618 0.0
1102275353.4111862 0.0
1101192435.220435 0.0
1100111642.7432218 0.0
1099032969.7266822 0.0
1097956409.9424512 0.0
1096881957.1865444 0.0
1095809605.2792375 0.0
1094739348.0649495 0.0
1093671179.4121234 0.0
1092605093.213111 0.0
1091541083.3840537 0.0
1090479143.8647697 0.0
1089419268.6186368 0.0
1088361451.6324797 0.0
1087305686.9164546 0.0
1086251968.503937 0.0
1085200290.45141 0.0
1084150646.838351 0.0
1083103031.7671218 0.0
1082057439.3628573 0.0
1081013863.7733576 0.0
1079972299.168975 0.0
1078932739.74251 0.0
1077895179.7090995 0.0
1076859613.3061125 0.0
1075826034.7930415 0.0
1074794438.4513962 0.0
1073764818.5846007 0.0
1072737169.5178849 0.0
1071711485.5981835 0.0
1070687761.1940298 0.0
1069665990.6954552 0.0
1068646168.5138841 0.0
1067628289.0820338 0.0
1066612346.8538122 0.0
1065598336.3042186 0.0
1064586251.9292415 0.0
1063576088.2457596 0.0
1062567839.7914444 0.0
1061561501.1246597 0.0
1060557066.8243644 0.0
1059554531.4900154 0.0
1058553889.7414708 0.0
1057555136.2188938 0.0
1056558265.582656 0.0
1055563272.5132431 0.0
1054570151.7111608 0.0
1053578897.8968395 0.0
1052589505.8105412 0.0
1051601970.2122669 0.0
1050616285.8816637 0.0
1049632447.6179329 0.0
1048650450.239738 0.0
1047670288.5851151 0.0
1046691957.5113809 0.0
1045715451.8950438 0.0
1044740766.6317139 0.0
1043767896.6360145 0.0
1042796836.8414932 0.0
1041827582.2005345 0.0
1040860127.6842716 0.0
1039894468.2825003 0.0
1038930599.0035919 0.0
1037968514.8744068 0.0
1037008210.9402105 0.0
1036049682.2645869 0.0
1035092923.9293549 0.0
1034137931.0344827 0.0
1033184698.6980067 0.0
1032233222.0559456 0.0
1031283496.2622197 0.0
1030335516.4885672 0.0
1029389277.9244632 0.0
1028444775.7770387 0.0
1027502005.2709981 0.0
1026560961.6485404 0.0
1025621640.1692783 0.0
1024684036.110159 0.0
1023748144.7653842 0.0
1022813961.4463329 0.0
1021881481.4814816 0.0
1020950700.2163271 0.0
1020021613.0133091 0.0
1019094215.2517331 0.0
1018168502.3276939 0.0
1017244469.6539989 0.0
1016322112.660093 0.0
1015401426.7919827 0.0
1014482407.5121621 0.0
1013565050.2995366 0.0
1012649350.6493506 0.0
1011735304.073113 0.0
1010822906.0985234 0.0
1009912152.2693998 0.0
1009003038.1456058 0.0
1008095559.3029792 0.0
1007189711.3332585 0.0
1006285489.8440131 0.0
1005382890.4585714 0.0
1004481908.8159517 0.0
1003582540.5707891 0.0
1002684781.3932686 0.0
1001788626.9690536 0.0
1000894072.9992187 0.0
1000001115.2001785 0.0
999109749.303621 0.0
998219971.05644 0.0
997331776.2206652 0.0
996445160.5733972 1.0
995560119.9067391 1.0
994676650.0277317 1.0
993794746.7582844 1.0
992914405.9351125 1.0
992035623.4096693 1.0
991158395.0480824 1.0
990282716.7310879 1.0
989408584.3539667 1.0
988535993.82648 1.0
987664941.0728053 1.0
986795422.0314736 1.0
985927432.655305 1.0
985060968.911348 1.0
984196026.7808143 1.0
983332602.2590197 1.0
982470691.3553194 1.0
981610290.0930488 1.0
980751394.5094609 1.0
979894000.6556661 1.0
979038104.5965718 1.0
978183702.4108214 1.0
977330790.1907358 1.0
976479364.042252 1.0
975629420.0848657 1.0
974780954.4515707 1.0
973933963.2888021 1.0
973088442.7563754 1.0
972244389.0274315 1.0
971401798.2883761 1.0
970560666.7388247 1.0
969720990.5915432 1.0
968882766.0723933 1.0
968045989.4202741 1.0
967210656.8870672 1.0
966376764.7375796 1.0
965544309.2494885 1.0
964713286.7132869 1.0
963883693.4322262 1.0
963055525.7222642 1.0
962228779.9120077 1.0
961403452.3426613 1.0
960579539.36797 1.0
959757037.3541689 1.0
958935942.6799272 1.0
958116251.7362967 1.0
957297960.9266574 1.0
956481066.6666666 1.0
955665565.3842055 1.0
954851453.519327 1.0
954038727.5242049 1.0
953227383.8630807 1.0
952417419.0122147 1.0
951608829.4598323 1.0
950801611.7060759 1.0
949995762.2629516 1.0
949191277.6542817 1.0
948388154.4156531 1.0
947586389.0943675 1.0
946785978.2493929 1.0
945986918.4513135 1.0
945189206.282281 1.0
944392838.3359663 1.0
943597811.2175102 1.0
942804121.543476 1.0
942011765.9418007 1.0
941220741.0517477 1.0
940431043.5238595 1.0
939642670.0199099 1.0
938855617.2128574 1.0
938069881.7867978 1.0
937285460.4369186 1.0
936502349.8694518 1.0
935720546.8016279 1.0
934940047.9616307 1.0
934160850.0885509 1.0
933382949.932341 1.0
932606344.2537702 1.0
931831029.8243791 1.0
931057003.4264355 1.0
930284261.8528893 1.0
929512801.9073287 1.0
928742620.4039358 1.0
927973714.1674429 1.0
927206080.0330887 1.0
926439714.8465751 1.0
925674615.464024 1.0
924910778.751934 1.0
924148201.587138 1.0
923386880.8567604 1.0
922626813.4581747 1.0
921867996.2989615 1.0
921110426.296867 1.0
920354100.3797598 1.0
919599015.4855913 1.0
918845168.5623528 1.0
918092556.5680352 1.0
917341176.4705883 1.0
916591025.247879 1.0
915842099.887652 1.0
915094397.3874886 1.0
914347914.7547671 1.0
913602649.0066224 1.0
912858597.1699075 1.0
912115756.2811514 1.0
911374123.3865231 1.0
910633695.5417893 1.0
909894469.8122782 1.0
909156443.2728379 1.0
908419613.0078007 1.0
907683976.1109425 1.0
906949529.6854457 1.0
906216270.8438606 1.0
905484196.7080684 1.0
904753304.4092424 1.0
904023591.0878112 1.0
903295053.893422 1.0
902567689.9849018 1.0
901841496.5302223 1.0
901116470.7064617 1.0
900392609.6997691 1.0
899669910.7053275 1.0
898948370.9273183 1.0
898227987.5788841 1.0
897508757.882094 1.0
896790679.0679069 1.0
896073748.3761367 1.0
895357963.055417 1.0
894643320.3631647 1.0
893929817.5655469 1.0
893217451.937444 1.0
892506220.7624167 1.0
891796121.3326703 1.0
891087150.9490212 1.0
890379306.9208618 1.0
889672586.5661277 1.0
888966987.211262 1.0
888262506.1911837 1.0
887559140.8492527 1.0
886856888.5372367 1.0
886155746.6152782 1.0
885455712.4518614 1.0
884756783.4237791 1.0
884058956.9160998 1.0
883362230.3221359 1.0
882666601.0434098 1.0
881972066.4896234 1.0
881278624.0786241 1.0
880586271.2363744 1.0
879895005.3969189 1.0
879204824.0023532 1.0
878515724.5027922 1.0
877827704.3563387 1.0
877140761.0290521 1.0
876454891.9949174 1.0
875770094.7358142 1.0
875086366.7414854 1.0
874403705.5095077 1.0
873722108.5452597 1.0
873041573.3618928 1.0
872362097.4802997 1.0
871683678.4290853 1.0
871006313.7445362 1.0
870330000.9705911 1.0
869654737.658811 1.0
868980521.3683497 1.0
868307349.6659243 1.0
867635220.1257862 1.0
866964130.3296916 1.0
866294077.8668728 1.0
865625060.3340092 1.0
864957075.3351983 1.0
864290120.4819278 1.0
863624193.3930464 1.0
862959291.6947359 1.0
862295413.0204828 1.0
861632555.0110503 1.0
860970715.3144504 1.0
860309891.5859158 1.0
859650081.4878727 1.0
858991282.6899129 1.0
858333492.8687662 1.0
857676709.7082736 1.0
857020930.8993597 1.0
856366154.1400058 1.0
855712377.1352229 1.0
855059597.5970249 1.0
854407813.2444022 1.0
853757021.8032943 1.0
853107221.0065646 1.0
852458408.5939728 1.0
851810582.3121498 1.0
851163739.9145706 1.0
850517879.1615291 1.0
849872997.8201119 1.0
849229093.6641728 1.0
848586164.4743067 1.0
847944208.0378251 1.0
847303222.1487291 1.0
846663204.6076858 1.0
846024153.2220021 1.0
845386065.8056002 1.0
844748940.178992 1.0
844112774.1692555 1.0
843477565.6100085 1.0
842843312.3413855 1.0
842210012.2100123 1.0
841577663.0689816 1.0
840946262.7778299 1.0
840315809.2025114 1.0
839686300.215376 1.0
839057733.6951436 1.0
838430107.5268818 1.0
837803419.6019807 1.0
837177667.818131 1.0
836552850.0792985 1.0
835928964.2957025 1.0
835306008.3837914 1.0
834683980.26622 1.0
834062877.8718259 1.0
833442699.1356074 1.0
832823441.9986998 1.0
832205104.4083526 1.0
831587684.3179079 1.0
830971179.686776 1.0
830355588.480415 1.0
829740908.6703062 1.0
829127138.2339344 1.0
828514275.154763 1.0
827902317.4222142 1.0
827291263.031645 1.0
826681109.9843274 1.0
826071856.2874253 1.0
825463499.9539722 1.0
824856039.0028517 1.0
824249471.4587737 1.0
823643795.3522551 1.0
823039008.7195961 1.0
822435109.6028616 1.0
821832096.049858 1.0
821229966.1141131 1.0
820628717.854855 1.0
820028349.3369913 1.0
819428858.6310884 1.0
818830243.8133503 1.0
818232502.9655992 1.0
817635634.175253 1.0
817039635.5353076 1.0
816444505.1443139 1.0
815850241.1063598 1.0
815256841.5310483 1.0
814664304.5334789 1.0
814072628.2342261 1.0
813481810.7593215 1.0
812891850.2402321 1.0
812302744.8138418 1.0
811714492.6224314 1.0
811127091.813659 1.0
810540540.5405406 1.0
809954836.9614308 1.0
809369979.2400037 1.0
808785965.5452331 1.0
808202794.0513746 1.0
807620462.9379448 1.0
807038970.389704 1.0
806458314.5966364 1.0
805878493.7539319 1.0
805299506.0619668 1.0
804721349.7262856 1.0
804144022.9575824 1.0
803567523.9716821 1.0
802991850.9895227 1.0
802417002.2371365 1.0
801842975.9456317 1.0
801269770.3511751 1.0
800697383.6949729 1.0
800125814.2232534 1.0
799555060.1872493 1.0
798985119.8431792 1.0
798415991.4522305 1.0
797847673.2805411 1.0
797280163.599182 1.0
796713460.6841404 1.0
796147562.8163012 1.0
795582468.2814302 1.0
795018175.370157 1.0
794454682.377957 1.0
793891987.6051351 1.0
793330089.356808 1.0
792768985.9428875 1.0
792208675.6780635 1.0
791649156.881787 1.0
791090427.8782532 1.0
790532486.9963855 1.0
789975332.5698177 1.0
789418962.9368783 1.0
788863376.4405737 1.0
788308571.4285715 1.0
787754546.2531847 1.0
787201299.2713547 1.0
786648828.8446355 1.0
786097133.3391776 1.0
785546211.1257118 1.0
784996060.5795325 1.0
784446680.080483 1.0
783898068.0129383 1.0
783350222.7657902 1.0
782803142.7324313 1.0
782256826.3107389 1.0
781711271.90306 1.0
781166477.9161948 1.0
780622442.7613825 1.0
780079164.8542844 1.0
779536642.6149701 1.0
778994874.4679003 1.0
778453858.8419135 1.0
777913594.170209 1.0
777374078.8903339 1.0
776835311.4441652 1.0
776297290.2778981 1.0
775760013.8420279 1.0
775223480.5913374 1.0
774687688.9848813 1.0
774152637.4859709 1.0
773618324.5621604 1.0
773084748.6852314 1.0
772551908.3311795 1.0
772019801.980198 1.0
771488428.1166654 1.0
770957785.2291291 1.0
770427871.8102931 1.0
769898686.3570018 1.0
769370227.3702275 1.0
768842493.3550544 1.0
768315482.8206667 1.0
767789194.2803323 1.0
767263626.2513905 1.0
766738777.2552373 1.0
766214645.8173118 1.0
765691230.4670823 1.0
765168529.7380322 1.0
764646542.1676474 1.0
764125266.297401 1.0
763604700.6727413 1.0
763084843.8430772 1.0
762565694.3617655 1.0
762047250.7860967 1.0
761529511.6772823 1.0
761012475.6004413 1.0
760496141.1245866 1.0
759980506.8226122 1.0
759465571.2712797 1.0
758951333.0512062 1.0
758437790.7468494 1.0
757924942.9464966 1.0
757412788.2422502 1.0
756901325.2300161 1.0
756390552.5094897 1.0
755880468.684144 1.0
755371072.3612164 1.0
754862362.1516963 1.0
754354336.6703122 1.0
753846994.5355191 1.0
753340334.3694867 1.0
752834354.7980858 1.0
752329054.4508768 1.0
751824431.9610966 1.0
751320485.9656473 1.0
750817215.1050825 1.0
750314618.0235964 1.0
749812693.3690108 1.0
749311439.7927635 1.0
748810855.9498956 1.0
748310940.4990404 1.0
747811692.1024102 1.0
747313109.4257855 1.0
746815191.1385026 1.0
746317935.9134417 1.0
745821342.4270148 1.0
745325409.3591555 1.0
744830135.3933052 1.0
744335519.2164024 1.0
743841559.5188719 1.0
743348254.9946116 1.0
742855604.3409824 1.0
742363606.2587963 1.0
741872259.4523041 1.0
741381562.6291857 1.0
740891514.5005372 1.0
740402113.7808603 1.0
739913359.1880518 1.0
739425249.4433908 1.0
738937783.2715286 1.0
738450959.4004776 1.0
737964776.5615999 1.0
737479233.4895961 1.0
736994328.9224954 1.0
736510061.6016427 1.0
736026430.2716901 1.0
735543433.6805842 1.0
735061070.5795556 1.0
734579339.7231097 1.0
734098239.8690135 1.0
733617769.7782868 1.0
733137928.215191 1.0
732658713.947218 1.0
732180125.7450804 1.0
731702162.382701 1.0
731224822.6372012 1.0
730748105.2888925 1.0
730272009.1212641 1.0
729796532.9209733 1.0
729321675.4778366 1.0
728847435.5848168 1.0
728373812.0380148 1.0
727900803.6366589 1.0
727428409.183094 1.0
726956627.4827726 1.0
726485457.3442439 1.0
726014897.5791433 1.0
725544947.0021847 1.0
725075604.4311473 1.0
724606868.6868687 1.0
724138738.5932328 1.0
723671212.9771609 1.0
723204290.6686022 1.0
722737970.500524 1.0
722272251.3089006 1.0
721807131.9327055 1.0
721342611.2139009 1.0
720878687.9974273 1.0
720415361.1311964 1.0
719952629.4660779 1.0
719490491.8558934 1.0
719028947.1574053 1.0
718567994.230307 1.0
718107631.9372147 1.0
717647859.1436576 1.0
717188674.7180675 1.0
716730077.5317721 1.0
716272066.4589825 1.0
715814640.3767861 1.0
715357798.1651376 1.0
714901538.7068484 1.0
714445860.8875787 1.0
713990763.5958278 1.0
713536245.7229252 1.0
713082306.1630219 1.0
712628943.8130813 1.0
712176157.5728694 1.0
711723946.344948 1.0
711272309.0346633 1.0
710821244.5501387 1.0
710370751.8022658 1.0
709920829.7046947 1.0
709471477.173827 1.0
709022693.1288053 1.0
708574476.4915054 1.0
708126826.1865277 1.0
707679741.1411887 1.0
707233220.2855114 1.0
706787262.5522189 1.0
706341866.8767232 1.0
705897032.1971188 1.0
705452757.4541737 1.0
705009041.59132 1.0
704565883.5546476 1.0
704123282.2928936 1.0
703681236.7574354 1.0
703239745.9022822 1.0
702798808.6840663 1.0
702358424.0620348 1.0
701918590.9980432 1.0
701479308.4565439 1.0
701040575.4045813 1.0
700602390.8117822 1.0
700164753.6503475 1.0
699727662.8950449 1.0
699291117.5232006 1.0
698855116.5146909 1.0
698419658.8519355 1.0
697984743.5198879 1.0
697550369.5060288 1.0
697116535.8003577 1.0
696683241.395385 1.0
696250485.2861247 1.0
695818266.4700862 1.0
695386583.9472665 1.0
694955436.7201426 1.0
694524823.7936645 1.0
694094744.1752456 1.0
693665196.8747582 1.0
693236180.9045227 1.0
692807695.2793016 1.0
692379739.0162922 1.0
691952311.1351185 1.0
691525410.6578238 1.0
691099036.6088632 1.0
690673188.0150965 1.0
690247863.9057809 1.0
689823063.3125627 1.0
689398785.2694702 1.0
688975028.8129082 1.0
688551792.9816478 1.0
688129076.8168215 1.0
687706879.3619143 1.0
687285199.6627578 1.0
686864036.7675221 1.0
686443389.7267091 1.0
686023257.593145 1.0
685603639.4219742 1.0
685184534.2706503 1.0
684765941.1989307 1.0
684347859.2688698 1.0
683930287.5448097 1.0
683513225.093376 1.0
683096670.9834692 1.0
682680624.2862581 1.0
682265084.0751731 1.0
681850049.4258994 1.0
681435519.416369 1.0
681021493.1267563 1.0
680607969.6394688 1.0
680194948.0391412 1.0
679782427.4126298 1.0
679370406.8490038 1.0
678958885.4395397 1.0
678547862.2777147 1.0
678137336.4591998 1.0
677727307.0818533 1.0
677317773.2457135 1.0
676908734.052993 1.0
676500188.6080725 1.0
676092136.0174923 1.0
675684575.3899479 1.0
675277505.836283 1.0
674870926.4694815 1.0
674464836.4046634 1.0
674059234.759077 1.0
673654120.6520922 1.0
673249493.2051957 1.0
672845351.5419825 1.0
672441694.7881514 1.0
672038522.0714983 1.0
671635832.5219085 1.0
671233625.2713528 1.0
670831899.453879 1.0
670430654.2056075 1.0
670029888.664724 1.0
669629601.9714735 1.0
669229793.2681543 1.0
668830461.6991125 1.0
668431606.4107343 1.0
668033226.5514414 1.0
667635321.271685 1.0
667237889.7239379 1.0
666840931.0626906 1.0
666444444.4444445 1.0
666048429.0277056 1.0
665652883.9729791 1.0
665257808.4427627 1.0
664863201.6015421 1.0
664469062.6157837 1.0
664075390.6539289 1.0
663682184.8863888 1.0
663289444.485539 1.0
662897168.6257117 1.0
662505356.4831918 1.0
662114007.2362107 1.0
661723120.0649399 1.0
661332694.1514862 1.0
660942728.6798849 1.0
660553222.8360957 1.0
660164175.8079953 1.0
659775586.7853727 1.0
659387454.9599235 1.0
658999779.5252445 1.0
658612559.6768271 1.0
658225794.6120533 1.0
657839483.5301887 1.0
657453625.6323777 1.0
657068220.1216385 1.0
656683266.2028561 1.0
656298763.0827782 1.0
655914709.9700096 1.0
655531106.0750055 1.0
655147950.610068 1.0
654765242.7893393 1.0
654382981.8287966 1.0
654001166.9462476 1.0
653619797.3613237 1.0
653238872.2954761 1.0
652858390.9719695 1.0
652478352.6158772 1.0
652098756.454076 1.0
651719601.7152411 1.0
651340887.6298395 1.0
650962613.430127 1.0
650584778.3501415 1.0
650207381.6256979 1.0
649830422.4943837 1.0
649453900.195553 1.0
649077813.9703221 1.0
648702163.0615642 1.0
648326946.7139035 1.0
647952164.1737119 1.0
647577814.6891024 1.0
647203897.5099243 1.0
646830411.8877587 1.0
646457357.0759139 1.0
646084732.3294185 1.0
645712536.9050192 1.0
645340770.0611731 1.0
644969431.058045 1.0
644598519.1575013 1.0
644228033.623105 1.0
643857973.720112 1.0
643488338.7154647 1.0
643119127.8777881 1.0
642750340.4773852 1.0
642381975.786231 1.0
642014033.0779694 1.0
641646511.627907 1.0
641279410.7130086 1.0
640912729.6118933 1.0
640546467.6048291 1.0
640180623.9737275 1.0
639815198.0021405 1.0
639450188.975255 1.0
639085596.1798874 1.0
638721418.9044803 1.0
638357656.4390973 1.0
637994308.075418 1.0
637631373.1067342 1.0
637268850.827944 1.0
636906740.5355494 1.0
636545041.5276498 1.0
636183753.1039377 1.0
635822874.5656953 1.0
635462405.2157892 1.0
635102344.3586656 1.0
634742691.3003469 1.0
634383445.3484259 1.0
634024605.8120625 1.0
633666172.0019788 1.0
633308143.2304541 1.0
632950518.8113221 1.0
632593298.0599649 1.0
632236480.2933089 1.0
631880064.8298217 1.0
631524050.9895062 1.0
631168438.0938973 1.0
630813225.466057 1.0
630458412.4305702 1.0
630103998.3135408 1.0
629749982.4425874 1.0
629396364.146838 1.0
629043142.7569274 1.0
628690317.604992 1.0
628337888.0246654 1.0
627985853.351075 1.0
627634212.9208372 1.0
627282966.0720532 1.0
626932112.1443053 1.0
626581650.4786528 1.0
626231580.417627 1.0
625881901.305228 1.0
625532612.4869201 1.0
625183713.3096284 1.0
624835203.1217338 1.0
624487081.2730691 1.0
624139347.1149161 1.0
623792000.0 1.0
623445039.2824863 1.0
623098464.3179765 1.0
622752274.4635044 1.0
622406469.0775318 1.0
622061047.5199447 1.0
621716009.1520487 1.0
621371353.3365672 1.0
621027079.4376342 1.0
620683186.8207933 1.0
620339674.852992 1.0
619996542.9025791 1.0
619653790.3392993 1.0
619311416.534291 1.0
618969420.8600814 1.0
618627802.690583 1.0
618286561.4010895 1.0
617945696.3682723 1.0
617605206.970177 1.0
617265092.5862188 1.0
616925352.5971793 1.0
616585986.3852025 1.0
616246993.3337915 1.0
615908372.8278041 1.0
615570124.2534496 1.0
615232246.9982848 1.0
614894740.4512104 1.0
614557604.0024674 1.0
614220837.043633 1.0
613884438.9676183 1.0
613548409.1686623 1.0
613212747.0423306 1.0
612877451.9855102 1.0
612542523.3964069 1.0
612207960.6745409 1.0
611873763.2207438 1.0
611539930.4371547 1.0
611206461.727217 1.0
610873356.4956741 1.0
610540614.1485667 1.0
610208234.093229 1.0
609876215.7382847 1.0
609544558.4936442 1.0
609213261.7705008 1.0
608882324.9813268 1.0
608551747.5398711 1.0
608221528.8611544 1.0
607891668.3614669 1.0
607562165.4583645 1.0
607233019.5706644 1.0
606904230.1184433 1.0
606575796.5230333 1.0
606247718.2070178 1.0
605919994.5942293 1.0
605592625.1097454 1.0
605265609.1798853 1.0
604938946.2322067 1.0
604612635.6955028 1.0
604286676.9997977 1.0
603961069.5763454 1.0
603635812.8576237 1.0
603310906.2773329 1.0
602986349.2703921 1.0
602662141.272935 1.0
602338281.7223082 1.0
602014770.0570662 1.0
601691605.7169697 1.0
601368788.1429818 1.0
601046316.777264 1.0
600724191.063174 1.0
600402410.4452629 1.0
600080974.36927 1.0
599759882.2821215 1.0
599439133.6319274 1.0
599118727.8679763 1.0
598798664.4407346 1.0
598478942.8018421 1.0
598159562.4041091 1.0
597840522.7015135 1.0
597521823.1491971 1.0
597203463.2034632 1.0
596885442.3217733 1.0
596567759.9627438 1.0
596250415.5861428 1.0
595933408.6528877 1.0
595616738.6250416 1.0
595300404.9658103 1.0
594984407.1395395 1.0
594668744.6117117 1.0
594353416.8489429 1.0
594038423.3189799 1.0
593723763.4906971 1.0
593409436.8340944 1.0
593095442.8202924 1.0
592781780.9215311 1.0
592468450.6111661 1.0
592155451.3636664 1.0
591842782.6546103 1.0
591530443.9606833 1.0
591218434.7596756 1.0
590906754.5304779 1.0
590595402.7530792 1.0
590284378.9085642 1.0
589973682.4791105 1.0
589663312.9479846 1.0
589353269.79954 1.0
589043552.5192143 1.0
588734160.5935265 1.0
588425093.510073 1.0
588116350.757526 1.0
587807931.8256309 1.0
587499836.2052022 1.0
587192063.3881214 1.0
586884612.8673342 1.0
586577484.1368483 1.0
586270676.6917294 1.0
585964190.0280992 1.0
585658023.6431323 1.0
585352177.0350546 1.0
585046649.7031384 1.0
584741441.1477013 1.0
584436550.8701036 1.0
584131978.3727446 1.0
583827723.1590599 1.0
583523784.7335198 1.0
583220162.601626 1.0
582916856.2699084 1.0
582613865.245923 1.0
582311189.0382493 1.0
582008827.1564872 1.0
581706779.1112554 1.0
581405044.4141866 1.0
581103622.5779275 1.0
580802513.1161345 1.0
580501715.5434713 1.0
580201229.3756065 1.0
579901054.1292117 1.0
579601189.3219573 1.0
579301634.4725112 1.0
579002389.1005359 1.0
578703452.726686 1.0
578404824.8726054 1.0
578106505.0609245 1.0
577808492.8152587 1.0
577510787.6602048 1.0
577213389.121339 1.0
576916296.7252139 1.0
576619509.999357 1.0
576323028.4722669 1.0
576026851.6734118 1.0
575730979.1332263 1.0
575435410.3831098 1.0
575140144.9554231 1.0
574845182.3834862 1.0
574550522.2015762 1.0
574256163.9449247 1.0
573962107.1497153 1.0
573668351.3530804 1.0
573374896.0931005 1.0
573081740.9088004 1.0
572788885.340147 1.0
572496328.928047 1.0
572204071.214345 1.0
571912111.7418203 1.0
571620450.054185 1.0
571329085.6960815 1.0
571038018.2130803 1.0
570747247.1516773 1.0
570456772.0592912 1.0
570166592.4842627 1.0
569876707.97585 1.0
569587118.084228 1.0
569297822.3604851 1.0
569008820.3566216 1.0
568720111.625547 1.0
568431695.7210778 1.0
568143572.1979345 1.0
567855740.6117408 1.0
567568200.5190203 1.0
567280951.4771936 1.0
566993993.044578 1.0
566707324.780383 1.0
566420946.2447098 1.0
566134856.9985479 1.0
565849056.6037736 1.0
565563544.6231472 1.0
565278320.6203115 1.0
564993384.1597883 1.0
564708734.8069777 1.0
564424372.1281551 1.0
564140295.6904687 1.0
563856505.061938 1.0
563572999.8114512 1.0
563289779.5087632 1.0
563006843.724493 1.0
562724192.0301224 1.0
562441823.9979929 1.0
562159739.2013041 1.0
561877937.2141112 1.0
561596417.6113234 1.0
561315179.9687011 1.0
561034223.8628542 1.0
560753548.8712401 1.0
560473154.5721607 1.0
560193040.5447617 1.0
559913206.369029 1.0
559633651.625788 1.0
559354375.8967001 1.0
559075378.7642622 1.0
558796659.8118029 1.0
558518218.6234818 1.0
558240054.7842869 1.0
557962167.8800324 1.0
557684557.4973568 1.0
557407223.223721 1.0
557130164.6474061 1.0
556853381.357511 1.0
556576872.9439514 1.0
556300638.9974564 1.0
556024679.1095679 1.0
555748992.8726372 1.0
555473579.879824 1.0
555198439.7250944 1.0
554923572.003218 1.0
554648976.3097669 1.0
554374652.2411128 1.0
554100599.3944262 1.0
553826817.3676734 1.0
553553305.7596148 1.0
553280064.1698031 1.0
553007092.1985816 1.0
552734389.4470813 1.0
552461955.5172201 1.0
552189790.0117003 1.0
551917892.5340064 1.0
551646262.6884036 1.0
551374900.079936 1.0
551103804.3144245 1.0
550832974.9984643 1.0
550562411.7394241 1.0
550292114.1454434 1.0
550022081.825431 1.0
549752314.3890626 1.0
549482811.4467798 1.0
549213572.6097875 1.0
548944597.4900521 1.0
548675885.7002999 1.0
548407436.8540151 1.0
548139250.565438 1.0
547871326.449563 1.0
547603664.1221374 1.0
547336263.1996583 1.0
547069123.2993716 1.0
546802244.0392708 1.0
546535625.0380936 1.0
546269265.9153214 1.0
546003166.291177 1.0
545737325.7866229 1.0
545471744.0233592 1.0
545206420.623822 1.0
544941355.211182 1.0
544676547.4093422 1.0
544411996.8429362 1.0
544147703.1373264 1.0
543883665.9186025 1.0
543619884.8135799 1.0
543356359.449797 1.0
543093089.4555146 1.0
542830074.4597131 1.0
542567314.0920918 1.0
542304807.9830663 1.0
542042555.7637671 1.0
541780557.0660384 1.0
541518811.522435 1.0
541257318.766222 1.0
540996078.4313725 1.0
540735090.152566 1.0
540474353.565186 1.0
540213868.3053197 1.0
539953634.0097549 1.0
539693650.3159796 1.0
539433916.8621789 1.0
539174433.2872347 1.0
538915199.230723 1.0
538656214.3329129 1.0
538397478.2347643 1.0
538138990.5779271 1.0
537880751.0047388 1.0
537622759.1582229 1.0
537365014.6820879 1.0
537107517.2207247 1.0
536850266.4192062 1.0
536593261.9232841 1.0
536336503.37938875 1.0
536079990.43462664 1.0
535823722.7367793 1.0
535567699.93430096 1.0
535311921.6763178 1.0
535056387.61262614 1.0
534801097.39369005 1.0
534546050.6706409 1.0
534291247.0952749 1.0
534036686.32005244 1.0
533782367.99809515 1.0
533528291.78318566 1.0
533274457.3297651 1.0
533020864.29293233 1.0
532767512.3284416 1.0
532514401.09270144 1.0
532261530.2427732 1.0
532008899.43636906 1.0
531756508.3318509 1.0
531504356.5882283 1.0
531252443.86515796 1.0
531000769.82294077 1.0
530749334.1225215 1.0
530498136.42548656 1.0
530247176.3940631 1.0
529996453.6911166 1.0
529745967.98015004 1.0
529495718.9253026 1.0
529245706.19134754 1.0
528995929.4436907 1.0
528746388.3483696 1.0
528497082.5720516 1.0
528248011.7820325 1.0
527999175.6462345 1.0
527750573.8332058 1.0
527502206.0121184 1.0
527254071.8527666 1.0
527006171.0255657 1.0
526758503.20155084 1.0
526511068.05237514 1.0
526263865.25030816 1.0
526016894.46823484 1.0
525770155.37965405 1.0
525523647.65867674 1.0
525277370.9800247 1.0
525031325.0190292 1.0
524785509.4516299 1.0
524539923.9543727 1.0
524294568.2044086 1.0
524049441.8794927 1.0
523804544.6579824 1.0
523559876.21883583 1.0
523315436.2416107 1.0
523071224.40646327 1.0
522827240.3941462 1.0
522583483.8860074 1.0
522339954.56398904 1.0
522096652.1106259 1.0
521853576.2090439 1.0
521610726.5429585 1.0
521368102.7966742 1.0
521125704.6550822 1.0
520883531.8036597 1.0
520641583.92846775 1.0
520399860.7161511 1.0
520158361.8539359 1.0
519917087.0296284 1.0
519676035.93161404 1.0
519435208.24885595 1.0
519194603.6708935 1.0
518954221.88784075 1.0
518714062.59038585 1.0
518474125.46978897 1.0
518234410.2178814 1.0
517994916.5270637 1.0
517755644.09030545 1.0
517516592.6011427 1.0
517277761.7536776 1.0
517039151.24257624 1.0
516800760.76306844 1.0
516562590.01094544 1.0
516324638.6825589 1.0
516086906.47482014 1.0
515849393.08519816 1.0
515612098.2117188 1.0
515375021.55296284 1.0
515138162.8080657 1.0
514901521.6767155 1.0
514665097.8591518 1.0
514428891.0561643 1.0
514192900.96909225 1.0
513957127.29982233 1.0
513721569.75078773 1.0
513486228.0249671 1.0
513251101.8258829 1.0
513016190.8576006 1.0
512781494.82472694 1.0
512547013.4324093 1.0
512312746.38633376 1.0
512078693.39272463 1.0
511844854.15834236 1.0
511611228.39048326 1.0
511377815.79697746 1.0
511144616.0861883 1.0
510911628.96701044 1.0
510678854.1488695 1.0
510446291.3417203 1.0
510213940.2560455 1.0
509981800.602855 1.0
509749872.09368426 1.0
509518154.4405933 1.0
509286647.3561652 1.0
509055350.55350554 1.0
508824263.74624074 1.0
508593386.6485169 1.0
508362718.9749986 1.0
508132260.44086814 1.0
507902010.76182383 1.0
507671969.65407914 1.0
507442136.8343614 1.0
507212512.01991063 1.0
506983094.92847854 1.0
506753885.2783272 1.0
506524882.788228 1.0
506296087.1774604 1.0
506067498.1658108 1.0
505839115.4735714 1.0
505610938.82153934 1.0
505382967.9310151 1.0
505155202.5238015 1.0
504927642.32220286 1.0
504700287.0490235 1.0
504473136.4275668 1.0
504246190.1816342 1.0
504019448.0355236 1.0
503792909.7140289 1.0
503566574.94243836 1.0
503340443.44653386 1.0
503114514.9525894 1.0
502888789.18737036 1.0
502663265.8781322 1.0
502437944.7526195 1.0
502212825.5390647 1.0
501987907.9661871 1.0
501763191.76319176 1.0
501538676.65976846 1.0
501314362.38609046 1.0
501090248.67281365 1.0
500866335.25107527 1.0
500642621.8524929 1.0
500419108.2091635 1.0
500195794.0536621 1.0
499972679.119041 1.0
499749763.1388285 1.0
499527045.8470281 1.0
499304526.97811687 1.0
499082206.26704514 1.0
498860083.4492351 1.0
498638158.26057947 1.0
498416430.437441 1.0
498194899.71665096 1.0
497973565.83550847 1.0
497752428.5317791 1.0
497531487.5436942 1.0
497310742.6099496 1.0
497090193.46970457 1.0
496869839.862581 1.0
496649681.52866244 1.0
496429718.2084925 1.0
496209949.6430746 1.0
495990375.57387024 1.0
495770995.74279875 1.0
495551809.89223546 1.0
495332817.76501137 1.0
495114019.1044117 1.0
494895413.6541752 1.0
494677001.15849286 1.0
494458781.36200714 1.0
494240754.009811 1.0
494022918.84744644 1.0
493805275.62090427 1.0
493587824.0766224 1.0
493370563.9614856 1.0
493153495.0228236 1.0
492936617.0084108 1.0
492719929.6664652 1.0
492503432.7456473 1.0
492287125.9950591 1.0
492071009.1642429 1.0
491855082.00318146 1.0
491639344.2622951 1.0
491423795.69244266 1.0
491208436.0449192 1.0
490993265.071456 1.0
490778282.52421874 1.0
490563488.15580726 1.0
490348881.7192541 1.0
490134462.9680241 1.0
489920231.6560127 1.0
489706187.5375457 1.0
489492330.3673782 1.0
489278659.900693 1.0
489065175.8931007 1.0
488851878.1006378 1.0
488638766.2797668 1.0
488425840.1873741 1.0
488213099.5807699 1.0
488000544.2176871 1.0
487788173.8562803 1.0
487575988.2551248 1.0
487363987.1732159 1.0
487152170.36996794 1.0
486940537.60521317 1.0
486729088.63920105 1.0
486517823.23259723 1.0
486306741.14648306 1.0
486095842.14235383 1.0
485885125.9821187 1.0
485674592.4280994 1.0
485464241.24302965 1.0
485254072.19005364 1.0
485044085.03272575 1.0
484834279.53500944 1.0
484624655.4612766 1.0
484415212.57630605 1.0
484205950.6452832 1.0
483996869.4337993 1.0
483787968.70785004 1.0
483579248.2338349 1.0
483370707.7785564 1.0
483162347.1092193 1.0
482954165.99342924 1.0
482746164.1991925 1.0
482538341.4949147 1.0
482330697.6494003 1.0
482123232.4318512 1.0
481915945.6118665 1.0
481708836.9594413 1.0
481501906.244966 1.0
481295153.23922503 1.0
481088577.7133966 1.0
480882179.43905187 1.0
480675958.1881534 1.0
480469913.73305476 1.0
480264045.8464999 1.0
480058354.3016222 1.0
479852838.8719431 1.0
479647499.331372 1.0
479442335.4542052 1.0
479237347.01512486 1.0
479032533.7891982 1.0
478827895.55187696 1.0
478623432.07899654 1.0
478419143.1467748 1.0
478215028.5318117 1.0
478011088.011088 1.0
477807321.3619651 1.0
477603728.3621838 1.0
477400308.78986317 1.0
477197062.4235006 1.0
476993989.0419704 1.0
476791088.4245229 1.0
476588360.35078394 1.0
476385804.6007544 1.0
476183420.95480865 1.0
475981209.193694 1.0
475779169.0985303 1.0
475577300.4508088 1.0
475375603.03239155 1.0
475174076.62551004 1.0
474972721.0127655 1.0
474771535.97712713 1.0
474570521.3019318 1.0
474369676.7708829 1.0
474169002.16805035 1.0
473968497.27786887 1.0
473768161.8851377 1.0
473567995.7750198 1.0
473367998.7330412 1.0
473168170.54509 1.0
472968510.9974155 1.0
472769019.8766278 1.0
472569696.969697 1.0
472370542.063952 1.0
472171554.9470802 1.0
471972735.40712667 1.0
471774083.2324933 1.0
471575598.211938 1.0
471377280.13457394 1.0
471179128.7898692 1.0
470981143.9676454 1.0
470783325.4580774 1.0
470585673.0516925 1.0
470388186.53936946 1.0
470190865.71233815 1.0
469993710.3621783 1.0
469796720.2808194 1.0
469599895.2605394 1.0
469403235.0939644 1.0
469206739.5740673 1.0
469010408.4941681 1.0
468814241.64793223 1.0
468618238.82937026 1.0
468422399.83283705 1.0
468226724.4530312 1.0
468031212.48499405 1.0
467835863.7241092 1.0
467640677.9661017 1.0
467445655.00703746 1.0
467250794.64332247 1.0
467056096.67170167 1.0
466861560.88925916 1.0
466667187.09341663 1.0
466472975.0819332 1.0
466278924.65290415 1.0
466085035.6047612 1.0
465891307.7362706 1.0
465697740.84653336 1.0
465504334.73498416 1.0
465311089.2013907 1.0
465118004.0458531 1.0
464925079.06880283 1.0
464732314.07100284 1.0
464539708.8535461 1.0
464347263.2178552 1.0
464154976.9656815 1.0
463962849.8991049 1.0
463770881.82053274 1.0
463579072.53269917 1.0
463387421.8386647 1.0
463195929.5418152 1.0
463004595.4458615 1.0
462813419.3548387 1.0
462622401.07310534 1.0
462431540.4053427 1.0
462240837.1565545 1.0
462050291.1320658 1.0
461859902.1375226 1.0
461669669.978891 1.0
461479594.46245694 1.0
461289675.39482486 1.0
461099912.5829177 1.0
460910305.83397585 1.0
460720854.9555567 1.0
460531559.7555339 1.0
460342420.0420966 1.0
460153435.6237492 1.0
459964606.3093101 1.0
459775931.9079116 1.0
459587412.228999 1.0
459399047.08233005 1.0
459210836.2779741 1.0
459022779.6263118 1.0
458834876.9380341 1.0
458647128.024142 1.0
458459532.6959456 1.0
458272090.76506364 1.0
458084802.04342276 1.0
457897666.34325695 1.0
457710683.47710687 1.0
457523853.2578193 1.0
457337175.4985465 1.0
457150650.0127454 1.0
456964276.6141773 1.0
456778055.11690694 1.0
456591985.33530223 1.0
456406067.0840332 1.0
456220300.17807174 1.0
456034684.43269086 1.0
455849219.663464 1.0
455663905.6862646 1.0
455478742.3172652 1.0
455293729.3729373 1.0
455108866.67005026 1.0
454924154.02567095 1.0
454739591.25716317 1.0
454555178.18218684 1.0
454370914.61869776 1.0
454186800.3849466 1.0
454002835.29947853 1.0
453819019.1811327 1.0
453635351.84904134 1.0
453451833.12262964 1.0
453268462.82161456 1.0
453085240.7660048 1.0
452902166.77609986 1.0
452719240.6724896 1.0
452536462.2760535 1.0
452353831.4079605 1.0
452171347.88966775 1.0
451989011.54292053 1.0
451806822.18975157 1.0
451624779.65248054 1.0
451442883.75371295 1.0
451261134.31634045 1.0
451079531.16353947 1.0
450898074.1187711 1.0
450716763.0057804 1.0
450535597.6485957 1.0
450354577.8715283 1.0
450173703.4991717 1.0
449992974.3564009 1.0
449812390.2683722 1.0
449631951.06052256 1.0
449451656.55856854 1.0
449271506.58850646 1.0
449091500.9766114 1.0
448911639.5494368 1.0
448731922.1338138 1.0
448552348.55685055 1.0
448372918.6459323 1.0
448193632.22872 1.0
448014489.13315016 1.0
447835489.18743443 1.0
447656632.220059 1.0
447477918.05978346 1.0
447299346.5356413 1.0
447120917.4769384 1.0
446942630.7132533 1.0
446764486.0744358 1.0
446586483.39060706 1.0
446408622.49215907 1.0
446230903.2097537 1.0
446053325.3743223 1.0
445875888.81706524 1.0
445698593.3694518 1.0
445521438.8632186 1.0
445344425.13037 1.0
445167552.0031773 1.0
444990819.314178 1.0
444814226.89617544 1.0
444637774.5822384 1.0
444461462.2057001 1.0
444285289.6001586 1.0
444109256.5994751 1.0
443933363.03777415 1.0
443757608.74944323 1.0
443581993.56913185 1.0
443406517.33175105 1.0
443231179.87247294 1.0
443055981.0267306 1.0
442880920.6302169 1.0
442705998.5188843 1.0
442531214.5289444 1.0
442356568.4968675 1.0
442182060.25938165 1.0
442007689.65347266 1.0
441833456.51638335 1.0
441659360.68561304 1.0
441485401.9989169 1.0
441311580.2943058 1.0
441137895.41004574 1.0
440964347.18465704 1.0
440790935.456914 1.0
440617660.0658444 1.0
440444520.85072947 1.0
440271517.6511023 1.0
440098650.30674845 1.0
439925918.65770495 1.0
439753322.5442598 1.0
439580861.8069514 1.0
439408536.28656834 1.0
439236345.8241489 1.0
439064290.2609803 1.0
438892369.4385983 1.0
438720583.1987866 1.0
438548931.38357705 1.0
438377413.8352482 1.0
438206030.39632505 1.0
438034780.9095794 1.0
437863665.2180283 1.0
437692683.1649339 1.0
437521834.59380335 1.0
437351119.348388 1.0
437180537.272683 1.0
437010088.21092653 1.0
436839772.0075998 1.0
436669588.5074263 1.0
436499537.5553717 1.0
436329618.9966425 1.0
436159832.6766866 1.0
435990178.4411922 1.0
435820656.13608754 1.0
435651265.6075402 1.0
435482006.70195717 1.0
435312879.2659838 1.0
435143883.1465037 1.0
434975018.1906379 1.0
434806284.24574506 1.0
434637681.1594204 1.0
434469208.7794951 1.0
434300866.9540369 1.0
434132655.53134835 1.0
433964574.3599672 1.0
433796623.2886653 1.0
433628802.16644907 1.0
433461110.84255815 1.0
433293549.1664654 1.0
433126116.9878762 1.0
432958814.1567283 1.0
432791640.52319133 1.0
432624595.9376659 1.0
432457680.2507837 1.0
432290893.31340694 1.0
432124234.9766277 1.0
431957705.09176743 1.0
431791303.51037705 1.0
431625030.08423585 1.0
431458884.66535157 1.0
431292867.1059593 1.0
431126977.25852203 1.0
430961214.97572935 1.0
430795580.11049724 1.0
430630072.5159679 1.0
430464692.0455091 1.0
430299438.55271375 1.0
430134311.89139926 1.0
429969311.91560775 1.0
429804438.4796051 1.0
429639691.4378804 1.0
429475070.64514583 1.0
429310575.9563365 1.0
429146207.22660923 1.0
428981964.31134295 1.0
428817847.06613743 1.0
428653855.3468139 1.0
428489989.00941366 1.0
428326247.9101983 1.0
428162631.90564865 1.0
427999140.8524653 1.0
427835774.60756725 1.0
427672533.0280918 1.0
427509415.97139454 1.0
427346423.2950484 1.0
427183554.8568435 1.0
427020810.5147864 0.0
426858190.1271005 0.0
426695693.55222464 0.0
426533320.64881325 0.0
426371071.27573586 0.0
426208945.29207665 0.0
426046942.55713403 0.0
425885062.93042034 0.0
425723306.2716612 0.0
425561672.4407954 0.0
425400161.29797435 0.0
425238772.7035614 0.0
425077506.51813227 0.0
424916362.6024736 0.0
424755340.81758326 0.0
424594441.02466977 0.0
424433663.08515173 0.0
424273006.8606577 0.0
424112472.2130256 0.0
423952059.00430244 0.0
423791767.0967437 0.0
423631596.35281336 0.0
423471546.63518304 0.0
423311617.8067318 0.0
423151809.730546 0.0
422992122.26991844 0.0
422832555.2883482 0.0
422673108.6495404 0.0
422513782.2174057 0.0
422354575.85605955 0.0
422195489.4298225 0.0
422036522.8032193 0.0
421877675.8409786 0.0
421718948.4080328 0.0
421560340.3695172 0.0
421401851.59077024 0.0
421243481.9373327 0.0
421085231.27494717 0.0
420927099.4695583 0.0
420769086.38731176 0.0
420611191.8945542 0.0
420453415.85783285 0.0
420295758.14389503 0.0
420138218.619688 0.0
419980797.15235823 0.0
419823493.6092514 0.0
419666307.85791177 0.0
419509239.76608187 0.0
419352289.2017023 0.0
419195456.03291106 0.0
419038740.1280434 0.0
418882141.3556313 0.0
418725659.58440346 0.0
418569294.68328434 0.0
418413046.52139425 0.0
418256914.96804893 0.0
418100899.8927589 0.0
417945001.16522956 0.0
417789218.6553604 0.0
417633552.2332449 0.0
417478001.7691699 0.0
417322567.13361573 0.0
417167248.19725513 0.0
417012044.83095384 0.0
416856956.90576917 0.0
416701984.29295045 0.0
416547126.8639383 0.0
416392384.49036455 0.0
416237757.04405147 0.0
416083244.39701176 0.0
415928846.4214482 0.0
415774562.9897529 0.0
415620393.9745076 0.0
415466339.2484826 0.0
415312398.6846371 0.0
415158572.1561184 0.0
415004859.53626144 0.0
414851260.6985889 0.0
414697775.51681083 0.0
414544403.86482364 0.0
414391145.6167106 0.0
414238000.64674085 0.0
414084968.8293697 0.0
413932050.03923744 0.0
413779244.1511698 0.0
413626551.04017717 0.0
413473970.58145434 0.0
413321502.6503803 0.0
413169147.1225176 0.0
413016903.87361246 0.0
412864772.77959394 0.0
412712753.7165739 0.0
412560846.56084657 0.0
412409051.18888843 0.0
412257367.4773574 0.0
412105795.30309296 0.0
411954334.54311574 0.0
411802985.0746269 0.0
411651746.7750081 0.0
411500619.5218209 0.0
411349603.1928071 0.0
411198697.6658871 0.0
411047902.8191612 0.0
410897218.53090775 0.0
410746644.67958415 0.0
410596181.1438253 0.0
410445827.80244434 0.0
410295584.53443146 0.0
410145451.21895444 0.0
409995427.73535734 0.0
409845513.963161 0.0
409695709.7820624 0.0
409546015.0719343 0.0
409396429.71282476 0.0
409246953.5849573 0.0
409097586.56873035 0.0
408948328.5447166 0.0
408799179.39366317 0.0
408650138.9964909 0.0
408501207.2342946 0.0
408352383.9883419 0.0
408203669.1400737 0.0
408055062.5711035 0.0
407906564.16321707 0.0
407758173.7983721 0.0
407609891.3586981 0.0
407461716.7264961 0.0
407313649.78423804 0.0
407165690.41456664 0.0
407017838.50029504 0.0
406870093.92440677 0.0
406722456.57005495 0.0
406574926.32056224 0.0
406427503.05942076 0.0
406280186.67029136 0.0
406132977.0370035 0.0
405985874.043555 0.0
405838877.57411176 0.0
405691987.51300734 0.0
405545203.7447425 0.0
405398526.15398526 0.0
405251954.6255706 0.0
405105489.0444997 0.0
404959129.29594004 0.0
404812875.26522505 0.0
404666726.8378537 0.0
404520683.8994903 0.0
404374746.3359639 0.0
404228914.0332687 0.0
404083186.877563 0.0
403937564.7551692 0.0
403792047.5525735 0.0
403646635.15642583 0.0
403501327.4535392 0.0
403356124.3308893 0.0
403211025.6756149 0.0
403066031.37501687 0.0
402921141.3165581 0.0
402776355.3878633 0.0
402631673.4767186 0.0
402487095.4710715 0.0
402342621.25903 0.0
402198250.728863 0.0
402053983.7689997 0.0
401909820.2680293 0.0
401765760.1147005 0.0
401621803.1979218 0.0
401477949.4067607 0.0
401334198.6304436 0.0
401190550.7583553 0.0
401047005.68003935 0.0
400903563.28519696 0.0
400760223.4636872 0.0
400616986.1055265 0.0
400473851.1008887 0.0
400330818.3401045 0.0
400187887.7136609 0.0
400045059.11220163 0.0
399902332.42652637 0.0
399759707.54759043 0.0
399617184.3665047 0.0
399474762.7745356 0.0
399332442.663104 0.0
399190223.92378587 0.0
399048106.44831115 0.0
398906090.1285644 0.0
398764174.85658383 0.0
398622360.52456105 0.0
398480647.0248411 0.0
398339034.2499223 0.0
398197522.0924553 0.0
398056110.4452435 0.0
397914799.2012425 0.0
397773588.2535599 0.0
397632477.4954548 0.0
397491466.8203378 0.0
397350556.12177074 0.0
397209745.2934662 0.0
397069034.2292875 0.0
396928422.8232482 0.0
396787910.9695119 0.0
396647498.5623922 0.0
396507185.496352 0.0
396366971.66600364 0.0
396226856.96610844 0.0
396086841.29157656 0.0
395946924.53746635 0.0
395807106.5989848 0.0
395667387.3714866 0.0
395527766.7504742 0.0
395388244.6315975 0.0
395248820.9106537 0.0
395109495.4835867 0.0
394970268.24648726 0.0
394831139.09559244 0.0
394692107.92728555 0.0
394553174.6380957 0.0
394414339.1246976 0.0
394275601.2839115 0.0
394136961.01270276 0.0
393998418.20818144 0.0
393859972.76760226 0.0
393721624.5883645 0.0
393583373.5680113 0.0
393445219.60422975 0.0
393307162.59485066 0.0
393169202.43784803 0.0
393031339.03133905 0.0
392893572.2735837 0.0
392755902.0629846 0.0
392618328.29808664 0.0
392480850.87757695 0.0
392343469.7002844 0.0
392206184.66517955 0.0
392068995.67137426 0.0
391931902.61812145 0.0
391794905.40481496 0.0
391658003.9309893 0.0
391521198.09631926 0.0
391384487.80061984 0.0
391247872.94384575 0.0
391111353.42609155 0.0
390974929.14759105 0.0
390838600.0087173 0.0
390702365.90998214 0.0
390566226.7520363 0.0
390430182.4356686 0.0
390294232.86180633 0.0
390158377.9315146 0.0
390022617.5459963 0.0
389886951.60659164 0.0
389751380.01477814 0.0
389615902.67217034 0.0
389480519.48051953 0.0
389345230.34171337 0.0
389210035.157776 0.0
389074933.8308674 0.0
388939926.2632835 0.0
388805012.3574557 0.0
388670192.0159508 0.0
388535465.1414706 0.0
388400831.6368519 0.0
388266291.4050661 0.0
388131844.3492187 0.0
387997490.3725499 0.0
387863229.37843335 0.0
387729061.2703766 0.0
387594985.95202076 0.0
387461003.32714 0.0
387327113.2996415 0.0
387193315.77356535 0.0
387059610.65308416 0.0
386925997.84250265 0.0
386792477.2462581 0.0
386659048.768919 0.0
386525712.315186 0.0
386392467.78989094 0.0
386259315.097997 0.0
386126254.14459807 0.0
385993284.8349189 0.0
385860407.0743148 0.0
385727620.7682712 0.0
385594925.8224038 0.0
385462322.14245796 0.0
385329809.6343088 0.0
385197388.20396066 0.0
385065057.75754714 0.0
384932818.2013307 0.0
384800669.44170284 0.0
384668611.385183 0.0
384536643.93841934 0.0
384404767.00818795 0.0
384272980.5013928 0.0
384141284.3250654 0.0
384009678.3863646 0.0
383878162.59257674 0.0
383746736.85111487 0.0
383615401.06951874 0.0
383484155.1554548 0.0
383352999.0167159 0.0
383221932.5612206 0.0
383090955.69701374 0.0
382960068.3322656 0.0
382829270.3752722 0.0
382698561.7344544 0.0
382567942.3183583 0.0
382437412.03565484 0.0
382306970.7951397 0.0
382176618.5057325 0.0
382046355.07647735 0.0
381916180.4165424 0.0
381786094.4352195 0.0
381656097.0419239 0.0
381526188.1461941 0.0
381396367.6576922 0.0
381266635.48620266 0.0
381136991.54163307 0.0
381007435.73401314 0.0
380877967.97349536 0.0
380748588.1703537 0.0
380619296.2349845 0.0
380490092.07790554 0.0
380360975.6097561 0.0
380231946.7412967 0.0
380103005.3834089 0.0
379974151.4470952 0.0
379845384.8434787 0.0
379716705.48380274 0.0
379588113.27943105 0.0
379459608.1418476 0.0
379331189.9826558 0.0
379202858.7135789 0.0
379074614.24645954 0.0
378946456.49325955 0.0
378818385.3660598 0.0
378690400.77705985 0.0
378562502.6385781 0.0
378434690.8630513 0.0
378306965.36303425 0.0
378179326.05119985 0.0
378051772.84033895 0.0
377924305.6433599 0.0
377796924.3732884 0.0
377669628.94326746 0.0
377542419.2665572 0.0
377415295.2565344 0.0
377288256.82669246 0.0
377161303.89064145 0.0
377034436.36210746 0.0
376907654.15493256 0.0
376780957.1830749 0.0
376654345.3606082 0.0
376527818.60172164 0.0
376401376.8207195 0.0
376275019.9320213 0.0
376148747.8501615 0.0
376022560.4897891 0.0
375896457.76566756 0.0
375770439.59267485 0.0
375644505.8858029 0.0
375518656.56015754 0.0
375392891.53095824 0.0
375267210.7135384 0.0
375141614.0233444 0.0
375016101.3759358 0.0
374890672.68698525 0.0
374765327.87227815 0.0
374640066.8477126 0.0
374514889.5292988 0.0
374389795.8331594 0.0
374264785.67552906 0.0
374139858.97275424 0.0
374015015.641293 0.0
373890255.5977151 0.0
373765578.7587012 0.0
373640985.0410434 0.0
373516474.3616445 0.0
373392046.63751817 0.0
373267701.78578866 0.0
373143439.7236902 0.0
373019260.3685678 0.0
372895163.63787585 0.0
372771149.449179 0.0
372647217.72015125 0.0
372523368.3685763 0.0
372399601.31234694 0.0
372275916.4694649 0.0
372152313.7580411 0.0
372028793.09629506 0.0
371905354.40255487 0.0
371781997.59525687 0.0
371658722.5929457 0.0
371535529.3142739 0.0
371412417.67800194 0.0
371289387.6029978 0.0
371166439.0082371 0.0
371043571.8128026 0.0
370920785.93588424 0.0
370798081.29677874 0.0
370675457.8148898 0.0
370552915.4097277 0.0
370430454.00090885 0.0
370308073.5081562 0.0
370185773.8512984 0.0
370063554.95027035 0.0
369941416.7251124 0.0
369819359.09597063 0.0
369697381.9830963 0.0
369575485.30684584 0.0
369453668.9876808 0.0
369331932.94616747 0.0
369210277.1029769 0.0
369088701.37888455 0.0
368967205.6947703 0.0
368845789.9716178 0.0
368724454.1305152 0.0
368603198.0926542 0.0
368482021.7793302 0.0
368360925.1119419 0.0
368239908.0119914 0.0
368118970.4010838 0.0
367998112.20092744 0.0
367877333.3333334 0.0
367756633.7202149 0.0
367636013.2835883 0.0
367515471.94557154 0.0
367395009.62838525 0.0
367274626.2543518 0.0
367154321.74589527 0.0
367034096.02554137 0.0
366913949.0159172 0.0
366793880.6397513 0.0
366673890.8198732 0.0
366553979.47921354 0.0
366434146.54080343 0.0
366314391.9277749 0.0
366194715.56336015 0.0
366075117.370892 0.0
365955597.2738032 0.0
365836155.1956265 0.0
365716791.05999434 0.0
365597504.7906389 0.0
365478296.3113919 0.0
365359165.54618424 0.0
365240112.4190461 0.0
365121136.8541065 0.0
365002238.77559334 0.0
364883418.1078332 0.0
364764674.77525115 0.0
364646008.70237076 0.0
364527419.81381357 0.0
364408908.03429925 0.0
364290473.28864515 0.0
364172115.5017667 0.0
364053834.59867644 0.0
363935630.5044848 0.0
363817503.1443989 0.0
363699452.44372344 0.0
363581478.3278596 0.0
363463580.72230554 0.0
363345759.5526561 0.0
363228014.74460244 0.0
363110346.223932 0.0
362992753.9165284 0.0
362875237.7483712 0.0
362757797.6455358 0.0
362640433.5341934 0.0
362523145.3406105 0.0
362405932.99114907 0.0
362288796.4122662 0.0
362171735.5305141 0.0
362054750.27254003 0.0
361937840.56508577 0.0
361821006.33498776 0.0
361704247.50917673 0.0
361587564.01467794 0.0
361470955.7786109 0.0
361354422.72818863 0.0
361237964.7907183 0.0
361121581.8936008 0.0
361005273.9643303 0.0
360889040.9304946 0.0
360772882.71977466 0.0
360656799.2599445 0.0
360540790.47887105 0.0
360424856.3045139 0.0
360308996.6649254 0.0
360193211.4882506 0.0
360077500.7027266 0.0
359961864.2366826 0.0
359846302.0185401 0.0
359730813.9768123 0.0
359615400.04010427 0.0
359500060.1371126 0.0
359384794.1966254 0.0
359269602.14752203 0.0
359154483.9187728 0.0
359039439.4394394 0.0
358924468.63867426 0.0
358809571.4457205 0.0
358694747.7899116 0.0
358579997.6006718 0.0
358465320.8075155 0.0
358350717.3400471 0.0
358236187.12796134 0.0
358121730.1010424 0.0
358007346.18916446 0.0
357893035.322291 0.0
357778797.4304752 0.0
357664632.44385946 0.0
357550540.2926752 0.0
357436520.9072429 0.0
357322574.2179717 0.0
357208700.1553599 0.0
357094898.649994 0.0
356981169.63254905 0.0
356867513.0337884 0.0
356753928.7845634 0.0
356640416.8158136 0.0
356526977.0585662 0.0
356413609.4439366 0.0
356300313.90312713 0.0
356187090.36742806 0.0
356073938.76821667 0.0
355960859.0369577 0.0
355847851.10520256 0.0
355734914.90459 0.0
355622050.3668452 0.0
355509257.42377996 0.0
355396536.0072926 0.0
355283886.049368 0.0
355171307.48207706 0.0
355058800.2375768 0.0
354946364.24810994 0.0
354833999.4460053 0.0
354721705.7636773 0.0
354609483.133626 0.0
354497331.48843646 0.0
354385250.7607794 0.0
354273240.88341045 0.0
354161301.7891702 0.0
354049433.4109843 0.0
353937635.681863 0.0
353825908.5349012 0.0
353714251.90327805 0.0
353602665.7202571 0.0
353491149.9191863 0.0
353379704.43349755 0.0
353268329.1967065 0.0
353157024.1424127 0.0
353045789.2042994 0.0
352934624.3161334 0.0
352823529.4117647 0.0
352712504.42512685 0.0
352601549.29023635 0.0
352490663.94119275 0.0
352379848.31217825 0.0
352269102.3374582 0.0
352158425.95138043 0.0
352047819.08837503 0.0
351937281.6829546 0.0
351826813.669714 0.0
351716414.98333013 0.0
351606085.55856174 0.0
351495825.3302497 0.0
351385634.2333164 0.0
351275512.20276576 0.0
351165459.17368317 0.0
351055475.0812355 0.0
350945559.8606708 0.0
350835713.447318 0.0
350725935.77658707 0.0
350616226.78396875 0.0
350506586.40503466 0.0
350397014.5754367 0.0
350287511.23090744 0.0
350178076.3072598 0.0
350068709.7403866 0.0
349959411.4662608 0.0
349850181.4209356 0.0
349741019.54054374 0.0
349631925.76129764 0.0
349522900.0194894 0.0
349413942.2514905 0.0
349305052.39375174 0.0
349196230.3828031 0.0
349087476.15525365 0.0
348978789.64779145 0.0
348870170.7971833 0.0
348761619.5402746 0.0
348653135.81398964 0.0
348544719.555331 0.0
348436370.7013795 0.0
348328089.1892942 0.0
348219874.95631236 0.0
348111727.9397492 0.0
348003648.0769977 0.0
347895635.30552864 0.0
347787689.5628903 0.0
347679810.7867086 0.0
347571998.9146866 0.0
347464253.88460493 0.0
347356575.63432115 0.0
347248964.1017698 0.0
347141419.22496235 0.0
347033940.941987 0.0
346926529.19100857 0.0
346819183.9102688 0.0
346711905.0380853 0.0
346604692.51285225 0.0
346497546.27303994 0.0
346390466.25719476 0.0
346283452.403939 0.0
346176504.6519708 0.0
346069622.9400641 0.0
345962807.2070682 0.0
345856057.39190805 0.0
345749373.4335839 0.0
345642755.27117145 0.0
345536202.8438211 0.0
345429716.0907585 0.0
345323294.9512843 0.0
345216939.3647738 0.0
345110649.270677 0.0
345004424.60851836 0.0
344898265.3178969 0.0
344792171.3384859 0.0
344686142.61003274 0.0
344580179.072359 0.0
344474280.6653605 0.0
344368447.3290065 0.0
344262679.0033402 0.0
344156975.6284782 0.0
344051337.1446112 0.0
343945763.4920026 0.0
343840254.6109897 0.0
343734810.4419826 0.0
343629430.9254647 0.0
343524116.0019921 0.0
343418865.61219406 0.0
343313679.69677246 0.0
343208558.19650173 0.0
343103501.0522288 0.0
342998508.2048732 0.0
342893579.59542656 0.0
342788715.16495275 0.0
342683914.85458785 0.0
342579178.6055397 0.0
342474506.35908806 0.0
342369898.05658436 0.0
342265353.63945186 0.0
342160873.04918534 0.0
342056456.2273508 0.0
341952103.1155856 0.0
341847813.65559834 0.0
341743587.7891688 0.0
341639425.45814764 0.0
341535326.6044563 0.0
341431291.1700872 0.0
341327319.0971033 0.0
341223410.32763803 0.0
341119564.8038955 0.0
341015782.46814984 0.0
340912063.26274574 0.0
340808407.1300977 0.0
340704814.0126904 0.0
340601283.85307854 0.0
340497816.59388644 0.0
340394412.17780817 0.0
340291070.54760736 0.0
340187791.6461171 0.0
340084575.41624004 0.0
339981421.80094784 0.0
339878330.74328166 0.0
339775302.1863514 0.0
339672336.0733362 0.0
339569432.34748363 0.0
339466590.9521105 0.0
339363811.83060217 0.0
339261094.92641217 0.0
339158440.1830629 0.0
339055847.54414487 0.0
338953316.953317 0.0
338850848.354306 0.0
338748441.69090706 0.0
338646096.90698296 0.0
338543813.9464643 0.0
338441592.75334966 0.0
338339433.27170503 0.0
338237335.44566405 0.0
338135299.2194276 0.0
338033324.537264 0.0
337931411.3435086 0.0
337829559.5825642 0.0
337727769.19890016 0.0
337626040.1370534 0.0
337524372.3416269 0.0
337422765.7572907 0.0
337321220.3287816 0.0
337219736.00090253 0.0
337118312.71852326 0.0
337016950.4265795 0.0
336915649.0700733 0.0
336814408.59407276 0.0
336713228.94371223 0.0
336612110.0641916 0.0
336511051.90077686 0.0
336410054.39879954 0.0
336309117.5036568 0.0
336208241.16081136 0.0
336107425.3157914 0.0
336006669.9141904 0.0
335905974.901667 0.0
335805340.22394496 0.0
335704765.826813 0.0
335604251.65612483 0.0
335503797.6577992 0.0
335403403.77781934 0.0
335303069.9622331 0.0
335202796.15715307 0.0
335102582.30875593 0.0
335002428.36328316 0.0
334902334.2670402 0.0
334802299.9663966 0.0
334702325.40778625 0.0
334602410.5377066 0.0
334502555.3027194 0.0
334402759.64944994 0.0
334303023.52458715 0.0
334203346.8748836 0.0
334103729.6471553 0.0
334004171.78828174 0.0
333904673.2452057 0.0
333805233.96493316 0.0
333705853.89453316 0.0
333606532.98113775 0.0
333507271.1719419 0.0
333408068.4142034 0.0
333308924.65524286 0.0
333209839.8424436 0.0
333110813.9232513 0.0
333011846.845174 0.0
332912938.5557825 0.0
332814089.00270945 0.0
332715298.13365 0.0
332616565.89636123 0.0
332517892.2386621 0.0
332419277.1084337 0.0
332320720.4536189 0.0
332222222.2222222 0.0
