332222222.2222222 0.0
332074584.3054475 0.0
331927077.5495096 0.0
331779701.77970177 0.0
331632456.82162803 0.0
331485342.5012014 0.0
331338358.644644 0.0
331191505.07848567 0.0
331044781.629564 0.0
330898188.12502307 0.0
330751724.39231306 0.0
330605390.2591896 0.0
330459185.5537129 0.0
330313110.1042473 0.0
330167163.7394602 0.0
330021346.2883221 0.0
329875657.58010525 0.0
329730097.4443832 0.0
329584665.71103024 0.0
329439362.2102209 0.0
329294186.7724285 0.0
329149139.2284256 0.0
329004219.40928274 0.0
328859427.1463674 0.0
328714762.27134424 0.0
328570224.6161738 0.0
328425814.0131121 0.0
328281530.29470986 0.0
328137373.293812 0.0
327993342.8435568 0.0
327849438.7773756 0.0
327705660.9289917 0.0
327562009.1324201 0.0
327418483.2219666 0.0
327275083.03222746 0.0
327131808.39808834 0.0
326988659.1547241 0.0
326845635.137598 0.0
326702736.1824607 0.0
326559962.1253506 0.0
326417312.80259186 0.0
326274788.050795 0.0
326132387.7068558 0.0
325990111.6079543 0.0
325847959.59155494 0.0
325705931.49540514 0.0
325564027.15753555 0.0
325422246.4162584 0.0
325280589.110168 0.0
325139055.0781392 0.0
324997644.15932727 0.0
324856356.1931674 0.0
324715191.0193735 0.0
324574148.4779383 0.0
324433228.409132 0.0
324292430.6535026 0.0
324151755.05187434 0.0
324011201.44534785 0.0
323870769.67529887 0.0
323730459.58337843 0.0
323590271.0115117 0.0
323450203.8018973 0.0
323310257.7970074 0.0
323170432.83958626 0.0
323030728.7726503 0.0
322891145.4394872 0.0
322751682.6836555 0.0
322612340.34898365 0.0
322473118.2795699 0.0
322334016.3197814 0.0
322195034.31425387 0.0
322056172.10789067 0.0
321917429.54586244 0.0
321778806.4736068 0.0
321640302.736827 0.0
321501918.18149227 0.0
321363652.65383655 0.0
321225506.0003583 0.0
321087478.06781965 0.0
320949568.70324636 0.0
320811777.7539265 0.0
320674105.06741047 0.0
320536550.4915103 0.0
320399113.8742988 0.0
320261795.06410944 0.0
320124593.9095355 0.0
319987510.25942975 0.0
319850543.9629035 0.0
319713694.86932653 0.0
319576962.828326 0.0
319440347.6897866 0.0
319303849.30384934 0.0
319167467.52091116 0.0
319031202.1916249 0.0
318895053.16689783 0.0
318759020.29789203 0.0
318623103.4360231 0.0
318487302.43296045 0.0
318351617.14062554 0.0
318216047.4111927 0.0
318080593.09708774 0.0
317945254.0509875 0.0
317810030.12581956 0.0
317674921.1747618 0.0
317539927.0512412 0.0
317405047.60893416 0.0
317270282.70176554 0.0
317135632.18390805 0.0
317001095.90978193 0.0
316866673.7340542 0.0
316732365.5116386 0.0
316598171.09769446 0.0
316464090.34762657 0.0
316330123.1170847 0.0
316196269.2619627 0.0
316062528.63839835 0.0
315928901.1027728 0.0
315795386.51170987 0.0
315661984.7220755 0.0
315528695.5909778 0.0
315395518.97576594 0.0
315262454.7340295 0.0
315129502.72359866 0.0
314996662.8025432 0.0
314863934.8291724 0.0
314731318.6620336 0.0
314598814.159913 0.0
314466421.18183416 0.0
314334139.5870579 0.0
314201969.2350818 0.0
314069909.98563975 0.0
313937961.69870114 0.0
313806124.23447067 0.0
313674397.4533879 0.0
313542781.21612644 0.0
313411275.38359374 0.0
313279879.8169304 0.0
313148594.3775101 0.0
313017418.92693824 0.0
312886353.3270526 0.0
312755397.43992186 0.0
312624551.12784576 0.0
312493814.25335425 0.0
312363186.67920715 0.0
312232668.26839375 0.0
312102258.8841321 0.0
311971958.38986886 0.0
311841766.6492784 0.0
311711683.52626276 0.0
311581708.8849508 0.0
311451842.58969814 0.0
311322084.5050863 0.0
311192434.4959222 0.0
311062892.42723835 0.0
310933458.16429144 0.0
310804131.5725625 0.0
310674912.5177563 0.0
310545800.8658009 0.0
310416796.482847 0.0
310287899.23526764 0.0
310159108.9896579 0.0
310030425.6128341 0.0
309901848.9718334 0.0
309773378.93391365 0.0
309645015.36655277 0.0
309516758.1374478 0.0
309388607.1145154 0.0
309260562.1658907 0.0
309132623.15992695 0.0
309004789.96519524 0.0
308877062.4504839 0.0
308749440.48479843 0.0
308621923.93736017 0.0
308494512.6776069 0.0
308367206.57519174 0.0
308240005.49998283 0.0
308112909.32206297 0.0
307985917.91172934 0.0
307859031.1394926 0.0
307732248.87607676 0.0
307605570.99241877 0.0
307478997.3596681 0.0
307352527.84918594 0.0
307226162.3325453 0.0
307099900.68153024 0.0
306973742.7681353 0.0
306847688.4645656 0.0
306721737.6432358 0.0
306595890.1767703 0.0
306470145.938002 0.0
306344504.7999726 0.0
306218966.63593215 0.0
306093531.3193377 0.0
305968198.72385436 0.0
305842968.72335345 0.0
305717841.191913 0.0
305592816.0038169 0.0
305467893.03355473 0.0
305343072.15582114 0.0
305218353.24551547 0.0
305093736.17774147 0.0
304969220.8278067 0.0
304844807.0712222 0.0
304720494.783702 0.0
304596283.8411631 0.0
304472174.1197243 0.0
304348165.4957065 0.0
304224257.84563184 0.0
304100451.0462238 0.0
303976744.9744059 0.0
303853139.50730234 0.0
303729634.52223694 0.0
303606229.8967327 0.0
303482925.50851184 0.0
303359721.2354951 0.0
303236616.9558013 0.0
303113612.547747 0.0
302990707.88984627 0.0
302867902.86081 0.0
302745197.3395456 0.0
302622591.20515674 0.0
302500084.336943 0.0
302377676.61439896 0.0
302255367.9172144 0.0
302133158.12527376 0.0
302011047.1186555 0.0
301889034.77763194 0.0
301767120.98266864 0.0
301645305.61442465 0.0
301523588.553751 0.0
301401969.68169135 0.0
301280448.8794812 0.0
301159026.0285474 0.0
301037701.01050794 0.0
300916473.7071713 0.0
300795344.00053674 0.0
300674311.7727928 0.0
300553376.90631807 0.0
300432539.28368014 0.0
300311798.7876352 0.0
300191155.30112815 0.0
300070608.7072917 0.0
299950158.88944644 0.0
299829805.7310997 0.0
299709549.1159464 0.0
299589388.9278674 0.0
299469325.05093014 0.0
299349357.3693874 0.0
299229485.7676778 0.0
299109710.1304246 0.0
298990030.342436 0.0
298870446.28870445 0.0
298750957.8544061 0.0
298631564.92490095 0.0
298512267.3857319 0.0
298393065.12262493 0.0
298273958.0214882 0.0
298154945.96841234 0.0
298036028.8496693 0.0
297917206.55171275 0.0
297798478.961177 0.0
297679845.9648773 0.0
297561307.4498092 0.0
297442863.3031479 0.0
297324513.41224843 0.0
297206257.6646449 0.0
297088095.94805026 0.0
296970028.150356 0.0
296852054.1596318 0.0
296734173.86412525 0.0
296616387.1522609 0.0
296498693.9126409 0.0
296381094.03404397 0.0
296263587.4054251 0.0
296146173.9159153 0.0
296028853.4548215 0.0
295911625.9116259 0.0
295794491.1759855 0.0
295677449.137732 0.0
295560499.68687165 0.0
295443642.7135844 0.0
295326878.1082238 0.0
295210205.7613169 0.0
295093625.56356335 0.0
294977137.40583575 0.0
294860741.17917854 0.0
294744436.7748086 0.0
294628224.08411366 0.0
294512102.9986534 0.0
294396073.4101579 0.0
294280135.210528 0.0
294164288.2918348 0.0
294048532.54631907 0.0
293932867.86639136 0.0
293817294.1446312 0.0
293701811.2737873 0.0
293586419.1467767 0.0
293471117.6566847 0.0
293355906.69676447 0.0
293240786.1604369 0.0
293125755.9412899 0.0
293010815.9330784 0.0
292895966.029724 0.0
292781206.12531424 0.0
292666536.11410296 0.0
292551955.89050925 0.0
292437465.3491179 0.0
292323064.38467807 0.0
292208752.8921041 0.0
292094530.7664745 0.0
291980397.90303147 0.0
291866354.1971813 0.0
291752399.54449326 0.0
291638533.8406999 0.0
291524756.98169637 0.0
291411068.86354035 0.0
291297469.38245136 0.0
291183958.4348109 0.0
291070535.91716164 0.0
290957201.72620785 0.0
290843955.7588142 0.0
290730797.91200596 0.0
290617728.0829687 0.0
290504746.16904783 0.0
290391852.0677483 0.0
290279045.67673427 0.0
290166326.8938291 0.0
290053695.6170144 0.0
289941151.7444304 0.0
289828695.1743754 0.0
289716325.8053051 0.0
289604043.5358331 0.0
289491848.26472956 0.0
289379739.890922 0.0
289267718.31349397 0.0
289155783.4316855 0.0
289043935.1448925 0.0
288932173.3526663 0.0
288820497.9547138 0.0
288708908.85089666 0.0
288597405.94123137 0.0
288485989.1258887 0.0
288374658.3051937 0.0
288263413.37962514 0.0
288152254.2498152 0.0
288041180.8165494 0.0
287930192.9807662 0.0
287819290.6435564 0.0
287708473.7061635 0.0
287597742.069983 0.0
287487095.6365618 0.0
287376534.30759865 0.0
287266057.9849431 0.0
287155666.570596 0.0
287045359.96670824 0.0
286935138.0755816 0.0
286825000.79966736 0.0
286714948.0415668 0.0
286604979.7040304 0.0
286495095.6899581 0.0
286385295.9023985 0.0
286275580.24454874 0.0
286165948.61975425 0.0
286056400.9315086 0.0
285946937.08345294 0.0
285837556.97937584 0.0
285728260.5232132 0.0
285619047.61904764 0.0
285509918.17110837 0.0
285400872.08377093 0.0
285291909.26155704 0.0
285183029.609134 0.0
285074233.03131455 0.0
284965519.4330569 0.0
284856888.71946377 0.0
284748340.7957829 0.0
284639875.56740624 0.0
284531492.9398699 0.0
284423192.8188537 0.0
284314975.11018103 0.0
284206839.7198187 0.0
284098786.55387634 0.0
283990815.5186065 0.0
283882926.520404 0.0
283775119.4658059 0.0
283667394.26149124 0.0
283559750.81428075 0.0
283452189.0311364 0.0
283344708.81916136 0.0
283237310.08559966 0.0
283129992.7378359 0.0
283022756.6833949 0.0
282915601.82994163 0.0
282808528.08528084 0.0
282701535.3573568 0.0
282594623.5542529 0.0
282487792.58419174 0.0
282381042.3555346 0.0
282274372.77678096 0.0
282167783.7565688 0.0
282061275.203674 0.0
281954847.02701 0.0
281848499.13562787 0.0
281742231.4387155 0.0
281636043.8455982 0.0
281529936.26573735 0.0
281423908.60873115 0.0
281317960.78431374 0.0
281212092.7023552 0.0
281106304.2728612 0.0
281000595.40597284 0.0
280894966.0119663 0.0
280789416.00125253 0.0
280683945.2843772 0.0
280578553.7720204 0.0
280473241.3749961 0.0
280368008.00425225 0.0
280262853.57087046 0.0
280157777.98606557 0.0
280052781.1611855 0.0
279947863.00771123 0.0
279843023.43725616 0.0
279738262.36156607 0.0
279633579.6925188 0.0
279528975.34212416 0.0
279424449.22252345 0.0
279320001.2459895 0.0
279215631.3249261 0.0
279111339.3718679 0.0
279007125.2994804 0.0
278902989.0205592 0.0
278798930.44803035 0.0
278694949.49494946 0.0
278591046.0745021 0.0
278487220.1000031 0.0
278383471.4848965 0.0
278279800.14275515 0.0
278176205.98728096 0.0
278072688.9323038 0.0
277969248.8917821 0.0
277865885.77980226 0.0
277762599.51057833 0.0
277659389.99845177 0.0
277556257.15789145 0.0
277453200.90349334 0.0
277350221.1499799 0.0
277247317.8122005 0.0
277144490.8051306 0.0
277041740.0438719 0.0
276939065.44365174 0.0
276836466.91982335 0.0
276733944.38786536 0.0
276631497.7633811 0.0
276529126.9620995 0.0
276426831.8998736 0.0
276324612.4926813 0.0
276222468.65662444 0.0
276120400.30792916 0.0
276018407.3629452 0.0
275916489.73814577 0.0
275814647.35012764 0.0
275712880.1156105 0.0
275611187.95143694 0.0
275509570.77457213 0.0
275408028.5021039 0.0
275306561.0512419 0.0
275205168.33931804 0.0
275103850.2837858 0.0
275002606.80222034 0.0
274901437.81231797 0.0
274800343.23189604 0.0
274699322.9788929 0.0
274598376.9713673 0.0
274497505.1274987 0.0
274396707.36558646 0.0
274295983.60405004 0.0
274195333.7614286 0.0
274094757.75638086 0.0
273994255.5076848 0.0
273893826.9342374 0.0
273793471.9550548 0.0
273693190.48927146 0.0
273592982.45614034 0.0
273492847.77503276 0.0
273392786.365438 0.0
273292798.14696294 0.0
273192883.03933215 0.0
273093040.9623877 0.0
272993271.8360886 0.0
272893575.5805107 0.0
272793952.11584675 0.0
272694401.36240613 0.0
272594923.24061406 0.0
272495517.6710122 0.0
272396184.57425797 0.0
272296923.8711245 0.0
272197735.4825001 0.0
272098619.3293885 0.0
271999575.3329087 0.0
271900603.41429394 0.0
271801703.49489254 0.0
271702875.496167 0.0
271604119.3396941 0.0
271505434.9471644 0.0
271406822.24038255 0.0
271308281.1412665 0.0
271209811.5718477 0.0
271111413.4542706 0.0
271013086.7107928 0.0
270914831.2637844 0.0
270816647.0357283 0.0
270718533.9492196 0.0
270620491.9269654 0.0
270522520.8917851 0.0
270424620.7666093 0.0
270326791.4744807 0.0
270229032.93855286 0.0
270131345.0820907 0.0
270033727.82846993 0.0
269936181.10117704 0.0
269838704.8238091 0.0
269741298.9200734 0.0
269643963.3137874 0.0
269546697.9288784 0.0
269449502.6893837 0.0
269352377.5194497 0.0
269255322.3433324 0.0
269158337.08539695 0.0
269061421.6701173 0.0
268964576.02207625 0.0
268867800.065965 0.0
268771093.7265833 0.0
268674456.92883897 0.0
268577889.5977476 0.0
268481391.65843284 0.0
268384963.03612587 0.0
268288603.6561649 0.0
268192313.44399577 0.0
268096092.32517114 0.0
267999940.22535047 0.0
267903857.07029966 0.0
267807842.78589132 0.0
267711897.29810423 0.0
267616020.53302294 0.0
267520212.4168382 0.0
267424472.87584624 0.0
267328801.83644876 0.0
267233199.22515273 0.0
267137664.9685703 0.0
267042198.9934185 0.0
266946801.226519 0.0
266851471.5947981 0.0
266756210.02528635 0.0
266661016.44511852 0.0
266565890.78153333 0.0
266470832.96187335 0.0
266375842.91358465 0.0
266280920.5642168 0.0
266186065.8414225 0.0
266091278.67295766 0.0
265996558.9866809 0.0
265901906.7105536 0.0
265807321.77263972 0.0
265712804.10110527 0.0
265618353.62421873 0.0
265523970.27035028 0.0
265429653.96797204 0.0
265335404.64565763 0.0
265241222.23208213 0.0
265147106.65602177 0.0
265053057.84635392 0.0
264959075.73205686 0.0
264865160.24220943 0.0
264771311.3059911 0.0
264677528.85268158 0.0
264583812.81166092 0.0
264490163.11240894 0.0
264396579.68450534 0.0
264303062.4576296 0.0
264209611.3615605 0.0
264116226.32617596 0.0
264022907.2814533 0.0
263929654.15746877 0.0
263836466.88439697 0.0
263743345.39251155 0.0
263650289.61218426 0.0
263557299.47388536 0.0
263464374.90818274 0.0
263371515.8457426 0.0
263278722.2173288 0.0
263185993.95380235 0.0
263093330.9861221 0.0
263000733.2453439 0.0
262908200.6626206 0.0
262815733.1692019 0.0
262723330.6964343 0.0
262630993.17576078 0.0
262538720.53872055 0.0
262446512.7169491 0.0
262354369.64217794 0.0
262262291.2462344 0.0
262170277.46104142 0.0
262078328.21861756 0.0
261986443.45107663 0.0
261894623.09062767 0.0
261802867.0695746 0.0
261711175.32031637 0.0
261619547.77534646 0.0
261527984.36725292 0.0
261436485.02871805 0.0
261345049.6925184 0.0
261253678.29152465 0.0
261162370.758701 0.0
261071127.02710575 0.0
260979947.02989027 0.0
260888830.70029968 0.0
260797777.97167206 0.0
260706788.77743855 0.0
260615863.05112332 0.0
260525000.726343 0.0
260434201.73680696 0.0
260343466.0163168 0.0
260252793.4987665 0.0
260162184.118142 0.0
260071637.8085211 0.0
259981154.5040735 0.0
259890734.1390604 0.0
259800376.64783427 0.0
259710081.96483907 0.0
259619850.02460983 0.0
259529680.76177245 0.0
259439574.1110436 0.0
259349530.00723064 0.0
259259548.38523147 0.0
259169629.1800341 0.0
259079772.3267169 0.0
258989977.76044828 0.0
258900245.41648623 0.0
258810575.23017865 0.0
258720967.13696295 0.0
258631421.07236597 0.0
258541936.97200355 0.0
258452514.7715809 0.0
258363154.406892 0.0
258273855.81381953 0.0
258184618.9283349 0.0
258095443.686498 0.0
258006330.02445692 0.0
257917277.87844798 0.0
257828287.1847954 0.0
257739357.87991148 0.0
257650489.90029597 0.0
257561683.18253624 0.0
257472937.66330722 0.0
257384253.2793708 0.0
257295629.96757627 0.0
257207067.66485956 0.0
257118566.30824372 0.0
257030125.83483818 0.0
256941746.181839 0.0
256853427.28652862 0.0
256765169.08627552 0.0
256676971.51853442 0.0
256588834.52084586 0.0
256500758.0308361 0.0
256412741.98621714 0.0
256324786.32478634 0.0
256236890.98442635 0.0
256149055.90310508 0.0
256061281.01887545 0.0
255973566.26987526 0.0
255885911.59432697 0.0
255798316.9305377 0.0
255710782.21689907 0.0
255623307.3918869 0.0
255535892.39406112 0.0
255448537.1620659 0.0
255361241.6346291 0.0
255274005.75056225 0.0
255186829.4487606 0.0
255099712.6682029 0.0
255012655.34795097 0.0
254925657.42714998 0.0
254838718.84502795 0.0
254751839.54089606 0.0
254665019.45414785 0.0
254578258.5242597 0.0
254491556.6907904 0.0
254404913.89338103 0.0
254318330.07175472 0.0
254231805.1657169 0.0
254145339.11515462 0.0
254058931.86003682 0.0
253972583.34041408 0.0
253886293.49641836 0.0
253800062.268263 0.0
253713889.59624252 0.0
253627775.42073256 0.0
253541719.6821896 0.0
253455722.32115093 0.0
253369783.27823457 0.0
253283902.4941389 0.0
253198079.90964282 0.0
253112315.46560532 0.0
253026609.10296565 0.0
252940960.76274294 0.0
252855370.38603616 0.0
252769837.91402397 0.0
252684363.28796458 0.0
252598946.44919574 0.0
252513587.3391343 0.0
252428285.89927655 0.0
252343042.0711974 0.0
252257855.79655105 0.0
252172727.01707023 0.0
252087655.67456633 0.0
252002641.71092936 0.0
251917685.06812757 0.0
251832785.6882074 0.0
251747943.51329345 0.0
251663158.48558837 0.0
251578430.54737255 0.0
251493759.6410041 0.0
251409145.7089186 0.0
251324588.69362932 0.0
251240088.5377266 0.0
251155645.18387806 0.0
251071258.57482854 0.0
250986928.6533994 0.0
250902655.36248916 0.0
250818438.64507285 0.0
250734278.44420213 0.0
250650174.70300487 0.0
250566127.3646855 0.0
250482136.37252438 0.0
250398201.66987798 0.0
250314323.20017865 0.0
250230500.90693456 0.0
250146734.73372948 0.0
250063024.62422264 0.0
249979370.5221488 0.0
249895772.3713179 0.0
249812230.115615 0.0
249728743.69900018 0.0
249645313.06550848 0.0
249561938.15924966 0.0
249478618.9244081 0.0
249395355.30524266 0.0
249312147.2460867 0.0
249228994.69134772 0.0
249145897.58550745 1.0
249062855.8731217 1.0
248979869.49881992 1.0
248896938.40730563 1.0
248814062.54335582 1.0
248731241.851821 1.0
248648476.27762526 1.0
248565765.76576576 1.0
248483110.26131296 1.0
248400509.70941022 1.0
248317964.055274 1.0
248235473.24419346 1.0
248153037.22153038 1.0
248070655.93271917 1.0
247988329.32326669 1.0
247906057.33875203 1.0
247823839.92482656 1.0
247741677.0272137 1.0
247659568.5917088 1.0
247577514.56417903 1.0
247495514.8905633 1.0
247413569.51687226 1.0
247331678.3891877 1.0
247249841.45366308 1.0
247168058.65652305 1.0
247086329.9440633 1.0
247004655.26265046 1.0
246923034.55872226 1.0
246841467.77878714 1.0
246759954.86942402 1.0
246678495.7772826 1.0
246597090.44908285 1.0
246515738.83161515 1.0
246434440.8717399 1.0
246353196.51638776 1.0
246272005.7125594 1.0
246190868.40732506 1.0
246109784.5478249 1.0
246028754.0812687 1.0
245947776.9549357 1.0
245866853.11617446 1.0
245785982.512403 1.0
245705165.09110838 1.0
245624400.79984662 1.0
245543689.58624277 1.0
245463031.39799073 1.0
245382426.18285307 1.0
245301873.88866094 1.0
245221374.46331394 1.0
245140927.85478005 1.0
245060534.0110956 1.0
244980192.88036495 1.0
244899904.41076064 1.0
244819668.55052283 1.0
244739485.24795982 1.0
244659354.45144746 1.0
244579276.10942912 1.0
244499250.17041582 1.0
244419276.5829858 1.0
244339355.29578462 1.0
244259486.25752497 1.0
244179669.4169866 1.0
244099904.7230162 1.0
244020192.12452716 1.0
243940531.57049972 1.0
243860923.0099807 1.0
243781366.3920833 1.0
243701861.6659872 1.0
243622408.7809384 1.0
243543007.68624893 1.0
243463658.331297 1.0
243384360.66552666 1.0
243305114.638448 1.0
243225920.19963652 1.0
243146777.29873365 1.0
243067685.88544634 1.0
242988645.90954667 1.0
242909657.32087228 1.0
242830720.06932592 1.0
242751834.10487562 1.0
242672999.37755403 1.0
242594215.8374591 1.0
242515483.4347532 1.0
242436802.1196637 1.0
242358171.8424822 1.0
242279592.55356514 1.0
242201064.20333308 1.0
242122586.74227083 1.0
242044160.12092745 1.0
241965784.28991607 1.0
241887459.19991368 1.0
241809184.8016611 1.0
241730961.04596308 1.0
241652787.8836877 1.0
241574665.26576686 1.0
241496593.1431957 1.0
241418571.46703282 1.0
241340600.18839994 1.0
241262679.25848195 1.0
241184808.62852687 1.0
241106988.2498454 1.0
241029218.07381126 1.0
240951498.0518608 1.0
240873828.13549304 1.0
240796208.2762695 1.0
240718638.42581406 1.0
240641118.535813 1.0
240563648.55801472 1.0
240486228.44422987 1.0
240408858.146331 1.0
240331537.6162526 1.0
240254266.80599093 1.0
240177045.66760415 1.0
240099874.15321177 1.0
240022752.21499503 1.0
239945679.80519652 1.0
239868656.87612018 1.0
239791683.38013104 1.0
239714759.26965538 1.0
239637884.49718058 1.0
239561059.01525474 1.0
239484282.77648693 1.0
239407555.73354694 1.0
239330877.83916515 1.0
239254249.0461325 1.0
239177669.3073004 1.0
239101138.57558063 1.0
239024656.8039451 1.0
238948223.94542596 1.0
238871839.95311543 1.0
238795504.78016564 1.0
238719218.3797886 1.0
238642980.70525613 1.0
238566791.7098997 1.0
238490651.3471103 1.0
238414559.57033846 1.0
238338516.33309412 1.0
238262521.58894646 1.0
238186575.29152387 1.0
238110677.39451393 1.0
238034827.85166308 1.0
237959026.6167768 1.0
237883273.64371932 1.0
237807568.88641366 1.0
237731912.29884142 1.0
237656303.8350428 1.0
237580743.4491164 1.0
237505231.09521917 1.0
237429766.7275664 1.0
237354350.30043146 1.0
237278981.76814586 1.0
237203661.08509904 1.0
237128388.20573846 1.0
237053163.08456922 1.0
236977985.6761542 1.0
236902855.935114 1.0
236827773.81612659 1.0
236752739.2739274 1.0
236677752.2633093 1.0
236602812.7391224 1.0
236527920.6562739 1.0
236453075.96972814 1.0
236378278.63450637 1.0
236303528.6056869 1.0
236228825.8384046 1.0
236154170.2878512 1.0
236079561.9092752 1.0
236005000.65798134 1.0
235930486.48933092 1.0
235856019.35874164 1.0
235781599.2216876 1.0
235707226.0336987 1.0
235632899.75036132 1.0
235558620.32731763 1.0
235484387.72026578 1.0
235410201.8849597 1.0
235336062.77720913 1.0
235261970.35287946 1.0
235187924.5678915 1.0
235113925.37822175 1.0
235039972.73990196 1.0
234966066.60901922 1.0
234892206.94171578 1.0
234818393.6941891 1.0
234744626.82269168 1.0
234670906.28353092 1.0
234597232.03306907 1.0
234523604.02772328 1.0
234450022.2239653 1.0
234376486.57832143 1.0
234302997.0473727 1.0
234229553.58775434 1.0
234156156.15615615 1.0
234082804.70932207 1.0
234009499.20405018 1.0
233936239.59719285 1.0
233863025.8456563 1.0
233789857.90640074 1.0
233716735.73644015 1.0
233643659.29284245 1.0
233570628.53272903 1.0
233497643.413275 1.0
233424703.89170894 1.0
233351809.92531294 1.0
233278961.47142226 1.0
233206158.48742554 1.0
233133400.93076462 1.0
233060688.75893438 1.0
232988021.9294827 1.0
232915400.40001038 1.0
232842824.1281712 1.0
232770293.07167146 1.0
232697807.18827036 1.0
232625366.43577966 1.0
232552970.7720636 1.0
232480620.15503874 1.0
232408314.5426742 1.0
232336053.89299133 1.0
232263838.1640635 1.0
232191667.3140164 1.0
232119541.3010277 1.0
232047460.08332688 1.0
231975423.61919543 1.0
231903431.86696663 1.0
231831484.78502548 1.0
231759582.33180845 1.0
231687724.46580368 1.0
231615911.14555082 1.0
231544142.32964084 1.0
231472417.97671595 1.0
231400738.0454698 1.0
231329102.49464697 1.0
231257511.2830432 1.0
231185964.36950523 1.0
231114461.71293074 1.0
231043003.27226818 1.0
230971589.00651675 1.0
230900218.8747264 1.0
230828892.8359976 1.0
230757610.84948146 1.0
230686372.87437934 1.0
230615178.86994317 1.0
230544028.79547498 1.0
230472922.61032718 1.0
230401860.2739022 1.0
230330841.74565256 1.0
230259866.98508075 1.0
230188935.9517392 1.0
230118048.60523006 1.0
230047204.90520534 1.0
229976404.8113667 1.0
229905648.2834654 1.0
229834935.28130203 1.0
229764265.76472697 1.0
229693639.69363973 1.0
229623057.02798903 1.0
229552517.72777307 1.0
229482021.75303903 1.0
229411569.06388316 1.0
229341159.62045065 1.0
229270793.38293573 1.0
229200470.31158143 1.0
229130190.36667943 1.0
229059953.50857022 1.0
228989759.69764295 1.0
228919608.89433512 1.0
228849501.05913278 1.0
228779436.1525705 1.0
228709414.13523096 1.0
228639434.96774524 1.0
228569498.61079246 1.0
228499605.02510002 1.0
228429754.17144313 1.0
228359946.01064506 1.0
228290180.50357696 1.0
228220457.61115777 1.0
228150777.29435414 1.0
228081139.51418033 1.0
228011544.23169833 1.0
227941991.4080175 1.0
227872481.00429466 1.0
227803012.9817341 1.0
227733587.30158728 1.0
227664203.925153 1.0
227594862.813777 1.0
227525563.92885235 1.0
227456307.23181897 1.0
227387092.6841638 1.0
227317920.2474206 1.0
227248789.88316986 1.0
227179701.55303892 1.0
227110655.21870172 1.0
227041650.8418787 1.0
226972688.38433695 1.0
226903767.80788988 1.0
226834889.07439733 1.0
226766052.14576536 1.0
226697256.98394638 1.0
226628503.55093893 1.0
226559791.80878747 1.0
226491121.7195827 1.0
226422493.24546123 1.0
226353906.34860533 1.0
226285360.99124333 1.0
226216857.1356492 1.0
226148394.74414268 1.0
226079973.77908882 1.0
226011594.20289853 1.0
225943255.9780281 1.0
225874959.06697902 1.0
225806703.43229833 1.0
225738489.0365783 1.0
225670315.84245628 1.0
225602183.81261477 1.0
225534092.9097814 1.0
225466043.09672877 1.0
225398034.3362743 1.0
225330066.5912803 1.0
225262139.82465395 1.0
225194253.99934706 1.0
225126409.07835603 1.0
225058605.02472204 1.0
224990841.80153054 1.0
224923119.37191162 1.0
224855437.69903958 1.0
224787796.7461332 1.0
224720196.47645542 1.0
224652636.8533133 1.0
224585117.84005812 1.0
224517639.40008512 1.0
224450201.49683362 1.0
224382804.09378672 1.0
224315447.15447152 1.0
224248130.6424588 1.0
224180854.52136305 1.0
224113618.75484243 1.0
224046423.3065987 1.0
223979268.14037716 1.0
223912153.21996653 1.0
223845078.5091989 1.0
223778043.9719498 1.0
223711049.5721378 1.0
223644095.2737249 1.0
223577181.04071605 1.0
223510306.83715943 1.0
223443472.62714612 1.0
223376678.37481007 1.0
223309924.0443282 1.0
223243209.59992033 1.0
223176535.00584882 1.0
223109900.22641882 1.0
223043305.22597814 1.0
222976749.9689171 1.0
222910234.41966838 1.0
222843758.5427073 1.0
222777322.3025515 1.0
222710925.66376078 1.0
222644568.59093732 1.0
222578251.04872537 1.0
222511973.00181147 1.0
222445734.41492397 1.0
222379535.25283334 1.0
222313375.48035204 1.0
222247255.06233427 1.0
222181173.963676 1.0
222115132.1493151 1.0
222049129.584231 1.0
221983166.23344475 1.0
221917242.06201896 1.0
221851357.03505775 1.0
221785511.11770672 1.0
221719704.27515265 1.0
221653936.47262388 1.0
221588207.67538983 1.0
221522517.84876108 1.0
221456866.95808944 1.0
221391254.96876773 1.0
221325681.8462298 1.0
221260147.55595037 1.0
221194652.06344506 1.0
221129195.33427042 1.0
221063777.33402362 1.0
220998398.02834257 1.0
220933057.38290584 1.0
220867755.3634326 1.0
220802491.93568245 1.0
220737267.06545553 1.0
220672080.71859235 1.0
220606932.86097375 1.0
220541823.45852086 1.0
220476752.47719502 1.0
220411719.8829978 1.0
220346725.64197078 1.0
220281769.72019553 1.0
220216852.0837938 1.0
220151972.6989271 1.0
220087131.5317969 1.0
220022328.54864433 1.0
219957563.71575046 1.0
219892836.999436 1.0
219828148.36606112 1.0
219763497.7820258 1.0
219698885.21376947 1.0
219634310.62777084 1.0
219569773.99054825 1.0
219505275.26865923 1.0
219440814.4287008 1.0
219376391.43730888 1.0
219312006.2611588 1.0
219247658.86696497 1.0
219183349.2214808 1.0
219119077.29149866 1.0
219054843.04385 1.0
218990646.44540504 1.0
218926487.46307284 1.0
218862366.0638012 1.0
218798282.21457678 1.0
218734235.88242468 1.0
218670227.03440878 1.0
218606255.63763133 1.0
218542321.65923327 1.0
218478425.0663938 1.0
218414565.8263305 1.0
218350743.90629944 1.0
218286959.27359477 1.0
218223211.8955489 1.0
218159501.7395324 1.0
218095828.7729539 1.0
218032192.96326014 1.0
217968594.27793577 1.0
217905032.6845034 1.0
217841508.1505235 1.0
217778020.6435944 1.0
217714570.13135213 1.0
217651156.5814704 1.0
217587779.9616607 1.0
217524440.23967206 1.0
217461137.3832909 1.0
217397871.36034134 1.0
217334642.1386849 1.0
217271449.68622035 1.0
217208293.97088388 1.0
217145174.96064898 1.0
217082092.6235263 1.0
217019046.92756358 1.0
216956037.84084582 1.0
216893065.33149508 1.0
216830129.3676702 1.0
216767229.9175671 1.0
216704366.94941875 1.0
216641540.43149477 1.0
216578750.33210152 1.0
216515996.61958224 1.0
216453279.26231685 1.0
216390598.22872174 1.0
216327953.48725 1.0
216265345.00639123 1.0
216202772.75467148 1.0
216140236.7006532 1.0
216077736.8129352 1.0
216015273.06015274 1.0
215952845.41097707 1.0
215890453.8341158 1.0
215828098.29831275 1.0
215765778.77234775 1.0
215703495.22503668 1.0
215641247.62523144 1.0
215579035.94181994 1.0
215516860.1437258 1.0
215454720.19990867 1.0
215392616.0793639 1.0
215330547.75112262 1.0
215268515.1842516 1.0
215206518.3478532 1.0
215144557.2110655 1.0
215082631.74306205 1.0
215020741.9130518 1.0
214958887.69027928 1.0
214897069.04402423 1.0
214835285.9436019 1.0
214773538.35836267 1.0
214711826.2576922 1.0
214650149.61101136 1.0
214588508.3877761 1.0
214526902.55747744 1.0
214465332.08964145 1.0
214403796.95382923 1.0
214342297.11963668 1.0
214280832.5566946 1.0
214219403.23466876 1.0
214158009.12325954 1.0
214096650.1922021 1.0
214035326.41126624 1.0
213974037.7502565 1.0
213912784.1790119 1.0
213851565.66740596 1.0
213790382.18534675 1.0
213729233.7027768 1.0
213668120.18967283 1.0
213607041.6160461 1.0
213545997.9519421 1.0
213484989.16744044 1.0
213424015.232655 1.0
213363076.1177338 1.0
213302171.79285902 1.0
213241302.22824666 1.0
213180467.39414686 1.0
213119667.26084372 1.0
213058901.79865518 1.0
212998170.97793296 1.0
212937474.7690627 1.0
212876813.14246374 1.0
212816186.06858906 1.0
212755593.51792535 1.0
212695035.4609929 1.0
212634511.86834556 1.0
212574022.7105706 1.0
212513567.9582889 1.0
212453147.5821546 1.0
212392761.55285534 1.0
212332409.84111196 1.0
212272092.41767865 1.0
212211809.2533428 1.0
212151560.31892493 1.0
212091345.58527875 1.0
212031165.023291 1.0
211971018.6038815 1.0
211910906.2980031 1.0
211850828.07664138 1.0
211790783.91081506 1.0
211730773.77157563 1.0
211670797.63000733 1.0
211610855.4572271 1.0
211550947.2243848 1.0
211491072.9026628 1.0
211431232.46327603 1.0
211371425.8774721 1.0
211311653.1165312 1.0
211251914.15176573 1.0
211192208.9545208 1.0
211132537.49617383 1.0
211072899.74813455 1.0
211013295.68184492 1.0
210953725.26877925 1.0
210894188.48044404 1.0
210834685.2883779 1.0
210775215.66415155 1.0
210715779.57936788 1.0
210656377.00566167 1.0
210597007.91469973 1.0
210537672.2781808 1.0
210478370.0678356 1.0
210419101.2554265 1.0
210359865.81274778 1.0
210300663.71162552 1.0
210241494.92391738 1.0
210182359.4215128 1.0
210123257.17633274 1.0
210064188.16032985 1.0
210005152.3454882 1.0
209946149.70382336 1.0
209887180.20738244 1.0
209828243.82824382 1.0
209769340.53851733 1.0
209710470.31034404 1.0
209651633.11589628 1.0
209592828.9273777 1.0
209534057.71702302 1.0
209475319.45709813 1.0
209416614.11990005 1.0
209357941.67775676 1.0
209299302.10302734 1.0
209240695.36810172 1.0
209182121.4454009 1.0
209123580.30737656 1.0
209065071.9265114 1.0
209006596.27531874 1.0
208948153.32634276 1.0
208889743.05215833 1.0
208831365.42537084 1.0
208773020.41861656 1.0
208714708.00456208 1.0
208656428.1559046 1.0
208598180.84537184 1.0
208539966.04572198 1.0
208481783.72974357 1.0
208423633.87025544 1.0
208365516.44010687 1.0
208307431.4121774 1.0
208249378.75937667 1.0
208191358.45464462 1.0
208133370.47095144 1.0
208075414.78129715 1.0
208017491.35871205 1.0
207959600.1762564 1.0
207901741.2070205 1.0
207843914.42412445 1.0
207786119.80071834 1.0
207728357.30998215 1.0
207670626.92512566 1.0
207612928.61938828 1.0
207555262.3660394 1.0
207497628.13837788 1.0
207440025.90973234 1.0
207382455.65346098 1.0
207324917.3429516 1.0
207267410.95162147 1.0
207209936.4529174 1.0
207152493.82031557 1.0
207095083.02732164 1.0
207037704.04747063 1.0
206980356.85432678 1.0
206923041.42148378 1.0
206865757.72256443 1.0
206808505.73122075 1.0
206751285.42113394 1.0
206694096.76601434 1.0
206636939.73960134 1.0
206579814.31566337 1.0
206522720.46799788 1.0
206465658.17043126 1.0
206408627.39681882 1.0
206351628.12104475 1.0
206294660.3170221 1.0
206237723.9586927 1.0
206180819.02002716 1.0
206123945.47502473 1.0
206067103.29771343 1.0
206010292.46214992 1.0
205953512.94241944 1.0
205896764.71263573 1.0
205840047.7469412 1.0
205783362.0195066 1.0
205726707.50453117 1.0
205670084.17624256 1.0
205613492.00889686 1.0
205556930.97677833 1.0
205500401.05419958 1.0
205443902.2155016 1.0
205387434.4350535 1.0
205330997.6872524 1.0
205274591.9465238 1.0
205218217.18732122 1.0
205161873.38412613 1.0
205105560.51144812 1.0
205049278.54382473 1.0
204993027.4558215 1.0
204936807.22203174 1.0
204880617.81707677 1.0
204824459.21560565 1.0
204768331.39229524 1.0
204712234.3218501 1.0
204656167.97900262 1.0
204600132.33851278 1.0
204544127.37516823 1.0
204488153.06378415 1.0
204432209.3792034 1.0
204376296.2962963 1.0
204320413.78996056 1.0
204264561.8351215 1.0
204208740.40673178 1.0
204152949.4797714 1.0
204097189.02924776 1.0
204041459.03019544 1.0
203985759.45767647 1.0
203930090.2867799 1.0
203874451.49262217 1.0
203818843.0503466 1.0
203763264.93512395 1.0
203707717.1221518 1.0
203652199.58665484 1.0
203596712.30388483 1.0
203541255.24912044 1.0
203485828.3976672 1.0
203430431.72485763 1.0
203375065.2060511 1.0
203319728.81663382 1.0
203264422.53201857 1.0
203209146.32764518 1.0
203153900.17898005 1.0
203098684.06151617 1.0
203043497.95077324 1.0
202988341.8222977 1.0
202933215.65166226 1.0
202878119.41446638 1.0
202823053.08633596 1.0
202768016.64292338 1.0
202713010.05990732 1.0
202658033.31299293 1.0
202603086.37791184 1.0
202548169.23042172 1.0
202493281.8463067 1.0
202438424.2013771 1.0
202383596.27146953 1.0
202328798.0324466 1.0
202274029.46019715 1.0
202219290.53063616 1.0
202164581.21970466 1.0
202109901.5033696 1.0
202055251.35762408 1.0
202000630.75848708 1.0
201946039.68200347 1.0
201891478.10424405 1.0
201836946.0013055 1.0
201782443.34931028 1.0
201727970.12440667 1.0
201673526.30276862 1.0
201619111.86059582 1.0
201564726.77411377 1.0
201510371.01957348 1.0
201456044.57325155 1.0
201401747.41145027 1.0
201347479.51049736 1.0
201293240.84674615 1.0
201239031.3965753 1.0
201184851.13638914 1.0
201130700.04261717 1.0
201076578.0917143 1.0
201022485.26016095 1.0
200968421.52446267 1.0
200914386.86115032 1.0
200860381.24677998 1.0
200806404.65793303 1.0
200752457.0712159 1.0
200698538.46326014 1.0
200644648.8107225 1.0
200590788.0902848 1.0
200536956.27865368 1.0
200483153.35256106 1.0
200429379.2887637 1.0
200375634.06404328 1.0
200321917.6552063 1.0
200268230.0390843 1.0
200214571.19253355 1.0
200160941.09243512 1.0
200107339.71569481 1.0
200053767.03924325 1.0
200000223.0400357 1.0
199946707.69505206 1.0
199893220.98129693 1.0
199839762.8757995 1.0
199786333.3556135 1.0
199732932.3978171 1.0
199679559.9795132 1.0
199626216.07782897 1.0
199572900.6699161 1.0
199519613.73295063 1.0
199466355.24413303 1.0
199413125.18068805 1.0
199359923.5198648 1.0
199306750.23893666 1.0
199253605.3152012 1.0
199200488.72598022 1.0
199147400.44861972 1.0
199094340.46048978 1.0
199041308.7389847 1.0
198988305.26152277 1.0
198935330.0055463 1.0
198882382.94852173 1.0
198829464.06793943 1.0
198776573.34131366 1.0
198723710.74618265 1.0
198670876.26010856 1.0
198618069.86067733 1.0
198565291.5254988 1.0
198512541.2322065 1.0
198459818.95845783 1.0
198407124.68193385 1.0
198354458.3803393 1.0
198301820.0314027 1.0
198249209.61287615 1.0
198196627.1025352 1.0
198144072.4781792 1.0
198091545.71763092 1.0
198039046.79873675 1.0
197986575.69936633 1.0
197934132.39741296 1.0
197881716.87079334 1.0
197829329.09744743 1.0
197776969.05533865 1.0
197724636.72245374 1.0
197672332.0768027 1.0
197620055.09641874 1.0
197567805.75935838 1.0
197515584.0437014 1.0
197463389.9275506 1.0
197411223.38903198 1.0
197359084.4062947 1.0
197306972.95751095 1.0
197254889.02087593 1.0
197202832.574608 1.0
197150803.59694833 1.0
197098802.06616113 1.0
197046827.96053353 1.0
196994881.2583756 1.0
196942961.93802026 1.0
196891069.97782314 1.0
196839205.35616288 1.0
196787368.05144075 1.0
196735558.0420808 1.0
196683775.3065298 1.0
196632019.82325724 1.0
196580291.57075524 1.0
196528590.5275385 1.0
196476916.67214444 1.0
196425269.9831329 1.0
196373650.43908635 1.0
196322058.01860973 1.0
196270492.7003305 1.0
196218954.46289852 1.0
196167443.2849861 1.0
196115959.14528793 1.0
196064502.02252102 1.0
196013071.8954248 1.0
195961668.74276102 1.0
195910292.54331344 1.0
195858943.2758884 1.0
195807620.91931432 1.0
195756325.45244175 1.0
195705056.85414347 1.0
195653815.10331434 1.0
195602600.1788714 1.0
195551412.05975357 1.0
195500250.72492203 1.0
195449116.15335995 1.0
195398008.32407227 1.0
195346927.21608606 1.0
195295872.80845037 1.0
195244845.08023605 1.0
195193844.01053572 1.0
195142869.578464 1.0
195091921.76315734 1.0
195041000.5437738 1.0
194990105.89949334 1.0
194939237.8095176 1.0
194888396.25306994 1.0
194837581.2093953 1.0
194786792.65776038 1.0
194736030.57745346 1.0
194685294.94778436 1.0
194634585.74808446 1.0
194583902.95770675 1.0
194533246.5560256 1.0
194482616.52243695 1.0
194432012.83635813 1.0
194381435.4772279 1.0
194330884.42450643 1.0
194280359.6576752 1.0
194229861.15623713 1.0
194179388.89971632 1.0
194128942.8676582 1.0
194078523.03962946 1.0
194028129.39521798 1.0
193977761.9140329 1.0
193927420.5757045 1.0
193877105.3598841 1.0
193826816.24624428 1.0
193776553.21447864 1.0
193726316.24430186 1.0
193676105.31544957 1.0
193625920.4076785 1.0
193575761.50076637 1.0
193525628.5745117 1.0
193475521.6087341 1.0
193425440.583274 1.0
193375385.47799274 1.0
193325356.27277234 1.0
193275352.94751588 1.0
193225375.4821471 1.0
193175423.85661045 1.0
193125498.05087116 1.0
193075598.0449153 1.0
193025723.81874934 1.0
192975875.35240063 1.0
192926052.62591705 1.0
192876255.6193672 1.0
192826484.31284 1.0
192776738.6864452 1.0
192727018.72031295 1.0
192677324.39459378 1.0
192627655.68945888 1.0
192578012.58509976 1.0
192528395.0617284 1.0
192478803.09957716 1.0
192429236.6788987 1.0
192379695.7799661 1.0
192330180.38307273 1.0
192280690.4685322 1.0
192231226.01667845 1.0
192181787.00786558 1.0
192132373.42246792 1.0
192082985.24087995 1.0
192033622.44351643 1.0
191984285.01081207 1.0
191934972.92322183 1.0
191885686.1612206 1.0
191836424.70530346 1.0
191787188.53598544 1.0
191737977.6338016 1.0
191688791.97930694 1.0
191639631.55307645 1.0
191590496.33570498 1.0
191541386.30780733 1.0
191492301.45001814 1.0
191443241.74299195 1.0
191394207.16740307 1.0
191345197.70394552 1.0
191296213.3333333 1.0
191247254.03630003 1.0
191198319.793599 1.0
191149410.58600327 1.0
191100526.39430556 1.0
191051667.19931823 1.0
191002832.98187318 1.0
190954023.722822 1.0
190905239.40303594 1.0
190856480.00340548 1.0
190807745.5048409 1.0
190759035.88827193 1.0
190710351.1346477 1.0
190661691.22493672 1.0
190613056.1401271 1.0
190564445.86122623 1.0
190515860.36926085 1.0
190467299.64527708 1.0
190418763.67034042 1.0
190370252.42553553 1.0
190321765.89196646 1.0
190273304.05075642 1.0
190224866.883048 1.0
190176454.37000278 1.0
190128066.49280155 1.0
190079703.2326444 1.0
190031364.57075042 1.0
189983050.4883578 1.0
189934760.96672386 1.0
189886495.98712492 1.0
189838255.53085637 1.0
189790039.5792325 1.0
189741848.1135868 1.0
189693681.1152715 1.0
189645538.56565785 1.0
189597420.44613597 1.0
189549326.73811486 1.0
189501257.42302245 1.0
189453212.48230547 1.0
189405191.89742938 1.0
189357195.64987856 1.0
189309223.7211561 1.0
189261276.09278372 1.0
189213352.74630204 1.0
189165453.66327024 1.0
189117578.82526627 1.0
189069728.21388662 1.0
189021901.81074643 1.0
188974099.5974795 1.0
188926321.55573815 1.0
188878567.66719323 1.0
188830837.91353422 1.0
188783132.276469 1.0
188735450.7377239 1.0
188687793.27904382 1.0
188640159.88219205 1.0
188592550.5289503 1.0
188544965.20111862 1.0
188497403.88051543 1.0
188449866.54897758 1.0
188402353.18836012 1.0
188354863.78053644 1.0
188307398.30739832 1.0
188259956.75085554 1.0
188212539.0928363 1.0
188165145.31528693 1.0
188117775.40017202 1.0
188070429.3294742 1.0
188023107.08519423 1.0
187975808.64935118 1.0
187928534.00398198 1.0
187881283.1311417 1.0
187834056.01290348 1.0
187786852.6313585 1.0
187739672.9686159 1.0
187692517.0068027 1.0
187645384.72806412 1.0
187598276.11456308 1.0
187551191.14848045 1.0
187504129.81201512 1.0
187457092.08738372 1.0
187410077.9568207 1.0
187363087.4025784 1.0
187316120.40692693 1.0
187269176.95215422 1.0
187222257.0205658 1.0
187175360.59448516 1.0
187128487.65625325 1.0
187081638.1882289 1.0
187034812.17278853 1.0
186988009.59232613 1.0
186941230.42925343 1.0
186894474.6659997 1.0
186847742.28501174 1.0
186801033.26875404 1.0
186754347.5997084 1.0
186707685.2603744 1.0
186661046.23326883 1.0
186614430.50092608 1.0
186567838.0458981 1.0
186521268.85075405 1.0
186474722.89808053 1.0
186428200.1704817 1.0
186381700.6505789 1.0
186335224.3210107 1.0
186288771.16443333 1.0
186242341.16352007 1.0
186195934.3009614 1.0
186149550.5594652 1.0
186103189.92175663 1.0
186056852.37057787 1.0
186010537.8886884 1.0
185964246.45886475 1.0
185917978.06390083 1.0
185871732.6866074 1.0
185825510.30981243 1.0
185779310.91636106 1.0
185733134.48911536 1.0
185686981.01095438 1.0
185640850.46477443 1.0
185594742.83348855 1.0
185548658.1000269 1.0
185502596.24733654 1.0
185456557.25838143 1.0
185410541.1161425 1.0
185364547.80361757 1.0
185318577.30382127 1.0
185272629.59978512 1.0
185226704.67455745 1.0
185180802.51120335 1.0
185134923.0928048 1.0
185089066.40246043 1.0
185043232.42328566 1.0
184997421.13841268 1.0
184951632.53099024 1.0
184905866.58418393 1.0
184860123.2811759 1.0
184814402.60516497 1.0
184768704.53936657 1.0
184723029.06701276 1.0
184677376.17135206 1.0
184631745.8356497 1.0
184586138.04318738 1.0
184540552.77726328 1.0
184494990.02119213 1.0
184449449.75830504 1.0
184403931.97194973 1.0
184358436.64549026 1.0
184312963.76230702 1.0
184267513.305797 1.0
184222085.2593734 1.0
184176679.60646576 1.0
184131296.33052012 1.0
184085935.41499868 1.0
184040596.84337994 1.0
183995280.59915873 1.0
183949986.66584608 1.0
183904715.02696937 1.0
183859465.66607207 1.0
183814238.56671378 1.0
183769033.71247053 1.0
183723851.08693427 1.0
183678690.67371306 1.0
183633552.45643136 1.0
183588436.4187294 1.0
183543342.54426363 1.0
183498270.8167066 1.0
183453221.2197467 1.0
183408193.73708862 1.0
183363188.3524528 1.0
183318205.04957578 1.0
183273243.81221002 1.0
183228304.6241239 1.0
183183387.46910173 1.0
183138492.33094376 1.0
183093619.19346604 1.0
183048768.04050055 1.0
183003938.85589504 1.0
182959131.62351307 1.0
182914346.32723415 1.0
182869582.9509534 1.0
182824841.47858176 1.0
182780121.89404595 1.0
182735424.18128833 1.0
182690748.32426703 1.0
182646094.3069559 1.0
182601462.1133443 1.0
182556851.72743747 1.0
182512263.13325596 1.0
182467696.3148363 1.0
182423151.2562303 1.0
182378627.9415055 1.0
182334126.35474488 1.0
182289646.48004714 1.0
182245188.30152634 1.0
182200751.80331197 1.0
182156336.9695492 1.0
182111943.78439856 1.0
182067572.23203588 1.0
182023222.29665264 1.0
181978893.9624556 1.0
181934587.2136669 1.0
181890302.03452405 1.0
181846038.40927985 1.0
181801796.32220262 1.0
181757575.75757578 1.0
181713376.69969803 1.0
181669199.13288358 1.0
181625043.0414616 1.0
181580908.4097766 1.0
181536795.22218844 1.0
181492703.46307203 1.0
181448633.1168174 1.0
181404584.1678299 1.0
181360556.6005299 1.0
181316550.39935294 1.0
181272565.5487497 1.0
181228602.03318578 1.0
181184659.8371421 1.0
181140738.94511443 1.0
181096839.34161362 1.0
181052961.01116562 1.0
181009103.93831122 1.0
180965268.1076063 1.0
180921453.50362167 1.0
180877660.11094302 1.0
180833887.91417104 1.0
180790136.89792132 1.0
180746407.04682428 1.0
180702698.34552526 1.0
180659010.77868438 1.0
180615344.33097667 1.0
180571698.98709196 1.0
180528074.7317348 1.0
180484471.54962465 1.0
180440889.42549554 1.0
180397328.3440964 1.0
180353788.29019088 1.0
180310269.24855727 1.0
180266771.2039885 1.0
180223294.14129233 1.0
180179838.04529107 1.0
180136402.9008216 1.0
180092988.6927356 1.0
180049595.40589926 1.0
180006223.0251932 1.0
179962871.5355129 1.0
179919540.92176807 1.0
179876231.1688833 1.0
179832942.26179734 1.0
179789674.18546364 1.0
179746426.92485017 1.0
179703200.46493918 1.0
179659994.79072747 1.0
179616809.8872263 1.0
179573645.7394613 1.0
179530502.33247244 1.0
179487379.65131405 1.0
179444277.681055 1.0
179401196.4067783 1.0
179358135.81358138 1.0
179315095.88657588 1.0
179272076.61088786 1.0
179229077.97165757 1.0
179186099.9540395 1.0
179143142.54320246 1.0
179100205.7243294 1.0
179057289.48261744 1.0
179014393.80327803 1.0
178971518.67153662 1.0
178928664.07263294 1.0
178885829.99182078 1.0
178843016.41436803 1.0
178800223.3255568 1.0
178757450.71068317 1.0
178714698.5550573 1.0
178671966.8440034 1.0
178629255.5628598 1.0
178586564.69697872 1.0
178543894.2317265 1.0
178501244.1524833 1.0
178458614.44464347 1.0
178416005.09361508 1.0
178373416.08482027 1.0
178330847.40369508 1.0
178288299.03568944 1.0
178245770.9662671 1.0
178203263.18090582 1.0
178160775.66509706 1.0
178118308.40434617 1.0
178075861.38417235 1.0
178033434.5901086 1.0
177991028.00770164 1.0
177948641.62251198 1.0
177906275.42011386 1.0
177863929.3860954 1.0
177821603.50605828 1.0
177779297.76561785 1.0
177737012.15040335 1.0
177694746.64605752 1.0
177652501.23823673 1.0
177610275.91261116 1.0
177568070.65486446 1.0
177525885.4506939 1.0
177483720.28581044 1.0
177441575.14593846 1.0
177399450.01681602 1.0
177357344.8841947 1.0
177315259.73383954 1.0
177273194.55152917 1.0
177231149.32305565 1.0
177189124.03422448 1.0
177147118.6708548 1.0
177105133.218779 1.0
177063167.66384298 1.0
177021221.99190605 1.0
176979296.18884087 1.0
176937390.24053356 1.0
176895504.13288355 1.0
176853637.85180363 1.0
176811791.38321996 1.0
176769964.71307194 1.0
176728157.82731232 1.0
176686370.71190715 1.0
176644603.3528357 1.0
176602855.7360906 1.0
176561127.8476776 1.0
176519419.6736156 1.0
176477731.19993702 1.0
176436062.41268718 1.0
176394413.29792464 1.0
176352783.84172124 1.0
176311174.03016183 1.0
176269583.8493444 1.0
176228013.28538018 1.0
176186462.32439336 1.0
176144930.95252126 1.0
176103419.15591428 1.0
176061926.9207359 1.0
176020454.23316255 1.0
175979001.0793838 1.0
175937567.44560203 1.0
175896153.31803292 1.0
175854758.68290484 1.0
175813383.52645922 1.0
175772027.83495048 1.0
175730691.59464598 1.0
175689374.79182583 1.0
175648077.41278332 1.0
175606799.4438243 1.0
175565540.87126774 1.0
175524301.6814454 1.0
175483081.86070177 1.0
175441881.39539433 1.0
175400700.2718933 1.0
175359538.47658157 1.0
175318395.9958551 1.0
175277272.8161223 1.0
175236168.92380446 1.0
175195084.3053358 1.0
175154018.9471628 1.0
175112972.83574513 1.0
175071945.95755482 1.0
175030938.29907674 1.0
174989949.84680834 1.0
174948980.58725977 1.0
174908030.50695378 1.0
174867099.59242573 1.0
174826187.83022362 1.0
174785295.20690796 1.0
174744421.70905197 1.0
174703567.32324117 1.0
174662732.03607392 1.0
174621915.83416098 1.0
174581118.70412552 1.0
174540340.6326034 1.0
174499581.60624284 1.0
174458841.6117045 1.0
174418120.6356616 1.0
174377418.6647998 1.0
174336735.68581703 1.0
174296071.68542385 1.0
174255426.65034297 1.0
174214800.5673097 1.0
174174193.4230717 1.0
174133605.20438877 1.0
174093035.8980333 1.0
174052485.49078983 1.0
174011953.96945527 1.0
173971441.3208389 1.0
173930947.5317622 1.0
173890472.58905888 1.0
173850016.479575 1.0
173809579.19016883 1.0
173769160.70771077 1.0
173728761.01908362 1.0
173688380.11118212 1.0
173648017.97091344 1.0
173607674.58519682 1.0
173567349.94096354 1.0
173527044.0251572 1.0
173486756.8247335 1.0
173446488.32666007 1.0
173406238.51791686 1.0
173366007.3854958 1.0
173325794.91640088 1.0
173285601.09764817 1.0
173245425.91626576 1.0
173205269.35929382 1.0
173165131.41378444 1.0
173125012.06680182 1.0
173084911.30542207 1.0
173044829.11673325 1.0
173004765.48783544 1.0
172964720.4058407 1.0
172924693.8578729 1.0
172884685.83106792 1.0
172844696.3125735 1.0
172804725.28954923 1.0
172764772.74916673 1.0
172724838.67860925 1.0
172684923.06507212 1.0
172645025.89576235 1.0
172605147.15789878 1.0
172565286.83871216 1.0
172525444.92544493 1.0
172485621.40535134 1.0
172445816.2656974 1.0
172406029.49376094 1.0
172366261.0768314 1.0
172326511.00221005 1.0
172286779.25720984 1.0
172247065.82915536 1.0
172207370.70538303 1.0
172167693.87324077 1.0
172128035.32008827 1.0
172088395.03329688 1.0
172048773.00024942 1.0
172009169.2083405 1.0
171969583.64497635 1.0
171930016.29757452 1.0
171890467.15356448 1.0
171850936.20038715 1.0
171811423.4254948 1.0
171771928.81635156 1.0
171732452.36043286 1.0
171692994.04522562 1.0
171653553.85822853 1.0
171614131.78695142 1.0
171574727.81891584 1.0
171535341.94165474 1.0
171495974.14271232 1.0
171456624.4096445 1.0
171417292.73001856 1.0
171377979.09141293 1.0
171338683.48141778 1.0
171299405.88763446 1.0
171260146.29767564 1.0
171220904.69916555 1.0
171181681.07973963 1.0
171142475.42704454 1.0
171103287.72873852 1.0
171064117.9724909 1.0
171024966.1459823 1.0
170985832.23690486 1.0
170946716.2329616 1.0
170907618.12186706 1.0
170868537.89134702 1.0
170829475.5291383 1.0
170790431.02298915 1.0
170751404.36065888 1.0
170712395.5299179 1.0
170673404.5185481 1.0
170634431.31434226 1.0
170595475.9051043 1.0
170556538.27864957 1.0
170517618.42280412 1.0
170478716.32540542 1.0
170439831.97430196 1.0
170400965.35735324 1.0
170362116.46242994 1.0
170323285.27741373 1.0
170284471.7901973 1.0
170245675.98868445 1.0
170206897.86079 1.0
170168137.3944397 1.0
170129394.57757035 1.0
170090669.3981297 1.0
170051961.8440765 1.0
170013271.90338054 1.0
169974599.56402236 1.0
169935944.81399357 1.0
169897307.64129674 1.0
169858688.03394517 1.0
169820085.97996324 1.0
169781501.46738616 1.0
169742934.48425993 1.0
169704385.01864153 1.0
169665853.0585987 1.0
169627338.59221008 1.0
169588841.60756502 1.0
169550362.0927638 1.0
169511900.03591752 1.0
169473455.4251479 1.0
169435028.24858755 1.0
169396618.49437988 1.0
169358226.150679 1.0
169319851.20564964 1.0
169281493.6474675 1.0
169243153.46431872 1.0
169204830.64440042 1.0
169166525.17592016 1.0
169128237.0470963 1.0
169089966.2461579 1.0
169051712.76134458 1.0
169013476.5809066 1.0
168975257.69310495 1.0
168937056.08621112 1.0
168898871.74850726 1.0
168860704.66828617 1.0
168822554.83385107 1.0
168784422.2335159 1.0
168746306.8556051 1.0
168708208.68845364 1.0
168670127.72040707 1.0
168632063.93982133 1.0
168594017.33506307 1.0
168555987.8945093 1.0
168517975.6065475 1.0
168479980.4595757 1.0
168442002.44200248 1.0
168404041.5422465 1.0
168366097.74873728 1.0
168328171.04991463 1.0
168290261.43422854 1.0
168252368.8901398 1.0
168214493.4061193 1.0
168176634.97064835 1.0
168138793.57221878 1.0
168100969.1993326 1.0
168063161.84050226 1.0
168025371.48425058 1.0
167987598.1191105 1.0
167949841.73362547 1.0
167912102.3163493 1.0
167874379.85584572 1.0
167836674.34068915 1.0
167798985.7594641 1.0
167761314.10076517 1.0
167723659.35319754 1.0
167686021.50537637 1.0
167648400.54592702 1.0
167610796.4634853 1.0
167573209.24669695 1.0
167535638.88421798 1.0
167498085.36471468 1.0
167460548.6768633 1.0
167423028.80935043 1.0
167385525.7508727 1.0
167348039.49013677 1.0
167310570.0158597 1.0
167273117.31676835 1.0
167235681.38159978 1.0
167198262.19910124 1.0
167160859.75802994 1.0
167123474.04715306 1.0
167086105.0552481 1.0
167048752.7711023 1.0
167011417.18351305 1.0
166974098.28128785 1.0
166936796.05324396 1.0
166899510.4882089 1.0
166862241.57502002 1.0
166824989.3025246 1.0
166787753.65958 1.0
166750534.63505346 1.0
166713332.21782213 1.0
166676146.3967732 1.0
166638977.16080356 1.0
166601824.4988202 1.0
166564688.39973995 1.0
166527568.85248947 1.0
166490465.8460053 1.0
166453379.3692339 1.0
166416309.41113153 1.0
166379255.96066424 1.0
166342219.006808 1.0
166305198.53854856 1.0
166268194.54488143 1.0
166231207.01481193 1.0
166194235.9373552 1.0
166157281.30153614 1.0
166120343.09638932 1.0
166083421.31095922 0.0
166046515.93429995 0.0
166009626.95547533 0.0
165972754.36355895 0.0
165935898.14763412 0.0
165899058.29679376 0.0
165862234.8001406 0.0
165825427.64678687 0.0
165788636.82585463 0.0
165751862.32647553 0.0
165715104.13779083 0.0
165678362.24895146 0.0
165641636.64911795 0.0
165604927.3274604 0.0
165568234.27315867 0.0
165531557.47540197 0.0
165494896.92338923 0.0
165458252.606329 0.0
165421624.5134392 0.0
165385012.6339475 0.0
165348416.95709097 0.0
165311837.4721162 0.0
165275274.16827944 0.0
165238727.03484622 0.0
165202196.06109175 0.0
165165681.23630068 0.0
165129182.54976705 0.0
165092699.99079442 0.0
165056233.54869586 0.0
165019783.21279374 0.0
164983348.97241998 0.0
164946930.81691596 0.0
164910528.73563218 0.0
164874142.71792892 0.0
164837772.75317565 0.0
164801418.83075112 0.0
164765080.94004375 0.0
164728759.070451 0.0
164692453.21137986 0.0
164656163.35224664 0.0
164619889.4824769 0.0
164583631.5915056 0.0
164547389.668777 0.0
164511163.70374444 0.0
164474953.68587098 0.0
164438759.6046286 0.0
164402581.44949853 0.0
164366419.20997158 0.0
164330272.8755475 0.0
164294142.43573532 0.0
164258027.8800535 0.0
164221929.19802943 0.0
164185846.37919983 0.0
164149779.41311076 0.0
164113728.28931716 0.0
164077692.9973834 0.0
164041673.52688292 0.0
164005669.86739823 0.0
163969682.00852123 0.0
163933709.93985265 0.0
163897753.6510025 0.0
163861813.13159 0.0
163825888.37124327 0.0
163789979.3595996 0.0
163754086.08630547 0.0
163718208.54101625 0.0
163682346.7133965 0.0
163646500.59311983 0.0
163610670.16986883 0.0
163574855.43333516 0.0
163539056.37321955 0.0
163503272.97923163 0.0
163467505.24109012 0.0
163431753.1485228 0.0
163396016.69126624 0.0
163360295.85906616 0.0
163324590.64167714 0.0
163288901.02886274 0.0
163253227.01039562 0.0
163217568.57605708 0.0
163181925.71563756 0.0
163146298.41893637 0.0
163110686.6757617 0.0
163075090.47593066 0.0
163039509.80926925 0.0
163003944.6656123 0.0
162968395.03480363 0.0
162932860.90669575 0.0
162897342.27115008 0.0
162861839.11803702 0.0
162826351.43723556 0.0
162790879.21863368 0.0
162755422.45212814 0.0
162719981.12762442 0.0
162684555.2350369 0.0
162649144.7642887 0.0
162613749.70531163 0.0
162578370.04804638 0.0
162543005.7824424 0.0
162507656.89845774 0.0
162472323.3860593 0.0
162437005.23522273 0.0
162401702.43593228 0.0
162366414.97818097 0.0
162331142.85197052 0.0
162295886.04731137 0.0
162260644.55422252 0.0
162225418.36273178 0.0
162190207.46287555 0.0
162155011.84469882 0.0
162119831.4982553 0.0
162084666.41360736 0.0
162049516.58082587 0.0
162014381.98999044 0.0
161979262.63118914 0.0
161944158.4945188 0.0
161909069.5700847 0.0
161873995.8480007 0.0
161838937.31838936 0.0
161803893.97138166 0.0
161768865.7971171 0.0
161733852.7857439 0.0
161698854.92741865 0.0
161663872.2123064 0.0
161628904.63058096 0.0
161593952.17242435 0.0
161559014.8280273 0.0
161524092.58758894 0.0
161489185.4413168 0.0
161454293.37942705 0.0
161419416.39214414 0.0
161384554.46970105 0.0
161349707.60233915 0.0
161314875.78030837 0.0
161280058.99386677 0.0
161245257.2332812 0.0
161210470.4888266 0.0
161175698.75078636 0.0
161140942.00945243 0.0
161106200.255125 0.0
161071473.47811246 0.0
161036761.66873193 0.0
161002064.81730857 0.0
160967382.91417593 0.0
160932715.94967607 0.0
160898063.91415906 0.0
160863426.79798356 0.0
160828804.59151646 0.0
160794197.28513277 0.0
160759604.869216 0.0
160725027.33415785 0.0
160690464.67035818 0.0
160655916.86822537 0.0
160621383.91817582 0.0
160586865.8106341 0.0
160552362.5360334 0.0
160517874.08481464 0.0
160483400.44742724 0.0
160448941.61432892 0.0
160414497.57598525 0.0
160380068.32287025 0.0
160345653.8454661 0.0
160311254.13426298 0.0
160276869.1797594 0.0
160242498.972462 0.0
160208143.5028854 0.0
160173802.7615526 0.0
160139476.73899457 0.0
160105165.42575032 0.0
160070868.81236726 0.0
160036586.8894005 0.0
160002319.64741358 0.0
159968067.07697797 0.0
159933829.1686732 0.0
159899605.9130869 0.0
159865397.30081475 0.0
159831203.32246047 0.0
159797023.96863583 0.0
159762859.22996062 0.0
159728709.09706265 0.0
159694573.56057775 0.0
159660452.6111497 0.0
159626346.23943034 0.0
159592254.43607953 0.0
159558177.19176498 0.0
159524114.49716246 0.0
159490066.34295574 0.0
159456032.71983638 0.0
159422013.61850408 0.0
159388009.02966636 0.0
159354018.94403866 0.0
159320043.35234442 0.0
159286082.24531487 0.0
159252135.61368924 0.0
159218203.44821465 0.0
159184285.73964602 0.0
159150382.47874627 0.0
159116493.65628603 0.0
159082619.26304397 0.0
159048759.2898065 0.0
159014913.72736785 0.0
158981082.56653014 0.0
158947265.79810333 0.0
158913463.41290516 0.0
158879675.4017612 0.0
158845901.7555048 0.0
158812142.46497706 0.0
158778397.521027 0.0
158744666.9145113 0.0
158710950.63629442 0.0
158677248.6772487 0.0
158643561.02825397 0.0
158609887.68019807 0.0
158576228.62397656 0.0
158542583.8504924 0.0
158508953.35065672 0.0
158475337.115388 0.0
158441735.13561267 0.0
158408147.40226474 0.0
158374573.90628588 0.0
158341014.63862547 0.0
158307469.59024063 0.0
158273938.752096 0.0
158240422.115164 0.0
158206919.6704247 0.0
158173431.4088656 0.0
158139957.3214821 0.0
158106497.39927712 0.0
158073051.63326102 0.0
158039620.01445213 0.0
158006202.53387606 0.0
157972799.18256608 0.0
157939409.95156318 0.0
157906034.83191577 0.0
157872673.8146798 0.0
157839326.89091903 0.0
157805994.0517044 0.0
157772675.2881147 0.0
157739370.59123614 0.0
157706079.95216236 0.0
157672803.36199468 0.0
157639540.81184188 0.0
157606292.29282007 0.0
157573057.7960532 0.0
157539837.3126724 0.0
157506630.83381635 0.0
157473438.35063133 0.0
157440259.85427094 0.0
157407095.3358962 0.0
157373944.7866758 0.0
157340808.19778562 0.0
157307685.5604091 0.0
157274576.8657371 0.0
157241482.10496783 0.0
157208401.26930696 0.0
157175334.34996757 0.0
157142281.33817005 0.0
157109242.22514233 0.0
157076217.00211957 0.0
157043205.66034427 0.0
157010208.19106653 0.0
156977224.58554348 0.0
156944254.8350398 0.0
156911298.93082753 0.0
156878356.86418587 0.0
156845428.62640148 0.0
156812514.20876834 0.0
156779613.60258764 0.0
156746726.79916793 0.0
156713853.78982505 0.0
156680994.56588212 0.0
156648149.11866954 0.0
156615317.43952492 0.0
156582499.51979324 0.0
156549695.35082665 0.0
156516904.92398456 0.0
156484128.23063365 0.0
156451365.26214778 0.0
156418616.00990805 0.0
156385880.46530282 0.0
156353158.61972764 0.0
156320450.46458519 0.0
156287755.9912854 0.0
156255075.1912454 0.0
156222408.0558895 0.0
156189754.57664907 0.0
156157114.7449628 0.0
156124488.5522765 0.0
156091875.99004298 0.0
156059277.0497224 0.0
156026691.7227819 0.0
155994120.00069585 0.0
155961561.87494564 0.0
155929017.33701983 0.0
155896486.3784141 0.0
155863968.99063116 0.0
155831465.16518083 0.0
155798974.89358005 0.0
155766498.16735283 0.0
155734034.97803017 0.0
155701585.31715024 0.0
155669149.17625818 0.0
155636726.54690617 0.0
155604317.4206535 0.0
155571921.78906646 0.0
155539539.6437182 0.0
155507170.97618923 0.0
155474815.77806675 0.0
155442474.04094508 0.0
155410145.7564256 0.0
155377830.9161165 0.0
155345529.51163313 0.0
155313241.53459772 0.0
155280966.97663948 0.0
155248705.82939452 0.0
155216458.08450606 0.0
155184223.73362407 0.0
155152002.76840556 0.0
155119795.18051448 0.0
155087600.96162158 0.0
155055420.10340476 0.0
155023252.59754854 0.0
154991098.43574452 0.0
154958957.60969117 0.0
154926830.11109385 0.0
154894715.93166465 0.0
154862615.0631228 0.0
154830527.49719414 0.0
154798453.2256115 0.0
154766392.24011463 0.0
154734344.5324498 0.0
154702310.09437054 0.0
154670288.91763693 0.0
154638280.99401587 0.0
154606286.3152813 0.0
154574304.8732137 0.0
154542336.65960047 0.0
154510381.6662359 0.0
154478439.88492087 0.0
154446511.30746308 0.0
154414595.9256772 0.0
154382693.7313844 0.0
154350804.71641278 0.0
154318928.87259713 0.0
154287066.19177893 0.0
154255216.66580653 0.0
154223380.28653494 0.0
154191557.04582578 0.0
154159746.93554765 0.0
154127949.9475756 0.0
154096166.07379144 0.0
154064395.3060839 0.0
154032637.63634804 0.0
154000893.0564858 0.0
153969161.55840588 0.0
153937443.13402346 0.0
153905737.77526045 0.0
153874045.4740455 0.0
153842366.22231373 0.0
153810700.01200706 0.0
153779046.835074 0.0
153747406.68346962 0.0
153715779.54915574 0.0
153684165.42410064 0.0
153652564.3002793 0.0
153620976.1696733 0.0
153589401.02427077 0.0
153557838.85606644 0.0
153526289.65706167 0.0
153494753.4192643 0.0
153463230.13468876 0.0
153431719.79535615 0.0
153400222.39329398 0.0
153368737.92053637 0.0
153337266.36912397 0.0
153305807.73110393 0.0
153274361.99853 0.0
153242929.16346234 0.0
153211509.21796778 0.0
153180102.1541195 0.0
153148707.9639972 0.0
153117326.63968715 0.0
153085958.17328212 0.0
153054602.55688122 0.0
153023259.78259015 0.0
152991929.842521 0.0
152960612.72879243 0.0
152929308.43352947 0.0
152898016.94886354 0.0
152866738.2669326 0.0
152835472.37988102 0.0
152804219.27985957 0.0
152772978.95902547 0.0
152741751.4095423 0.0
152710536.6235801 0.0
152679334.59331527 0.0
152648145.31093067 0.0
152616968.76861542 0.0
152585804.95856518 0.0
152554653.87298185 0.0
152523515.50407377 0.0
152492389.84405556 0.0
152461276.88514832 0.0
152430176.61957943 0.0
152399089.03958258 0.0
152368014.13739783 0.0
152336951.90527156 0.0
152305902.33545646 0.0
152274865.42021158 0.0
152243841.15180227 0.0
152212829.52250004 0.0
152181830.52458292 0.0
152150844.15033513 0.0
152119870.39204708 0.0
152088909.24201563 0.0
152057960.69254377 0.0
152027024.73594084 0.0
151996101.36452243 0.0
151965190.57061026 0.0
151934292.34653243 0.0
151903406.68462336 0.0
151872533.57722336 0.0
151841673.01667938 0.0
151810824.99534428 0.0
151779989.50557727 0.0
151749166.53974378 0.0
151718356.0902154 0.0
151687558.14936984 0.0
151656772.7095912 0.0
151625999.7632696 0.0
151595239.30280128 0.0
151564491.3205889 0.0
151533755.809041 0.0
151503032.76057243 0.0
151472322.1676042 0.0
151441624.02256334 0.0
151410938.31788325 0.0
151380265.04600322 0.0
151349604.19936872 0.0
151318955.7704315 0.0
151288319.7516492 0.0
151257696.13548568 0.0
151227084.914411 0.0
151196486.0809011 0.0
151165899.62743807 0.0
151135325.54651028 0.0
151104763.83061185 0.0
151074214.47224328 0.0
151043677.46391094 0.0
151013152.7981273 0.0
150982640.46741086 0.0
150952140.46428633 0.0
150921652.78128418 0.0
150891177.41094115 0.0
150860714.3457999 0.0
150830263.57840908 0.0
150799825.10132352 0.0
150769398.90710384 0.0
150738984.98831677 0.0
150708583.33753508 0.0
150678193.94733745 0.0
150647816.8103086 0.0
150617451.91903922 0.0
150587099.26612592 0.0
150556758.84417135 0.0
150526430.64578402 0.0
150496114.66357854 0.0
150465810.89017534 0.0
150435519.3182009 0.0
150405239.9402875 0.0
150374972.74907348 0.0
150344717.737203 0.0
150314474.89732626 0.0
150284244.2220993 0.0
150254025.70418403 0.0
150223819.33624834 0.0
150193625.11096594 0.0
150163443.02101648 0.0
150133273.05908552 0.0
150103115.21786436 0.0
150072969.49005038 0.0
150042835.86834663 0.0
150012714.34546214 0.0
149982604.91411176 0.0
149952507.56701615 0.0
149922422.29690188 0.0
149892349.09650135 0.0
149862287.9585527 0.0
149832238.87579992 0.0
149802201.840993 0.0
149772176.84688747 0.0
149742163.88624486 0.0
149712162.95183238 0.0
149682174.03642312 0.0
149652197.13279596 0.0
149622232.23373544 0.0
149592279.33203208 0.0
149562338.42048204 0.0
149532409.49188718 0.0
149502492.53905532 0.0
149472587.5547999 0.0
149442694.53194004 0.0
149412813.46330085 0.0
149382944.34171292 0.0
149353087.16001263 0.0
149323241.91104227 0.0
149293408.5876496 0.0
149263587.1826883 0.0
149233777.6890176 0.0
149203980.09950247 0.0
149174194.40701365 0.0
149144420.6044276 0.0
149114658.68462625 0.0
149084908.64049745 0.0
149055170.46493462 0.0
149025444.15083677 0.0
148995729.6911088 0.0
148966027.07866102 0.0
148936336.30640954 0.0
148906657.3672761 0.0
148876990.25418806 0.0
148847334.96007833 0.0
148817691.47788566 0.0
148788059.80055422 0.0
148758439.92103383 0.0
148728831.83228013 0.0
148699235.52725402 0.0
148669650.99892232 0.0
148640078.24025726 0.0
148610517.2442367 0.0
148580968.00384417 0.0
148551430.51206866 0.0
148521904.76190475 0.0
148492390.7463527 0.0
148462888.4584182 0.0
148433397.8911125 0.0
148403919.03745264 0.0
148374451.89046082 0.0
148344996.4431651 0.0
148315552.6885989 0.0
148286120.61980122 0.0
148256700.22981665 0.0
148227291.51169518 0.0
148197894.4584924 0.0
148168509.06326938 0.0
148139135.3190927 0.0
148109773.21903437 0.0
148080422.7561721 0.0
148051083.92358875 0.0
148021756.71437296 0.0
147992441.12161872 0.0
147963137.1384255 0.0
147933844.75789818 0.0
147904563.97314727 0.0
147875294.77728853 0.0
147846037.1634433 0.0
147816791.1247383 0.0
147787556.65430573 0.0
147758333.7452832 0.0
147729122.39081368 0.0
147699922.5840457 0.0
147670734.31813318 0.0
147641557.58623528 0.0
147612392.38151675 0.0
147583238.69714776 0.0
147554096.52630365 0.0
147524965.8621654 0.0
147495846.69791922 0.0
147466739.02675676 0.0
147437642.84187508 0.0
147408558.13647646 0.0
147379484.90376872 0.0
147350423.13696492 0.0
147321372.8292835 0.0
147292333.97394833 0.0
147263306.56418848 0.0
147234290.5932384 0.0
147205286.054338 0.0
147176292.94073236 0.0
147147311.2456719 0.0
147118340.96241242 0.0
147089382.08421502 0.0
147060434.60434607 0.0
147031498.5160772 0.0
147002573.81268543 0.0
146973660.48745307 0.0
146944758.53366762 0.0
146915867.94462192 0.0
146886988.7136141 0.0
146858120.83394748 0.0
146829264.29893073 0.0
146800419.1018778 0.0
146771585.23610768 0.0
146742762.69494495 0.0
146713951.47171912 0.0
146685151.55976507 0.0
146656362.952423 0.0
146627585.64303818 0.0
146598819.62496117 0.0
146570064.89154774 0.0
146541321.4361589 0.0
146512589.25216082 0.0
146483868.33292496 0.0
146455158.67182776 0.0
146426460.26225117 0.0
146397773.0975821 0.0
146369097.1712126 0.0
146340432.47654018 0.0
146311779.00696725 0.0
146283136.75590137 0.0
146254505.71675554 0.0
146225885.88294768 0.0
146197277.24790084 0.0
146168679.80504346 0.0
146140093.5478088 0.0
146111518.46963546 0.0
146082954.56396723 0.0
146054401.82425275 0.0
146025860.24394614 0.0
145997329.8165063 0.0
145968810.5353974 0.0
145940302.39408883 0.0
145911805.38605484 0.0
145883319.5047749 0.0
145854844.7437336 0.0
145826381.09642062 0.0
145797928.55633056 0.0
145769487.11696336 0.0
145741056.77182376 0.0
145712637.51442173 0.0
145684229.33827233 0.0
145655832.23689553 0.0
145627446.20381647 0.0
145599071.2325653 0.0
145570707.31667718 0.0
145542354.4496924 0.0
145514012.6251562 0.0
145485681.83661878 0.0
145457362.0776356 0.0
145429053.3417668 0.0
145400755.62257788 0.0
145372468.9136391 0.0
145344193.2085258 0.0
145315928.50081837 0.0
145287674.78410214 0.0
145259432.0519674 0.0
145231200.29800949 0.0
145202979.51582867 0.0
145174769.69903022 0.0
145146570.84122437 0.0
145118382.93602628 0.0
145090205.97705612 0.0
145062039.95793903 0.0
145033884.87230498 0.0
145005740.71378902 0.0
144977607.4760311 0.0
144949485.15267608 0.0
144921373.7373737 0.0
144893273.2237788 0.0
144865183.60555097 0.0
144837104.87635478 0.0
144809037.02985966 0.0
144780980.05974007 0.0
144752933.95967522 0.0
144724898.7233493 0.0
144696874.34445146 0.0
144668860.81667554 0.0
144640858.13372046 0.0
144612866.28928992 0.0
144584885.2770925 0.0
144556915.09084165 0.0
144528955.72425577 0.0
144501007.17105794 0.0
144473069.42497623 0.0
144445142.47974354 0.0
144417226.3290976 0.0
144389320.966781 0.0
144361426.3865411 0.0
144333542.58213013 0.0
144305669.54730523 0.0
144277807.2758282 0.0
144249955.76146582 0.0
144222114.99798957 0.0
144194284.97917572 0.0
144166465.69880542 0.0
144138657.15066466 0.0
144110859.32854408 0.0
144083072.22623926 0.0
144055295.8375504 0.0
144027530.1562826 0.0
143999775.17624578 0.0
143972030.89125443 0.0
143944297.295128 0.0
143916574.38169065 0.0
143888862.14477125 0.0
143861160.57820344 0.0
143833469.6758257 0.0
143805789.43148103 0.0
143778119.83901742 0.0
143750460.8922875 0.0
143722812.58514848 0.0
143695174.91146258 0.0
143667547.86509654 0.0
143639931.4399218 0.0
143612325.62981468 0.0
143584730.42865604 0.0
143557145.83033153 0.0
143529571.8287315 0.0
143502008.41775087 0.0
143474455.59128946 0.0
143446913.34325162 0.0
143419381.66754633 0.0
143391860.55808747 0.0
143364350.00879338 0.0
143336850.01358715 0.0
143309360.56639656 0.0
143281881.661154 0.0
143254413.29179645 0.0
143226955.45226574 0.0
143199508.1365081 0.0
143172071.33847454 0.0
143144645.05212075 0.0
143117229.27140692 0.0
143089823.9902979 0.0
143062429.2027633 0.0
143035044.90277708 0.0
143007671.08431813 0.0
142980307.7413697 0.0
142952954.86791968 0.0
142925612.45796078 0.0
142898280.50548995 0.0
142870959.00450903 0.0
142843647.9490243 0.0
142816347.33304664 0.0
142789057.15059155 0.0
142761777.39567912 0.0
142734508.06233385 0.0
142707249.144585 0.0
142680000.63646635 0.0
142652762.5320161 0.0
142625534.82527715 0.0
142598317.5102969 0.0
142571110.58112726 0.0
142543914.03182477 0.0
142516727.85645035 0.0
142489552.0490696 0.0
142462386.6037526 0.0
142435231.5145739 0.0
142408086.7756126 0.0
142380952.3809524 0.0
