334451901.5659955 0.0
334302275.72842175 0.0
334152783.7090732 0.0
334003425.328509 0.0
333854200.4076092 0.0
333705108.7675738 0.0
333556150.22992176 0.0
333407324.6164909 0.0
333258631.74943686 0.0
333110071.45123196 0.0
332961643.5446656 0.0
332813347.85284233 0.0
332665184.1991819 0.0
332517152.40741855 0.0
332369252.3015998 0.0
332221483.70608646 0.0
332073846.445551 0.0
331926340.344978 0.0
331778965.2296625 0.0
331631720.92520976 0.0
331484607.25753444 0.0
331337624.05286026 0.0
331190771.1377187 0.0
331044048.33894855 0.0
330897455.48369575 0.0
330750992.3994119 0.0
330604658.9138542 0.0
330458454.8550841 0.0
330312380.0514679 0.0
330166434.3316742 0.0
330020617.5246752 0.0
329874929.4597444 0.0
329729369.9664571 0.0
329583938.87468916 0.0
329438636.0146162 0.0
329293461.2167136 0.0
329148414.311755 0.0
329003495.1308124 0.0
328858703.5052551 0.0
328714039.26674896 0.0
328569502.2472561 0.0
328425092.2790339 0.0
328280809.1946348 0.0
328136652.8269049 0.0
327992623.0089842 0.0
327848719.57430536 0.0
327704942.3565932 0.0
327561291.18986404 0.0
327417765.9084254 0.0
327274366.3468747 0.0
327131092.3400993 0.0
326987943.72327524 0.0
326844920.33186734 0.0
326702022.00162786 0.0
326559248.5685963 0.0
326416599.86909866 0.0
326274075.73974663 0.0
326131676.01743734 0.0
325989400.5393524 0.0
325847249.1429577 0.0
325705221.666002 0.0
325563317.94651717 0.0
325421537.8228173 0.0
325279881.1334977 0.0
325138347.7174349 0.0
324996937.4137855 0.0
324855650.0619859 0.0
324714485.5017516 0.0
324573443.57307655 0.0
324432524.11623263 0.0
324291726.97176886 0.0
324151051.9805112 0.0
324010498.9835614 0.0
323870067.8222968 0.0
323729758.3383696 0.0
323589570.3737064 0.0
323449503.77050734 0.0
323309558.3712457 0.0
323169734.01866716 0.0
323030030.55578977 0.0
322890447.8259022 0.0
322750985.67256445 0.0
322611643.9396066 0.0
322472422.47112787 0.0
322333321.111497 0.0
322194339.70535076 0.0
322055478.0975942 0.0
321916736.1333991 0.0
321778113.6582044 0.0
321639610.51771474 0.0
321501226.55790067 0.0
321362961.62499744 0.0
321224815.5655048 0.0
321086788.2261864 0.0
320948879.45406896 0.0
320811089.09644216 0.0
320673417.0008576 0.0
320535863.0151285 0.0
320398426.9873291 0.0
320261108.76579434 0.0
320123908.1991185 0.0
319986825.1361557 0.0
319849859.4260187 0.0
319713010.9180784 0.0
319576279.4619635 0.0
319439664.9075596 0.0
319303167.10500926 0.0
319166785.90471065 0.0
319030521.1573178 0.0
318894372.7137394 0.0
318758340.42513865 0.0
318622424.1429326 0.0
318486623.71879154 0.0
318350939.0046388 0.0
318215369.85264945 0.0
318079916.1152507 0.0
317944577.6451208 0.0
317809354.2951885 0.0
317674245.9186327 0.0
317539252.36888206 0.0
317404373.4996138 0.0
317269609.1647543 0.0
317134959.21847737 0.0
317000423.5152045 0.0
316866001.9096041 0.0
316731694.25659084 0.0
316597500.4113257 0.0
316463420.2292143 0.0
316329453.5659078 0.0
316195600.2773012 0.0
316061860.2195336 0.0
315928233.24898726 0.0
315794719.22228724 0.0
315661317.996301 0.0
315528029.4281373 0.0
315394853.37514675 0.0
315261789.69492036 0.0
315128838.24528927 0.0
314995998.88432455 0.0
314863271.4703365 0.0
314730655.8618739 0.0
314598151.91772395 0.0
314465759.49691147 0.0
314333478.4586985 0.0
314201308.6625839 0.0
314069249.96830237 0.0
313937302.23582494 0.0
313805465.32535714 0.0
313673739.09733987 0.0
313542123.4124478 0.0
313410618.13158965 0.0
313279223.11590725 0.0
313147938.2267751 0.0
313016763.3258003 0.0
312885698.2748213 0.0
312754742.9359082 0.0
312623897.1713618 0.0
312493160.8437132 0.0
312362533.81572336 0.0
312232015.95038277 0.0
312101607.11091065 0.0
311971307.1607546 0.0
311841115.96359044 0.0
311711033.3833211 0.0
311581059.28407675 0.0
311451193.5302139 0.0
311321435.98631537 0.0
311191786.5171893 0.0
311062244.9878691 0.0
310932811.2636126 0.0
310803485.2099022 0.0
310674266.6924436 0.0
310545155.5771659 0.0
310416151.73022115 0.0
310287255.0179833 0.0
310158465.3070486 0.0
310029782.4642344 0.0
309901206.35657924 0.0
309772736.8513417 0.0
309644373.81600094 0.0
309516117.1182553 0.0
309387966.6260223 0.0
309259922.2074381 0.0
309131983.73085725 0.0
309004151.0648519 0.0
308876424.0782114 0.0
308748802.6399422 0.0
308621286.61926705 0.0
308493875.8856245 0.0
308366570.30866885 0.0
308239369.7582694 0.0
308112274.10451 0.0
307985283.2176887 0.0
307858396.96831745 0.0
307731615.2271213 0.0
307604937.8650382 0.0
307478364.7532186 0.0
307351895.76302505 0.0
307225530.76603127 0.0
307099269.6340225 0.0
306973112.2389945 0.0
306847058.4531531 0.0
306721108.14891434 0.0
306595261.1989034 0.0
306469517.4759545 0.0
306343876.8531102 0.0
306218339.2036215 0.0
306092904.4009468 0.0
305967572.31875193 0.0
305842342.8309093 0.0
305717215.81149817 0.0
305592191.1348033 0.0
305467268.67531526 0.0
305342448.30772984 0.0
305217729.9069474 0.0
305093113.3480725 0.0
304968598.50641394 0.0
304844185.25748384 0.0
304719873.476997 0.0
304595663.04087156 0.0
304471553.8252273 0.0
304347545.70638627 0.0
304223638.5608715 0.0
304099832.26540726 0.0
303976126.69691855 0.0
303852521.7325301 0.0
303729017.249567 0.0
303605613.1255532 0.0
303482309.2382119 0.0
303359105.4654647 0.0
303236001.68543166 0.0
303112997.7764302 0.0
302990093.61697525 0.0
302867289.0857789 0.0
302744584.06174946 0.0
302621978.4239916 0.0
302499472.05180573 0.0
302377064.8246876 0.0
302254756.6223279 0.0
302132547.3246121 0.0
302010436.8116194 0.0
301888424.9636233 0.0
301766511.6610904 0.0
301644696.7846803 0.0
301522980.2152456 0.0
301401361.8338305 0.0
301279841.52167153 0.0
301158419.1601965 0.0
301037094.6310244 0.0
300915867.8159647 0.0
300794738.59701735 0.0
300673706.85637224 0.0
300552772.4764086 0.0
300431935.3396951 0.0
300311195.32898897 0.0
300190552.3272358 0.0
300070006.2175694 0.0
299949556.88331115 0.0
299829204.20796967 0.0
299708948.0752404 0.0
299588788.3690053 0.0
299468724.97333276 0.0
299348757.77247655 0.0
299228886.650876 0.0
299109111.4931556 0.0
298989432.18412423 0.0
298869848.60877526 0.0
298750360.6522859 0.0
298630968.200017 0.0
298511671.1375123 0.0
298392469.35049874 0.0
298273362.72488564 0.0
298154351.14676416 0.0
298035434.5024074 0.0
297916612.67826974 0.0
297797885.5609866 0.0
297679253.037374 0.0
297560714.99442846 0.0
297442271.31932604 0.0
297323921.89942265 0.0
297205666.62225324 0.0
297087505.37553185 0.0
296969438.0471508 0.0
296851464.5251805 0.0
296733584.6978695 0.0
296615798.4536434 0.0
296498105.6811051 0.0
296380506.26903397 0.0
296263000.10638636 0.0
296145587.08229387 0.0
296028267.0860644 0.0
295911040.00718087 0.0
295793905.7353012 0.0
295676864.16025823 0.0
295559915.1720587 0.0
295443058.6608837 0.0
295326294.5170875 0.0
295209622.6311981 0.0
295093042.8939161 0.0
294976555.19611466 0.0
294860159.4288394 0.0
294743855.4833077 0.0
294627643.2509087 0.0
294511522.6232024 0.0
294395493.49192 0.0
294279555.7489631 0.0
294163709.2864037 0.0
294047953.9964834 0.0
293932289.7716136 0.0
293816716.5043747 0.0
293701234.0875161 0.0
293585842.4139559 0.0
293470541.3767802 0.0
293355330.8692429 0.0
293240210.7847658 0.0
293125181.0169377 0.0
293010241.4595142 0.0
292895392.00641775 0.0
292780632.55173695 0.0
292665962.98972625 0.0
292551383.2148056 0.0
292436893.1215606 0.0
292322492.60474145 0.0
292208181.5592631 0.0
292093959.8802048 0.0
291979827.46280986 0.0
291865784.2024851 0.0
291751829.99480075 0.0
291637964.73549014 0.0
291524188.32044935 0.0
291410500.64573663 0.0
291296901.6075725 0.0
291183391.10233915 0.0
291069969.0265803 0.0
290956635.27700067 0.0
290843389.750466 0.0
290730232.3440022 0.0
290617162.9547958 0.0
290504181.4801928 0.0
290391287.8176992 0.0
290278481.86497974 0.0
290165763.5198586 0.0
290053132.6803183 0.0
289940589.2444998 0.0
289828133.11070216 0.0
289715764.177382 0.0
289603482.3431535 0.0
289491287.5067877 0.0
289379179.56721294 0.0
289267158.42351353 0.0
289155223.9749303 0.0
289043376.1208598 0.0
288931614.7608544 0.0
288819939.79462147 0.0
288708351.12202364 0.0
288596848.64307815 0.0
288485432.2579566 0.0
288374101.86698467 0.0
288262857.3706419 0.0
288151698.6695614 0.0
288040625.66452926 0.0
287929638.25648475 0.0
287818736.3465197 0.0
287707919.835878 0.0
287597188.62595606 0.0
287486542.6183015 0.0
287375981.7146139 0.0
287265505.8167436 0.0
287155114.826692 0.0
287044808.64661103 0.0
286934587.17880297 0.0
286824450.3257199 0.0
286714397.9899639 0.0
286604430.07428634 0.0
286494546.48158765 0.0
286384747.1149172 0.0
286275031.87747306 0.0
286165400.6726013 0.0
286055853.4037961 0.0
285946389.97469956 0.0
285837010.2891009 0.0
285727714.2509367 0.0
285618501.7642903 0.0
285509372.7333918 0.0
285400327.0626174 0.0
285291364.65648943 0.0
285182485.4196761 0.0
285073689.2569908 0.0
284964976.07339233 0.0
284856345.7739844 0.0
284747798.2640153 0.0
284639333.4488777 0.0
284530951.2341084 0.0
284422651.52538806 0.0
284314434.2285407 0.0
284206299.24953395 0.0
284098246.49447805 0.0
283990275.8696263 0.0
283882387.2813741 0.0
283774580.6362595 0.0
283666855.840962 0.0
283559212.80230314 0.0
283451651.4272456 0.0
283344171.6228933 0.0
283236773.29649085 0.0
283129456.3554235 0.0
283022220.7072171 0.0
282915066.259537 0.0
282807992.9201888 0.0
282701000.5971173 0.0
282594089.19840693 0.0
282487258.6322806 0.0
282380508.8071003 0.0
282273839.6313666 0.0
282167251.01371783 0.0
282060742.86293066 0.0
281954315.08791924 0.0
281847967.5977352 0.0
281741700.30156726 0.0
281635513.1087413 0.0
281529405.9287195 0.0
281423378.6711007 0.0
281317431.2456196 0.0
281211563.56214714 0.0
281105775.53068966 0.0
281000067.06138873 0.0
280894438.06452143 0.0
280788888.45049924 0.0
280683418.1298686 0.0
280578027.01331013 0.0
280472715.0116387 0.0
280367482.0358027 0.0
280262327.9968845 0.0
280157252.8060997 0.0
280052256.37479675 0.0
279947338.61445737 0.0
279842499.4366955 0.0
279737738.7532577 0.0
279633056.4760224 0.0
279528452.5170002 0.0
279423926.788333 0.0
279319479.2022941 0.0
279215109.6712882 0.0
279110818.10785055 0.0
279006604.42464715 0.0
278902468.53447443 0.0
278798410.35025895 0.0
278694429.7850571 0.0
278590526.75205505 0.0
278486701.1645681 0.0
278382952.9360413 0.0
278279281.9800478 0.0
278175688.21029025 0.0
278072171.5405994 0.0
277968731.88493407 0.0
277865369.1573813 0.0
277762083.2721557 0.0
277658874.1435997 0.0
277555741.68618256 0.0
277452685.8145008 0.0
277349706.4432778 0.0
277246803.48736334 0.0
277143976.86173356 0.0
277041226.4814908 0.0
276938552.2618631 0.0
276835954.11820424 0.0
276733431.96599334 0.0
276630985.72083473 0.0
276528615.29845756 0.0
276426320.6147157 0.0
276324101.58558774 0.0
276221958.127176 0.0
276119890.15570724 0.0
276017897.5875318 0.0
275915980.33912367 0.0
275814138.32708013 0.0
275712371.46812135 0.0
275610679.67909086 0.0
275509062.8769542 0.0
275407520.97879976 0.0
275306053.90183806 0.0
275204661.56340134 0.0
275103343.88094395 0.0
275002100.77204144 0.0
274900932.15439075 0.0
274799837.9458099 0.0
274698818.0642379 0.0
274597872.427734 0.0
274497000.9544783 0.0
274396203.5627708 0.0
274295480.1710315 0.0
274194830.69780016 0.0
274094255.0617361 0.0
273993753.1816179 0.0
273893324.9763433 0.0
273792970.36492866 0.0
273692689.2665093 0.0
273592481.6003389 0.0
273492347.285789 0.0
273392286.2423497 0.0
273292298.38962835 0.0
273192383.64735043 0.0
273092541.93535817 0.0
272992773.1736113 0.0
272893077.28218645 0.0
272793454.1812768 0.0
272693903.7911922 0.0
272594426.0323587 0.0
272495020.8253184 0.0
272395688.09072924 0.0
272296427.74936485 0.0
272197239.7221145 0.0
272098123.92998224 0.0
271999080.2940875 0.0
271900108.7356644 0.0
271801209.1760617 0.0
271702381.5367423 0.0
271603625.73928386 0.0
271504941.70537734 0.0
271406329.356828 0.0
271307788.6155542 0.0
271209319.4035882 0.0
271110921.64307487 0.0
271012595.25627244 0.0
270914340.1655516 0.0
270816156.29339564 0.0
270718043.56240034 0.0
270620001.89527345 0.0
270522031.2148348 0.0
270424131.4440156 0.0
270326302.505859 0.0
270228544.32351935 0.0
270130856.82026184 0.0
270033239.9194629 0.0
269935693.5446097 0.0
269838217.6192996 0.0
269740812.0672405 0.0
269643476.81225055 0.0
269546211.77825755 0.0
269449016.8892992 0.0
269351892.06952256 0.0
269254837.2431843 0.0
269157852.33464986 0.0
269060937.2683939 0.0
268964091.96899974 0.0
268867316.36115915 0.0
268770610.36967236 0.0
268673973.9194476 0.0
268577406.9355014 0.0
268480909.34295756 0.0
268384481.06704783 0.0
268288122.0331113 0.0
268191832.16659403 0.0
268095611.3930492 0.0
267999459.63813686 0.0
267903376.82762367 0.0
267807362.88738245 0.0
267711417.74339262 0.0
267615541.32173938 0.0
267519733.54861388 0.0
267423994.35031283 0.0
267328323.65323856 0.0
267232721.38389862 0.0
267137187.46890557 0.0
267041721.8349769 0.0
266946324.408935 0.0
266850995.11770657 0.0
266755733.88832268 0.0
266660540.64791873 0.0
266565415.3237338 0.0
266470357.84311107 0.0
266375368.13349712 0.0
266280446.12244195 0.0
266185591.73759896 0.0
266090804.90672442 0.0
265996085.55767754 0.0
265901433.61842015 0.0
265806849.01701674 0.0
265712331.68163392 0.0
265617881.54054058 0.0
265523498.5221074 0.0
265429182.55480707 0.0
265334933.5672137 0.0
265240751.4880028 0.0
265146636.24595127 0.0
265052587.7699369 0.0
264958605.9889384 0.0
264864690.83203515 0.0
264770842.22840723 0.0
264677060.10733476 0.0
264583344.39819822 0.0
264489695.03047806 0.0
264396111.93375456 0.0
264302595.0377074 0.0
264209144.27211595 0.0
264115759.56685892 0.0
264022440.85191384 0.0
263929188.0573574 0.0
263836001.11336493 0.0
263742879.95021042 0.0
263649824.49826616 0.0
263556834.68800277 0.0
263463910.44998896 0.0
263371051.71489114 0.0
263278258.41347355 0.0
263185530.47659805 0.0
263092867.83522376 0.0
263000270.42040694 0.0
262907738.1633011 0.0
262815270.9951564 0.0
262722868.84731975 0.0
262630531.65123454 0.0
262538259.33844066 0.0
262446051.84057397 0.0
262353909.08936644 0.0
262261831.0166459 0.0
262169817.5543358 0.0
262077868.63445514 0.0
261985984.1891182 0.0
261894164.15053454 0.0
261802408.45100853 0.0
261710717.0229396 0.0
261619089.7988217 0.0
261527526.71124324 0.0
261436027.69288722 0.0
261344592.67653057 0.0
261253221.5950443 0.0
261161914.38139325 0.0
261070670.96863604 0.0
260979491.2899247 0.0
260888375.27850464 0.0
260797322.86771452 0.0
260706333.99098596 0.0
260615408.5818434 0.0
260524546.5739041 0.0
260433747.90087786 0.0
260343012.4965668 0.0
260252340.29486528 0.0
260161731.22975966 0.0
260071185.23532838 0.0
259980702.24574137 0.0
259890282.19526035 0.0
259799925.01823846 0.0
259709630.6491199 0.0
259619399.0224401 0.0
259529230.07282555 0.0
259439123.7349934 0.0
259349079.94375136 0.0
259259098.63399783 0.0
259169179.74072132 0.0
259079323.1990006 0.0
258989528.9440044 0.0
258899796.91099137 0.0
258810127.03530982 0.0
258720519.25239754 0.0
258630973.49778172 0.0
258541489.70707893 0.0
258452067.8159946 0.0
258362707.7603231 0.0
258273409.47594786 0.0
258184172.89884043 0.0
258094997.96506125 0.0
258005884.61075884 0.0
257916832.77216998 0.0
257827842.3856194 0.0
257738913.3875197 0.0
257650045.71437114 0.0
257561239.30276152 0.0
257472494.08936617 0.0
257383810.01094753 0.0
257295187.00435513 0.0
257206625.00652555 0.0
257118123.9544821 0.0
257029683.78533477 0.0
256941304.43627995 0.0
256852985.84460056 0.0
256764727.94766554 0.0
256676530.68293002 0.0
256588393.9879349 0.0
256500317.800307 0.0
256412302.05775863 0.0
256324346.69808757 0.0
256236451.65917704 0.0
256148616.87899533 0.0
256060842.29559562 0.0
255973127.84711623 0.0
255885473.47178018 0.0
255797879.10789484 0.0
255710344.6938523 0.0
255622870.1681288 0.0
255535455.4692848 0.0
255448100.5359647 0.0
255360805.3068968 0.0
255273569.72089326 0.0
255186393.71684963 0.0
255099277.2337449 0.0
255012220.21064153 0.0
254925222.58668503 0.0
254838284.3011039 0.0
254751405.29320955 0.0
254664585.50239614 0.0
254577824.8681404 0.0
254491123.33000144 0.0
254404480.8276208 0.0
254317897.30072218 0.0
254231372.68911117 0.0
254144906.9326754 0.0
254058499.9713841 0.0
253972151.74528837 0.0
253885862.19452047 0.0
253799631.25929427 0.0
253713458.8799046 0.0
253627344.99672753 0.0
253541289.55021992 0.0
253455292.4809195 0.0
253369353.72944468 0.0
253283473.23649427 0.0
253197650.94284752 0.0
253111886.78936383 0.0
253026180.71698293 0.0
252940532.66672423 0.0
252854942.57968715 0.0
252769410.39705077 0.0
252683936.0600738 0.0
252598519.5100941 0.0
252513160.68852916 0.0
252427859.5368755 0.0
252342615.99670863 0.0
252257430.00968298 0.0
252172301.51753166 0.0
252087230.46206668 0.0
252002216.78517812 0.0
251917260.42883477 0.0
251832361.33508357 0.0
251747519.44604945 0.0
251662734.7039353 0.0
251578007.051022 0.0
251493336.4296681 0.0
251408722.7823095 0.0
251324166.0514599 0.0
251239666.17971003 0.0
251155223.1097279 0.0
251070836.7842585 0.0
250986507.146124 0.0
250902234.13822302 0.0
250818017.70353106 0.0
250733857.78510004 0.0
250649754.32605845 0.0
250565707.26961088 0.0
250481716.55903813 0.0
250397782.1376972 1.0
250313903.94902056 1.0
250230081.93651694 1.0
250146316.0437704 1.0
250062606.21444067 1.0
249978952.39226276 1.0
249895354.52104697 1.0
249811812.5446789 1.0
249728326.40711883 1.0
249644896.0524023 1.0
249561521.4246393 1.0
249478202.4680147 1.0
249394939.12678772 1.0
249311731.3452921 1.0
249228579.06793568 1.0
249145482.2392005 1.0
249062440.8036428 1.0
248979454.7058925 1.0
248896523.89065334 1.0
248813648.3027027 1.0
248730827.88689154 1.0
248648062.58814424 1.0
248565352.3514583 1.0
248482697.12190464 1.0
248400096.84462702 1.0
248317551.4648421 1.0
248235060.92783946 1.0
248152625.17898133 1.0
248070244.1637024 1.0
247987917.8275099 1.0
247905646.11598334 1.0
247823428.97477442 1.0
247741266.34960684 1.0
247659158.18627638 1.0
247577104.43065065 1.0
247495105.02866882 1.0
247413159.92634177 1.0
247331269.06975195 1.0
247249432.405053 1.0
247167649.87846985 1.0
247085921.43629867 1.0
247004247.02490646 1.0
246922626.59073126 1.0
246841060.08028176 1.0
246759547.44013745 1.0
246678088.6169482 1.0
246596683.55743438 1.0
246515332.20838675 1.0
246434034.5166661 1.0
246352790.42920342 1.0
246271599.89299953 1.0
246190462.8551253 1.0
246109379.26272115 1.0
246028349.06299716 1.0
245947372.2032329 1.0
245866448.6307774 1.0
245785578.29304892 1.0
245704761.13753477 1.0
245623997.11179158 1.0
245543286.16344452 1.0
245462628.24018797 1.0
245382023.28978473 1.0
245301471.26006633 1.0
245220972.09893277 1.0
245140525.75435236 1.0
245060132.17436174 1.0
244979791.30706558 1.0
244899503.10063675 1.0
244819267.50331587 1.0
244739084.46341148 1.0
244658953.92929974 1.0
244578875.8494245 1.0
244498850.17229694 1.0
244418876.84649575 1.0
244338955.8206668 1.0
244259087.04352316 1.0
244179270.4638448 1.0
244099506.03047878 1.0
244019793.69233897 1.0
243940133.39840573 1.0
243860525.09772635 1.0
243780968.7394143 1.0
243701464.27264968 1.0
243622011.64667866 1.0
243542610.81081372 1.0
243463261.71443346 1.0
243383964.3069821 1.0
243304718.5379701 1.0
243225524.35697344 1.0
243146381.71363375 1.0
243067290.55765814 1.0
242988250.83881935 1.0
242909262.50695518 1.0
242830325.51196876 1.0
242751439.80382827 1.0
242672605.33256692 1.0
242593822.04828283 1.0
242515089.90113875 1.0
242436408.8413624 1.0
242357778.8192457 1.0
242279199.78514534 1.0
242200671.6894822 1.0
242122194.4827415 1.0
242043768.1154726 1.0
241965392.53828892 1.0
241887067.70186776 1.0
241808793.55695027 1.0
241730570.0543415 1.0
241652397.14490992 1.0
241574274.77958766 1.0
241496202.9093702 1.0
241418181.48531651 1.0
241340210.4585486 1.0
241262289.78025165 1.0
241184419.40167397 1.0
241106599.27412668 1.0
241028829.34898368 1.0
240951109.57768172 1.0
240873439.9117202 1.0
240795820.30266073 1.0
240718250.7021277 1.0
240640731.0618076 1.0
240563261.33344927 1.0
240485841.4688635 1.0
240408471.4199232 1.0
240331151.13856325 1.0
240253880.57678017 1.0
240176659.68663236 1.0
240099488.4202398 1.0
240022366.72978392 1.0
239945294.5675076 1.0
239868271.88571507 1.0
239791298.63677183 1.0
239714374.77310437 1.0
239637500.24720022 1.0
239560675.01160803 1.0
239483899.01893705 1.0
239407172.22185734 1.0
239330494.5730997 1.0
239253866.0254553 1.0
239177286.53177586 1.0
239100756.0449734 1.0
239024274.51802024 1.0
238947841.9039488 1.0
238871458.15585157 1.0
238795123.226881 1.0
238718837.07024935 1.0
238642599.63922882 1.0
238566410.88715106 1.0
238490270.76740754 1.0
238414179.2334489 1.0
238338136.2387855 1.0
238262141.73698676 1.0
238186195.6816814 1.0
238110298.02655724 1.0
238034448.72536108 1.0
237958647.73189867 1.0
237882895.00003448 1.0
237807190.48369193 1.0
237731534.13685286 1.0
237655925.9135577 1.0
237580365.7679054 1.0
237504853.6540533 1.0
237429389.52621678 1.0
237353973.33866963 1.0
237278605.04574364 1.0
237203284.60182858 1.0
237128011.96137202 1.0
237052787.0788795 1.0
236977609.90891427 1.0
236902480.40609697 1.0
236827398.525106 1.0
236752364.22067717 1.0
236677377.44760352 1.0
236602438.1607354 1.0
236527546.31498036 1.0
236452701.8653031 1.0
236377904.76672503 1.0
236303154.97432476 1.0
236228452.44323754 1.0
236153797.12865537 1.0
236079188.98582685 1.0
236004627.9700572 1.0
235930114.03670794 1.0
235855647.14119712 1.0
235781227.23899886 1.0
235706854.2856437 1.0
235632528.2367181 1.0
235558249.04786447 1.0
235484016.6747814 1.0
235409831.07322297 1.0
235335692.19899926 1.0
235261600.00797585 1.0
235187554.456074 1.0
235113555.49927032 1.0
235039603.0935969 1.0
234965697.1951411 1.0
234891837.76004544 1.0
234818024.7445077 1.0
234744258.1047806 1.0
234670537.79717186 1.0
234596863.77804396 1.0
234523236.0038143 1.0
234449654.430955 1.0
234376119.01599255 1.0
234302629.71550828 1.0
234229186.48613778 1.0
234155789.28457093 1.0
234082438.06755203 1.0
234009132.79187956 1.0
233935873.414406 1.0
233862659.89203787 1.0
233789492.1817356 1.0
233716370.24051365 1.0
233643294.02543995 1.0
233570263.49363628 1.0
233497278.60227808 1.0
233424339.30859408 1.0
233351445.5698667 1.0
233278597.34343138 1.0
233205794.58667722 1.0
233133037.25704613 1.0
233060325.3120333 1.0
232987658.70918697 1.0
232915037.40610814 1.0
232842461.36045074 1.0
232769930.5299216 1.0
232697444.87227997 1.0
232625004.3453379 1.0
232552608.9069599 1.0
232480258.51506287 1.0
232407953.12761614 1.0
232335692.70264122 1.0
232263477.19821194 1.0
232191306.57245415 1.0
232119180.7835457 1.0
232047099.78971648 1.0
231975063.54924816 1.0
231903072.02047428 1.0
231831125.16178003 1.0
231759222.93160233 1.0
231687365.2884294 1.0
231615552.19080123 1.0
231543783.597309 1.0
231472059.46659523 1.0
231400379.75735375 1.0
231328744.42832947 1.0
231257153.43831837 1.0
231185606.74616742 1.0
231114104.31077456 1.0
231042646.0910885 1.0
230971232.0461087 1.0
230899862.13488534 1.0
230828536.31651923 1.0
230757254.55016157 1.0
230686016.79501408 1.0
230614823.01032892 1.0
230543673.15540847 1.0
230472567.1896052 1.0
230401505.0723219 1.0
230330486.76301137 1.0
230259512.22117627 1.0
230188581.40636927 1.0
230117694.27819294 1.0
230046850.7962994 1.0
229976050.9203905 1.0
229905294.61021775 1.0
229834581.82558227 1.0
229763912.52633435 1.0
229693286.67237377 1.0
229622704.22364977 1.0
229552165.1401606 1.0
229481669.38195363 1.0
229411216.90912545 1.0
229340807.68182153 1.0
229270441.6602363 1.0
229200118.80461293 1.0
229129839.07524356 1.0
229059602.43246877 1.0
228989408.83667794 1.0
228919258.24830884 1.0
228849150.62784788 1.0
228779085.9358297 1.0
228709064.1328373 1.0
228639085.179502 1.0
228569149.03650326 1.0
228499255.66456848 1.0
228429405.0244733 1.0
228359597.07704118 1.0
228289831.78314352 1.0
228220109.10369945 1.0
228150428.99967587 1.0
228080791.43208736 1.0
228011196.36199605 1.0
227941643.75051162 1.0
227872133.55879104 1.0
227802665.74803892 1.0
227733240.27950692 1.0
227663857.11449397 1.0
227594516.21434623 1.0
227525217.54045692 1.0
227455961.05426624 1.0
227386746.71726122 1.0
227317574.490976 1.0
227248444.33699134 1.0
227179356.21693465 1.0
227110310.09248015 1.0
227041305.92534867 1.0
226972343.67730734 1.0
226903423.31016985 1.0
226834544.78579628 1.0
226765708.06609306 1.0
226696913.1130126 1.0
226628159.88855374 1.0
226559448.35476136 1.0
226490778.47372618 1.0
226422150.20758498 1.0
226353563.5185205 1.0
226285018.36876118 1.0
226216514.7205812 1.0
226148052.5363004 1.0
226079631.7782844 1.0
226011252.4089441 1.0
225942914.39073592 1.0
225874617.68616185 1.0
225806362.25776902 1.0
225738148.06814986 1.0
225669975.07994202 1.0
225601843.25582826 1.0
225533752.55853638 1.0
225465702.95083913 1.0
225397694.3955543 1.0
225329726.8555444 1.0
225261800.29371676 1.0
225193914.67302346 1.0
225126069.95646113 1.0
225058266.1070711 1.0
224990503.08793917 1.0
224922780.86219555 1.0
224855099.3930148 1.0
224787458.6436159 1.0
224719858.577262 1.0
224652299.15726045 1.0
224584780.3469627 1.0
224517302.10976425 1.0
224449864.40910456 1.0
224382467.20846704 1.0
224315110.47137892 1.0
224247794.16141126 1.0
224180518.2421787 1.0
224113282.67733973 1.0
224046087.4305963 1.0
223978932.46569383 1.0
223911817.74642134 1.0
223844743.23661116 1.0
223777708.90013894 1.0
223710714.70092356 1.0
223643760.60292715 1.0
223576846.57015502 1.0
223509972.5666554 1.0
223443138.55651954 1.0
223376344.5038819 1.0
223309590.3729194 1.0
223242876.12785205 1.0
223176201.73294246 1.0
223109567.15249613 1.0
223042972.3508609 1.0
222976417.29242727 1.0
222909901.94162837 1.0
222843426.26293957 1.0
222776990.22087866 1.0
222710593.7800058 1.0
222644236.90492332 1.0
222577919.5602757 1.0
222511641.7107496 1.0
222445403.32107368 1.0
222379204.35601863 1.0
222313044.78039703 1.0
222246924.55906332 1.0
222180843.65691373 1.0
222114802.0388863 1.0
222048799.66996065 1.0
221982836.51515806 1.0
221916912.53954136 1.0
221851027.7082149 1.0
221785181.9863244 1.0
221719375.33905694 1.0
221653607.731641 1.0
221587879.12934625 1.0
221522189.49748343 1.0
221456538.80140457 1.0
221390927.00650275 1.0
221325354.07821193 1.0
221259819.9820071 1.0
221194324.68340412 1.0
221128868.14795968 1.0
221063450.34127113 1.0
220998071.2289766 1.0
220932730.776755 1.0
220867428.9503255 1.0
220802165.71544796 1.0
220736941.0379228 1.0
220671754.88359073 1.0
220606607.21833265 1.0
220541498.00807002 1.0
220476427.21876442 1.0
220411394.8164175 1.0
220346400.767071 1.0
220281445.0368069 1.0
220216527.591747 1.0
220151648.398053 1.0
220086807.42192656 1.0
220022004.6296092 1.0
219957239.987382 1.0
219892513.46156582 1.0
219827825.01852122 1.0
219763174.62464827 1.0
219698562.24638653 1.0
219633987.85021505 1.0
219569451.4026523 1.0
219504952.87025604 1.0
219440492.2196233 1.0
219376069.41739047 1.0
219311684.43023297 1.0
219247337.22486535 1.0
219183027.76804125 1.0
219118756.02655324 1.0
219054521.967233 1.0
218990325.55695087 1.0
218926166.76261616 1.0
218862045.55117688 1.0
218797961.88961977 1.0
218733915.74497026 1.0
218669907.08429232 1.0
218605935.8746885 1.0
218542002.08329985 1.0
218478105.67730576 1.0
218414246.62392408 1.0
218350424.89041096 1.0
218286640.44406083 1.0
218222893.2522062 1.0
218159183.28221792 1.0
218095510.50150484 1.0
218031874.87751377 1.0
217968276.3777296 1.0
217904714.96967515 1.0
217841190.62091112 1.0
217777703.2990359 1.0
217714252.97168577 1.0
217650839.60653475 1.0
217587463.17129433 1.0
217524123.63371375 1.0
217460820.9615798 1.0
217397555.12271667 1.0
217334326.08498594 1.0
217271133.81628674 1.0
217207978.2845555 1.0
217144859.4577657 1.0
217081777.3039282 1.0
217018731.7910911 1.0
216955722.88733947 1.0
216892750.56079546 1.0
216829814.7796183 1.0
216766915.51200402 1.0
216704052.72618568 1.0
216641226.3904331 1.0
216578436.47305298 1.0
216515682.94238862 1.0
216452965.76682007 1.0
216390284.91476405 1.0
216327640.35467368 1.0
216265032.0550389 1.0
216202459.9843858 1.0
216139924.1112771 1.0
216077424.40431184 1.0
216014960.83212525 1.0
215952533.36338896 1.0
215890141.9668107 1.0
215827786.61113447 1.0
215765467.2651403 1.0
215703183.8976442 1.0
215640936.4774983 1.0
215578724.97359064 1.0
215516549.3548451 1.0
215454409.5902214 1.0
215392305.64871517 1.0
215330237.49935767 1.0
215268205.1112158 1.0
215206208.4533922 1.0
215144247.4950251 1.0
215082322.20528814 1.0
215020432.55339056 1.0
214958578.508577 1.0
214896760.0401275 1.0
214834977.11735722 1.0
214773229.70961696 1.0
214711517.78629252 1.0
214649841.31680486 1.0
214588200.2706101 1.0
214526594.6171995 1.0
214465024.3260994 1.0
214403489.36687082 1.0
214341989.70911 1.0
214280525.32244802 1.0
214219096.1765506 1.0
214157702.24111834 1.0
214096343.48588666 1.0
214035019.88062558 1.0
213973731.39513966 1.0
213912477.9992681 1.0
213851259.66288477 1.0
213790076.35589775 1.0
213728928.04824972 1.0
213667814.70991775 1.0
213606736.31091312 1.0
213545692.82128152 1.0
213484684.21110275 1.0
213423710.45049086 1.0
213362771.50959408 1.0
213301867.35859463 1.0
213240997.9677088 1.0
213180163.3071869 1.0
213119363.34731314 1.0
213058598.05840564 1.0
212997867.4108163 1.0
212937171.37493098 1.0
212876509.9211691 1.0
212815883.01998386 1.0
212755290.6418621 1.0
212694732.7573243 1.0
212634209.33692443 1.0
212573720.35125 1.0
212513265.770922 1.0
212452845.56659484 1.0
212392459.70895612 1.0
212332108.168727 1.0
212271790.91666183 1.0
212211507.92354813 1.0
212151259.1602066 1.0
212091044.59749106 1.0
212030864.20628855 1.0
211970717.95751894 1.0
211910605.82213518 1.0
211850527.7711233 1.0
211790483.7755019 1.0
211730473.8063227 1.0
211670497.8346701 1.0
211610555.8316614 1.0
211550647.76844636 1.0
211490773.61620754 1.0
211430933.3461602 1.0
211371126.92955202 1.0
211311354.33766326 1.0
211251615.54180667 1.0
211191910.51332745 1.0
211132239.22360313 1.0
211072601.64404353 1.0
211012997.74609098 1.0
210953427.5012198 1.0
210893890.8809367 1.0
210834387.85678047 1.0
210774918.40032196 1.0
210715482.4831642 1.0
210656080.07694212 1.0
210596711.1533228 1.0
210537375.68400505 1.0
210478073.64071974 1.0
210418804.99522942 1.0
210359569.71932852 1.0
210300367.7848433 1.0
210241199.1636316 1.0
210182063.82758293 1.0
210122961.7486185 1.0
210063892.8986911 1.0
210004857.24978492 1.0
209945854.7739157 1.0
209886885.44313073 1.0
209827949.22950855 1.0
209769046.10515907 1.0
209710176.04222357 1.0
209651339.0128746 1.0
209592534.9893159 1.0
209533763.9437823 1.0
209475025.84853995 1.0
209416320.67588598 1.0
209357648.39814848 1.0
209299008.9876867 1.0
209240402.41689083 1.0
209181828.65818188 1.0
209123287.68401176 1.0
209064779.46686324 1.0
209006303.97925 1.0
208947861.19371617 1.0
208889451.08283678 1.0
208831073.6192176 1.0
208772728.77549475 1.0
208714416.52433512 1.0
208656136.8384361 1.0
208597889.6905255 1.0
208539675.05336165 1.0
208481492.89973325 1.0
208423343.20245937 1.0
208365225.93438935 1.0
208307141.06840283 1.0
208249088.57740974 1.0
208191068.43435013 1.0
208133080.61219424 1.0
208075125.08394235 1.0
208017201.8226249 1.0
207959310.80130228 1.0
207901451.99306488 1.0
207843625.37103304 1.0
207785830.908357 1.0
207728068.57821685 1.0
207670338.35382247 1.0
207612640.2084135 1.0
207554974.11525944 1.0
207497340.04765934 1.0
207439737.97894192 1.0
207382167.88246554 1.0
207324629.73161817 1.0
207267123.4998172 1.0
207209649.16050956 1.0
207152206.68717164 1.0
207094796.05330926 1.0
207037417.23245752 1.0
206980070.19818082 1.0
206922754.92407304 1.0
206865471.38375708 1.0
206808219.5508851 1.0
206750999.3991385 1.0
206693810.9022278 1.0
206636654.03389236 1.0
206579528.76790088 1.0
206522435.07805097 1.0
206465372.93816918 1.0
206408342.32211083 1.0
206351343.2037604 1.0
206294375.55703104 1.0
206237439.35586467 1.0
206180534.57423207 1.0
206123661.18613267 1.0
206066819.16559467 1.0
206010008.48667473 1.0
205953229.12345833 1.0
205896481.05005944 1.0
205839764.2406204 1.0
205783078.66931224 1.0
205726424.31033432 1.0
205669801.13791448 1.0
205613209.12630883 1.0
205556648.24980184 1.0
205500118.48270637 1.0
205443619.79936337 1.0
205387152.1741421 1.0
205330715.58144 1.0
205274309.99568257 1.0
205217935.39132345 1.0
205161591.7428443 1.0
205105279.02475488 1.0
205048997.21159288 1.0
204992746.27792388 1.0
204936526.1983414 1.0
204880336.9474669 1.0
204824178.49994954 1.0
204768050.83046633 1.0
204711953.913722 1.0
204655887.7244491 1.0
204599852.2374077 1.0
204543847.42738557 1.0
204487873.26919806 1.0
204431929.73768818 1.0
204376016.80772632 1.0
204320134.45421043 1.0
204264282.6520659 1.0
204208461.37624556 1.0
204152670.6017295 1.0
204096910.30352524 1.0
204041180.45666766 1.0
203985481.03621873 1.0
203929812.01726773 1.0
203874173.37493116 1.0
203818565.0843527 1.0
203762987.12070292 1.0
203707439.45917973 1.0
203651922.075008 1.0
203596434.94343948 1.0
203540978.039753 1.0
203485551.33925432 1.0
203430154.8172761 1.0
203374788.4491777 1.0
203319452.21034548 1.0
203264146.0761926 1.0
203208870.02215877 1.0
203153624.02371052 1.0
203098408.05634114 1.0
203043222.0955704 1.0
202988066.11694476 1.0
202932940.09603718 1.0
202877844.00844726 1.0
202822777.829801 1.0
202767741.5357508 1.0
202712735.10197568 1.0
202657758.50418085 1.0
202602811.71809795 1.0
202547894.71948496 1.0
202493007.484126 1.0
202438149.98783162 1.0
202383322.20643845 1.0
202328524.11580935 1.0
202273755.69183323 1.0
202219016.91042525 1.0
202164307.74752647 1.0
202109628.17910406 1.0
202054978.1811512 1.0
202000357.72968704 1.0
201945766.80075654 1.0
201891205.37043068 1.0
201836673.41480622 1.0
201782170.91000578 1.0
201727697.8321777 1.0
201673254.15749615 1.0
201618839.86216098 1.0
201564454.92239767 1.0
201510099.31445742 1.0
201455773.01461706 1.0
201401475.9991789 1.0
201347208.24447078 1.0
201292969.72684616 1.0
201238760.42268398 1.0
201184580.3083885 1.0
201130429.36038935 1.0
201076307.55514178 1.0
201022214.86912614 1.0
200968151.2788481 1.0
200914116.76083875 1.0
200860111.29165432 1.0
200806134.8478762 1.0
200752187.4061109 1.0
200698268.9429903 1.0
200644379.4351712 1.0
200590518.85933536 1.0
200536687.19218984 1.0
200482884.41046652 1.0
200429110.49092227 1.0
200375365.41033888 1.0
200321649.14552313 1.0
200267961.67330655 1.0
200214302.97054553 1.0
200160673.01412132 1.0
200107071.78093982 1.0
200053499.24793178 1.0
199999955.39205256 1.0
199946440.1902823 1.0
199892953.61962557 1.0
199839495.65711176 1.0
199786066.27979466 1.0
199732665.4647527 1.0
199679293.18908876 1.0
199625949.4299302 1.0
199572634.16442883 1.0
199519347.36976078 1.0
199466089.02312666 1.0
199412859.1017514 1.0
199359657.58288413 1.0
199306484.4437984 1.0
199253339.66179192 1.0
199200223.21418658 1.0
199147135.07832846 1.0
199094075.2315879 1.0
199041043.6513592 1.0
198988040.3150607 1.0
198935065.20013508 1.0
198882118.2840487 1.0
198829199.54429206 1.0
198776308.9583796 1.0
198723446.50384971 1.0
198670612.15826458 1.0
198617805.89921027 1.0
198565027.70429677 1.0
198512277.55115777 1.0
198459555.41745073 1.0
198406861.2808568 1.0
198354195.119081 1.0
198301556.90985176 1.0
198248946.63092133 1.0
198196364.26006556 1.0
198143809.77508375 1.0
198091283.15379885 1.0
198038784.37405726 1.0
197986313.41372892 1.0
197933870.25070715 1.0
197881454.86290872 1.0
197829067.2282738 1.0
197776707.32476592 1.0
197724375.13037184 1.0
197672070.62310174 1.0
197619793.78098896 1.0
197567544.58209017 1.0
197515323.00448513 1.0
197463129.0262769 1.0
197410962.62559152 1.0
197358823.7805783 1.0
197306712.4694095 1.0
197254628.6702805 1.0
197202572.36140966 1.0
197150543.5210384 1.0
197098542.127431 1.0
197046568.1588747 1.0
196994621.59367967 1.0
196942702.41017893 1.0
196890810.58672827 1.0
196838946.1017064 1.0
196787108.93351474 1.0
196735299.0605774 1.0
196683516.46134132 1.0
196631761.1142761 1.0
196580032.997874 1.0
196528332.09064972 1.0
196476658.37114087 1.0
196425011.81790745 1.0
196373392.40953195 1.0
196321800.12461942 1.0
196270234.94179755 1.0
196218696.83971623 1.0
196167185.79704782 1.0
196115701.7924872 1.0
196064244.80475157 1.0
196012814.81258035 1.0
195961411.7947353 1.0
195910035.7300006 1.0
195858686.59718248 1.0
195807364.37510946 1.0
195756069.0426323 1.0
195704800.57862386 1.0
195653558.9619791 1.0
195602344.1716151 1.0
195551156.18647105 1.0
195499994.98550814 1.0
195448860.54770958 1.0
195397752.85208058 1.0
195346671.87764826 1.0
195295617.6034617 1.0
195244590.0085919 1.0
195193589.07213166 1.0
195142614.77319568 1.0
195091667.09092042 1.0
195040746.00446418 1.0
194989851.49300694 1.0
194938983.53575054 1.0
194888142.11191833 1.0
194837327.20075548 1.0
194786538.7815287 1.0
194735776.8335264 1.0
194685041.33605856 1.0
194634332.2684566 1.0
194583649.61007366 1.0
194532993.34028423 1.0
194482363.43848428 1.0
194431759.88409132 1.0
194381182.6565442 1.0
194330631.73530325 1.0
194280107.09984994 1.0
194229608.72968736 1.0
194179136.60433975 1.0
194128690.70335257 1.0
194078271.00629267 1.0
194027877.49274805 1.0
193977510.14232793 1.0
193927168.9346626 1.0
193876853.84940368 1.0
193826564.86622375 1.0
193776301.96481648 1.0
193726065.12489668 1.0
193675854.32620016 1.0
193625669.5484837 1.0
193575510.77152503 1.0
193525377.97512296 1.0
193475271.1390971 1.0
193425190.24328798 1.0
193375135.26755697 1.0
193325106.1917864 1.0
193275102.99587932 1.0
193225125.65975955 1.0
193175174.1633717 1.0
193125248.48668113 1.0
193075348.6096739 1.0
193025474.51235667 1.0
192975626.1747569 1.0
192925803.57692263 1.0
192876006.69892237 1.0
192826235.52084532 1.0
192776490.02280122 1.0
192726770.18492037 1.0
192677075.98735344 1.0
192627407.41027164 1.0
192577764.43386668 1.0
192528147.03835058 1.0
192478555.2039558 1.0
192428988.91093513 1.0
192379448.13956174 1.0
192329932.8701291 1.0
192280443.0829509 1.0
192230978.7583612 1.0
192181539.8767142 1.0
192132126.41838434 1.0
192082738.36376622 1.0
192033375.69327462 1.0
191984038.38734448 1.0
191934726.4264307 1.0
191885439.79100838 1.0
191836178.46157274 1.0
191786942.41863877 1.0
191737731.6427417 1.0
191688546.1144367 1.0
191639385.81429875 1.0
191590250.72292283 1.0
191541140.82092386 1.0
191492056.08893663 1.0
191442996.5076157 1.0
191393962.05763543 1.0
191344952.7196901 1.0
191295968.4744937 1.0
191247009.3027799 1.0
191198075.18530223 1.0
191149166.10283378 1.0
191100282.03616732 1.0
191051422.96611533 1.0
191002588.87350988 1.0
190953779.73920265 1.0
190904995.54406482 1.0
190856236.2689872 1.0
190807501.89488003 1.0
190758792.40267316 1.0
190710107.77331576 1.0
190661447.9877766 1.0
190612813.02704376 1.0
190564202.87212473 1.0
190515617.50404638 1.0
190467056.90385494 1.0
190418521.05261594 1.0
190370009.93141425 1.0
190321523.5213539 1.0
190273061.80355832 1.0
190224624.75917003 1.0
190176212.3693508 1.0
190127824.61528155 1.0
190079461.4781624 1.0
190031122.93921262 1.0
189982808.97967038 1.0
189934519.58079314 1.0
189886254.72385737 1.0
189838014.3901585 1.0
189789798.561011 1.0
189741607.2177483 1.0
189693440.34172285 1.0
189645297.9143059 1.0
189597179.91688773 1.0
189549086.33087748 1.0
189501017.13770312 1.0
189452972.3188114 1.0
189404951.85566798 1.0
189356955.7297573 1.0
189308983.9225825 1.0
189261036.41566548 1.0
189213113.19054693 1.0
189165214.2287861 1.0
189117339.51196098 1.0
189069489.02166826 1.0
189021662.7395231 1.0
188973860.64715946 1.0
188926082.72622964 1.0
188878328.95840472 1.0
188830599.32537413 1.0
188782893.8088459 1.0
188735212.39054656 1.0
188687555.052221 1.0
188639921.7756326 1.0
188592312.5425631 1.0
188544727.33481276 1.0
188497166.1342001 1.0
188449628.92256197 1.0
188402115.68175355 1.0
188354626.39364836 1.0
188307161.04013816 1.0
188259719.60313293 1.0
188212302.06456095 1.0
188164908.4063686 1.0
188117538.61052057 1.0
188070192.6589996 1.0
188022870.53380656 1.0
187975572.21696052 1.0
187928297.6904986 1.0
187881046.93647587 1.0
187833819.93696567 1.0
187786616.67405918 1.0
187739437.12986565 1.0
187692281.28651226 1.0
187645149.1261442 1.0
187598040.63092458 1.0
187550955.78303432 1.0
187503894.56467235 1.0
187456856.9580555 1.0
187409842.94541818 1.0
187362852.50901294 1.0
187315885.63110992 1.0
187268942.2939971 1.0
187222022.4799802 1.0
187175126.17138267 1.0
187128253.35054573 1.0
187081403.99982813 1.0
187034578.10160637 1.0
186987775.6382747 1.0
186940996.5922448 1.0
186894240.945946 1.0
186847508.6818253 1.0
186800799.78234723 1.0
186754114.2299937 1.0
186707452.0072643 1.0
186660813.09667593 1.0
186614197.4807632 1.0
186567605.14207795 1.0
186521036.06318954 1.0
186474490.2266847 1.0
186427967.61516756 1.0
186381468.2112595 1.0
186334991.9975995 1.0
186288538.95684353 1.0
186242109.07166505 1.0
186195702.32475471 1.0
186149318.6988204 1.0
186102958.1765874 1.0
186056620.74079794 1.0
186010306.37421158 1.0
185964015.05960506 1.0
185917746.77977222 1.0
185871501.51752397 1.0
185825279.25568843 1.0
185779079.9771107 1.0
185732903.66465297 1.0
185686750.30119452 1.0
185640619.86963147 1.0
185594512.35287714 1.0
185548427.73386177 1.0
185502365.9955324 1.0
185456327.12085322 1.0
185410311.09280518 1.0
185364317.89438608 1.0
185318347.50861079 1.0
185272399.91851082 1.0
185226475.10713464 1.0
185180573.05754742 1.0
185134693.7528311 1.0
185088837.1760846 1.0
185043003.3104233 1.0
184997192.13897943 1.0
184951403.644902 1.0
184905637.81135648 1.0
184859894.6215252 1.0
184814174.05860707 1.0
184768476.10581762 1.0
184722800.7463889 1.0
184677147.96356964 1.0
184631517.74062505 1.0
184585910.06083694 1.0
184540324.9075036 1.0
184494762.26393977 1.0
184449222.11347678 1.0
184403704.43946233 1.0
184358209.22526053 1.0
184312736.454252 1.0
184267286.10983363 1.0
184221858.17541882 1.0
184176452.63443717 1.0
184131069.47033477 1.0
184085708.6665739 1.0
184040370.20663318 1.0
183995054.0740075 1.0
183949760.25220805 1.0
183904488.72476214 1.0
183859239.47521338 1.0
183814012.48712158 1.0
183768807.74406263 1.0
183723625.22962865 1.0
183678464.92742795 1.0
183633326.8210848 1.0
183588210.89423966 1.0
183543117.13054907 1.0
183498045.5136855 1.0
183452996.0273377 1.0
183407968.65521023 1.0
183362963.38102362 1.0
183317980.18851456 1.0
183273019.06143558 1.0
183228079.98355505 1.0
183183162.93865752 1.0
183138267.91054317 1.0
183093394.88302827 1.0
183048543.83994472 1.0
183003714.76514038 1.0
182958907.6424791 1.0
182914122.4558402 1.0
182869359.18911898 1.0
182824617.8262265 1.0
182779898.3510895 1.0
182735200.74765044 1.0
182690524.99986756 1.0
182645871.09171474 1.0
182601239.0071815 1.0
182556628.73027298 1.0
182512040.24501 1.0
182467473.53542903 1.0
182422928.58558208 1.0
182378405.37953663 1.0
182333903.90137592 1.0
182289424.13519856 1.0
182244966.0651187 1.0
182200529.6752661 1.0
182156114.94978577 1.0
182111721.87283838 1.0
182067350.42859995 1.0
182023000.60126188 1.0
181978672.3750311 1.0
181934365.73412985 1.0
181890080.6627956 1.0
181845817.14528143 1.0
181801575.1658555 1.0
181757354.70880142 1.0
181713155.75841805 1.0
181668978.2990195 1.0
181624822.31493512 1.0
181580687.79050958 1.0
181536574.7101026 1.0
181492483.0580893 1.0
181448412.81885982 1.0
181404363.97681943 1.0
181360336.51638877 1.0
181316330.42200336 1.0
181272345.67811388 1.0
181228382.2691862 1.0
181184440.17970115 1.0
181140519.39415467 1.0
181096619.89705762 1.0
181052741.67293596 1.0
181008884.70633075 1.0
180965048.9817978 1.0
180921234.48390797 1.0
180877441.1972472 1.0
180833669.1064161 1.0
180789918.19603032 1.0
180746188.45072046 1.0
180702479.8551319 1.0
180658792.3939248 1.0
180615126.05177426 1.0
180571480.81337023 1.0
180527856.6634173 1.0
180484253.586635 1.0
180440671.56775746 1.0
180397110.5915337 1.0
180353570.64272738 1.0
180310051.70611686 1.0
180266553.7664953 1.0
180223076.80867034 1.0
180179620.81746438 1.0
180136185.77771458 1.0
180092771.67427248 1.0
180049378.49200433 1.0
180006006.215791 1.0
179962654.83052784 1.0
179919324.32112485 1.0
179876014.67250648 1.0
179832725.8696117 1.0
179789457.89739403 1.0
179746210.7408214 1.0
179702984.3848762 1.0
179659778.81455535 1.0
179616594.0148701 1.0
179573429.97084615 1.0
179530286.66752362 1.0
179487164.08995688 1.0
179444062.2232148 1.0
179400981.0523806 1.0
179357920.5625516 1.0
179314880.7388397 1.0
179271861.5663709 1.0
179228863.0302856 1.0
179185885.11573833 1.0
179142927.80789796 1.0
179099991.09194753 1.0
179057074.95308423 1.0
179014179.3765195 1.0
178971304.34747902 1.0
178928449.85120246 1.0
178885615.87294367 1.0
178842802.39797077 1.0
178800009.4115658 1.0
178757236.8990249 1.0
178714484.8456584 1.0
178671753.23679054 1.0
178629042.05775967 1.0
178586351.29391816 1.0
178543680.9306323 1.0
178501030.95328245 1.0
178458401.34726295 1.0
178415792.09798193 1.0
178373203.19086173 1.0
178330634.61133832 1.0
178288086.3448617 1.0
178245558.37689582 1.0
178203050.69291836 1.0
178160563.27842095 1.0
178118096.11890897 1.0
178075649.19990167 1.0
178033222.50693214 1.0
177990816.02554715 1.0
177948429.7413073 1.0
177906063.63978696 1.0
177863717.7065742 1.0
177821391.9272708 1.0
177779086.28749228 1.0
177736800.77286783 1.0
177694535.36904028 1.0
177652290.06166616 1.0
177610064.83641553 1.0
177567859.67897227 1.0
177525674.5750337 1.0
177483509.51031074 1.0
177441364.470528 1.0
177399239.44142354 1.0
177357134.4087489 1.0
177315049.35826933 1.0
177272984.27576348 1.0
177230939.14702347 1.0
177188913.9578549 1.0
177146908.6940769 1.0
177104923.341522 1.0
177062957.88603616 1.0
177021012.31347865 1.0
176979086.6097224 1.0
176937180.76065344 1.0
176895294.75217128 1.0
176853428.57018885 1.0
176811582.20063233 1.0
176769755.62944117 1.0
176727948.84256822 1.0
176686161.82597962 1.0
176644394.56565467 1.0
176602647.047586 1.0
176560919.25777945 1.0
176519211.1822542 1.0
176477522.80704242 1.0
176435854.11818966 1.0
176394205.1017546 1.0
176352575.743809 1.0
176310966.03043783 1.0
176269375.94773927 1.0
176227805.48182443 1.0
176186254.61881766 1.0
176144723.34485632 1.0
176103211.6460909 1.0
176061719.5086849 1.0
176020246.91881487 1.0
175978793.86267036 1.0
175937360.326454 1.0
175895946.29638132 1.0
175854551.75868085 1.0
175813176.69959414 1.0
175771821.10537556 1.0
175730484.96229255 1.0
175689168.25662547 1.0
175647870.97466734 1.0
175606593.10272437 1.0
175565334.62711552 1.0
175524095.53417245 1.0
175482875.81023997 1.0
175441675.44167545 1.0
175400494.4148492 1.0
175359332.71614432 1.0
175318190.33195654 1.0
175277067.24869457 1.0
175235963.4527798 1.0
175194878.9306462 1.0
175153813.66874072 1.0
175112767.65352282 1.0
175071740.87146464 1.0
175030733.3090512 1.0
174989744.95277998 1.0
174948775.78916112 1.0
174907825.80471748 1.0
174866894.98598456 1.0
174825983.31951025 1.0
174785090.79185534 1.0
174744217.38959286 1.0
174703363.09930867 1.0
174662527.907601 1.0
174621711.80108064 1.0
174580914.76637104 1.0
174540136.7901079 1.0
174499377.8589396 1.0
174458637.9595269 1.0
174417917.07854304 1.0
174377215.20267364 1.0
174336532.31861696 1.0
174295868.41308329 1.0
174255223.47279567 1.0
174214597.48448938 1.0
174173990.434912 1.0
174133402.31082362 1.0
174092833.09899655 1.0
174052282.78621545 1.0
174011751.3592773 1.0
173971238.80499142 1.0
173930745.11017928 1.0
173890270.26167485 1.0
173849814.24632403 1.0
173809377.05098522 1.0
173768958.66252896 1.0
173728559.06783795 1.0
173688178.25380722 1.0
173647816.20734385 1.0
173607472.91536707 1.0
173567148.36480844 1.0
173526842.5426115 1.0
173486555.43573186 1.0
173446287.03113756 1.0
173406037.3158083 1.0
173365806.27673617 1.0
173325593.90092525 1.0
173285400.17539164 1.0
173245225.0871635 1.0
173205068.62328106 1.0
173164930.7707965 1.0
173124811.516774 1.0
173084710.84828982 1.0
173044628.75243205 1.0
173004565.21630085 1.0
172964520.22700822 1.0
172924493.7716782 1.0
172884485.83744678 1.0
172844496.4114616 1.0
172804525.48088247 1.0
172764573.03288093 1.0
172724639.0546404 1.0
172684723.53335622 1.0
172644826.45623547 1.0
172604947.81049705 1.0
172565087.58337176 1.0
172525245.76210207 1.0
172485422.33394238 1.0
172445617.28615865 1.0
172405830.60602883 1.0
172366062.28084242 1.0
172326312.2979007 1.0
172286580.64451674 1.0
172246867.30801517 1.0
172207172.27573246 1.0
172167495.53501657 1.0
172127837.07322732 1.0
172088196.87773597 1.0
172048574.93592554 1.0
172008971.23519072 1.0
171969385.7629376 1.0
171929818.50658405 1.0
171890269.45355943 1.0
171850738.59130463 1.0
171811225.90727228 1.0
171771731.38892627 1.0
171732255.0237422 1.0
171692796.79920718 1.0
171653356.7028197 1.0
171613934.72208986 1.0
171574530.84453917 1.0
171535145.05770057 1.0
171495777.34911853 1.0
171456427.70634884 1.0
171417096.11695883 1.0
171377782.56852716 1.0
171338487.0486439 1.0
171299209.54491046 1.0
171259950.04493973 1.0
171220708.53635576 1.0
171181485.00679418 1.0
171142279.44390184 1.0
171103091.8353367 1.0
171063922.1687684 1.0
171024770.43187764 1.0
170985636.61235633 1.0
170946520.6979079 1.0
170907422.6762468 1.0
170868342.53509876 1.0
170829280.26220086 1.0
170790235.8453012 1.0
170751209.27215925 1.0
170712200.53054565 1.0
170673209.60824195 1.0
170634236.49304128 1.0
170595281.1727476 1.0
170556343.63517606 1.0
170517423.86815313 1.0
170478521.85951617 1.0
170439637.5971136 1.0
170400771.06880522 1.0
170361922.2624616 1.0
170323091.16596442 1.0
170284277.76720667 1.0
170245482.054092 1.0
170206704.01453525 1.0
170167943.63646236 1.0
170129200.90781006 1.0
170090475.81652632 1.0
170051768.3505699 1.0
170013078.4979104 1.0
169974406.24652877 1.0
169935751.58441654 1.0
169897114.49957615 1.0
169858494.98002127 1.0
169819893.01377612 1.0
169781308.58887598 1.0
169742741.69336703 1.0
169704192.31530616 1.0
169665660.44276124 1.0
169627146.06381094 1.0
169588649.1665447 1.0
169550169.73906285 1.0
169511707.76947647 1.0
169473263.2459074 1.0
169434836.15648836 1.0
169396426.48936266 1.0
169358034.23268452 1.0
169319659.37461886 1.0
169281301.9033412 1.0
169242961.80703795 1.0
169204639.07390615 1.0
169166333.69215348 1.0
169128045.64999834 1.0
169089774.9356698 1.0
169051521.53740755 1.0
169013285.44346198 1.0
168975066.64209402 1.0
168936865.12157527 1.0
168898680.87018797 1.0
168860513.87622485 1.0
168822364.12798932 1.0
168784231.61379534 1.0
168746116.32196733 1.0
168708018.24084035 1.0
168669937.35876003 1.0
168631873.66408238 1.0
168593827.14517406 1.0
168555797.7904121 1.0
168517785.58818412 1.0
168479790.5268882 1.0
168441812.59493276 1.0
168403851.78073686 1.0
168365908.0727298 1.0
168327981.45935148 1.0
168290071.92905214 1.0
168252179.4702924 1.0
168214304.07154325 1.0
168176445.72128618 1.0
168138604.4080129 1.0
168100780.12022558 1.0
168062972.8464367 1.0
168025182.57516903 1.0
167987409.29495576 1.0
167949652.99434027 1.0
167911913.66187632 1.0
167874191.28612795 1.0
167836485.8556694 1.0
167798797.3590853 1.0
167761125.78497043 1.0
167723471.1219298 1.0
167685833.35857874 1.0
167648212.4835428 1.0
167610608.4854575 1.0
167573021.35296893 1.0
167535451.07473308 1.0
167497897.63941613 1.0
167460361.0356946 1.0
167422841.252255 1.0
167385338.277794 1.0
167347852.10101852 1.0
167310382.71064535 1.0
167272930.09540161 1.0
167235494.2440245 1.0
167198075.145261 1.0
167160672.7878686 1.0
167123287.16061455 1.0
167085918.25227615 1.0
167048566.05164102 1.0
167011230.54750645 1.0
166973911.7286799 1.0
166936609.5839789 1.0
166899324.10223085 1.0
166862055.2722731 1.0
166824803.0829532 1.0
166787567.52312833 1.0
166750348.58166593 1.0
166713146.2474432 1.0
166675960.50934717 1.0
166638791.3562751 0.0
166601638.77713385 0.0
166564502.76084024 0.0
166527383.29632112 0.0
166490280.37251303 0.0
166453193.97836238 0.0
166416124.10282567 0.0
166379070.73486885 0.0
166342033.863468 0.0
166305013.4776089 0.0
166268009.56628707 0.0
166231022.11850792 0.0
166194051.12328672 0.0
166157096.56964824 0.0
166120158.4466273 0.0
166083236.74326828 0.0
166046331.4486253 0.0
166009442.55176246 0.0
165972570.04175317 0.0
165935713.90768084 0.0
165898874.1386386 0.0
165862050.72372895 0.0
165825243.65206438 0.0
165788452.91276696 0.0
165751678.49496832 0.0
165714920.3878098 0.0
165678178.58044246 0.0
165641453.06202674 0.0
165604743.82173294 0.0
165568050.84874076 0.0
165531374.1322396 0.0
165494713.66142854 0.0
165458069.42551592 0.0
165421441.41371992 0.0
165384829.61526817 0.0
165348234.01939777 0.0
165311654.6153554 0.0
165275091.39239734 0.0
165238544.33978918 0.0
165202013.4468062 0.0
165165498.70273304 0.0
165129000.0968638 0.0
165092517.61850214 0.0
165056051.2569611 0.0
165019601.0015632 0.0
164983166.84164026 0.0
164946748.76653376 0.0
164910346.7655944 0.0
164873960.8281823 0.0
164837590.94366705 0.0
164801237.10142756 0.0
164764899.2908521 0.0
164728577.5013383 0.0
164692271.7222932 0.0
164655981.9431331 0.0
164619708.15328363 0.0
164583450.34217978 0.0
164547208.49926582 0.0
164510982.61399534 0.0
164474772.67583117 0.0
164438578.67424548 0.0
164402400.59871966 0.0
164366238.43874428 0.0
164330092.18381932 0.0
164293961.82345396 0.0
164257847.3471664 0.0
164221748.7444843 0.0
164185666.00494444 0.0
164149599.11809275 0.0
164113548.07348445 0.0
164077512.86068377 0.0
164041493.46926424 0.0
164005489.88880855 0.0
163969502.1089084 0.0
163933530.11916474 0.0
163897573.9091877 0.0
163861633.46859625 0.0
163825708.7870188 0.0
163789799.85409266 0.0
163753906.6594642 0.0
163718029.19278905 0.0
163682167.44373173 0.0
163646321.4019658 0.0
163610491.05717403 0.0
163574676.39904812 0.0
163538877.41728866 0.0
163503094.10160562 0.0
163467326.4417175 0.0
163431574.42735225 0.0
163395838.0482465 0.0
163360117.29414588 0.0
163324412.15480524 0.0
163288722.61998808 0.0
163253048.6794669 0.0
163217390.32302338 0.0
163181747.54044783 0.0
163146120.32153958 0.0
163110508.656107 0.0
163074912.5339671 0.0
163039331.944946 0.0
163003766.87887856 0.0
162968217.3256086 0.0
162932683.2749887 0.0
162897164.71688047 0.0
162861661.64115408 0.0
162826174.03768876 0.0
162790701.89637253 0.0
162755245.20710203 0.0
162719803.95978305 0.0
162684378.1443298 0.0
162648967.7506654 0.0
162613572.76872197 0.0
162578193.18844002 0.0
162542828.99976906 0.0
162507480.19266734 0.0
162472146.75710163 0.0
162436828.68304765 0.0
162401525.96048978 0.0
162366238.57942104 0.0
162330966.52984324 0.0
162295709.80176672 0.0
162260468.38521066 0.0
162225242.2702029 0.0
162190031.4467798 0.0
162154835.90498647 0.0
162119655.63487667 0.0
162084490.6265127 0.0
162049340.8699656 0.0
162014206.355315 0.0
161979087.072649 0.0
161943983.01206443 0.0
161908894.16366667 0.0
161873820.51756963 0.0
161838762.06389585 0.0
161803718.79277638 0.0
161768690.6943508 0.0
161733677.7587673 0.0
161698679.97618252 0.0
161663697.3367617 0.0
161628729.8306785 0.0
161593777.44811508 0.0
161558840.1792622 0.0
161523918.014319 0.0
161489010.94349313 0.0
161454118.95700073 0.0
161419242.0450663 0.0
161384380.1979229 0.0
161349533.4058119 0.0
161314701.65898323 0.0
161279884.9476952 0.0
161245083.2622144 0.0
161210296.592816 0.0
161175524.92978352 0.0
161140768.26340872 0.0
161106026.5839919 0.0
161071299.88184172 0.0
161036588.14727497 0.0
161001891.3706171 0.0
160967209.54220167 0.0
160932542.65237066 0.0
160897890.6914744 0.0
160863253.6498714 0.0
160828631.5179286 0.0
160794024.2860212 0.0
160759431.9445326 0.0
160724854.4838546 0.0
160690291.89438722 0.0
160655744.16653857 0.0
160621211.29072535 0.0
160586693.25737223 0.0
160552190.0569121 0.0
160517701.67978626 0.0
160483228.1164441 0.0
160448769.3573432 0.0
160414325.39294937 0.0
160379896.21373665 0.0
160345481.81018707 0.0
160311082.17279112 0.0
160276697.29204717 0.0
160242327.15846193 0.0
160207971.76255018 0.0
160173631.09483474 0.0
160139305.1458468 0.0
160104993.90612546 0.0
160070697.36621785 0.0
160036415.51667953 0.0
160002148.3480738 0.0
159967895.85097224 0.0
159933658.0159545 0.0
159899434.83360815 0.0
159865226.29452893 0.0
159831032.3893207 0.0
159796853.1085951 0.0
159762688.4429721 0.0
159728538.38307947 0.0
159694402.9195531 0.0
159660282.04303685 0.0
159626175.7441826 0.0
159592084.01365012 0.0
159558006.84210736 0.0
159523944.22022998 0.0
159489896.1387018 0.0
159455862.58821458 0.0
159421843.55946785 0.0
159387839.04316923 0.0
159353849.0300343 0.0
159319873.51078638 0.0
159285912.4761569 0.0
159251965.91688505 0.0
159218033.82371795 0.0
159184116.18741065 0.0
159150212.99872604 0.0
159116324.24843484 0.0
159082449.92731574 0.0
159048590.0261551 0.0
159014744.53574735 0.0
158980913.4468946 0.0
158947096.75040674 0.0
158913294.43710163 0.0
158879506.4978049 0.0
158845732.9233499 0.0
158811973.70457783 0.0
158778228.8323377 0.0
158744498.2974862 0.0
158710782.0908879 0.0
158677080.20341507 0.0
158643392.62594774 0.0
158609719.34937367 0.0
158576060.36458838 0.0
158542415.66249514 0.0
158508785.23400483 0.0
158475169.07003617 0.0
158441567.1615155 0.0
158407979.49937695 0.0
158374406.07456216 0.0
158340846.87802067 0.0
158307301.90070948 0.0
158273771.1335934 0.0
158240254.56764477 0.0
158206752.19384372 0.0
158173264.00317794 0.0
158139789.98664272 0.0
158106330.13524097 0.0
158072884.43998334 0.0
158039452.8918879 0.0
158006035.4819804 0.0
157972632.20129433 0.0
157939243.04087043 0.0
157905867.9917573 0.0
157872507.04501098 0.0
157839160.19169506 0.0
157805827.4228808 0.0
157772508.72964683 0.0
157739204.10307938 0.0
157705913.5342723 0.0
157672637.0143268 0.0
157639374.5343517 0.0
157606126.08546335 0.0
157572891.6587854 0.0
157539671.24544927 0.0
157506464.83659363 0.0
157473272.42336467 0.0
157440093.99691617 0.0
157406929.54840925 0.0
157373779.06901237 0.0
157340642.5499017 0.0
157307519.9822606 0.0
157274411.35728 0.0
157241316.66615817 0.0
157208235.90010074 0.0
157175169.0503209 0.0
157142116.1080391 0.0
157109077.06448317 0.0
157076051.9108884 0.0
157043040.6384974 0.0
157010043.23856008 0.0
156977059.7023339 0.0
156944090.0210834 0.0
156911134.1860806 0.0
156878192.18860495 0.0
156845264.019943 0.0
156812349.6713887 0.0
156779449.13424346 0.0
156746562.3998157 0.0
156713689.4594214 0.0
156680830.3043837 0.0
156647984.92603296 0.0
156615153.31570697 0.0
156582335.46475062 0.0
156549531.3645161 0.0
156516741.00636294 0.0
156483964.38165784 0.0
156451201.48177457 0.0
156418452.2980945 0.0
156385716.82200584 0.0
156352995.04490414 0.0
156320286.9581923 0.0
156287592.55328014 0.0
156254911.82158488 0.0
156222244.75453085 0.0
156189591.3435495 0.0
156156951.5800795 0.0
156124325.4555667 0.0
156091712.96146402 0.0
156059114.08923155 0.0
156026528.83033654 0.0
155993957.17625332 0.0
155961399.11846343 0.0
155928854.64845535 0.0
155896323.75772482 0.0
155863806.4377747 0.0
155831302.6801147 0.0
155798812.47626185 0.0
155766335.81774023 0.0
155733872.69608083 0.0
155701423.1028219 0.0
155668987.02950853 0.0
155636564.46769303 0.0
155604155.40893465 0.0
155571759.8447997 0.0
155539377.76686156 0.0
155507009.1667005 0.0
155474654.03590393 0.0
155442312.36606616 0.0
155409984.14878857 0.0
155377669.37567946 0.0
155345368.0383542 0.0
155313080.128435 0.0
155280805.6375511 0.0
155248544.55733874 0.0
155216296.87944102 0.0
155184062.59550813 0.0
155151841.697197 0.0
155119634.17617157 0.0
155087440.0241028 0.0
155055259.2326684 0.0
155023091.7935531 0.0
154990937.69844854 0.0
154958796.9390531 0.0
154926669.50707218 0.0
154894555.39421806 0.0
154862454.59220982 0.0
154830367.09277347 0.0
154798292.88764182 0.0
154766231.96855456 0.0
154734184.32725823 0.0
154702149.95550615 0.0
154670128.84505856 0.0
154638120.98768246 0.0
154606126.3751516 0.0
154574144.99924672 0.0
154542176.8517552 0.0
154510221.92447117 0.0
154478280.2091958 0.0
154446351.6977368 0.0
154414436.38190866 0.0
154382534.2535328 0.0
154350645.30443725 0.0
154318769.52645686 0.0
154286906.91143322 0.0
154255057.45121455 0.0
154223221.13765597 0.0
154191397.96261927 0.0
154159587.91797283 0.0
154127790.9955919 0.0
154096007.18735838 0.0
154064236.48516074 0.0
154032478.88089442 0.0
154000734.36646128 0.0
153969002.93376988 0.0
153937284.57473567 0.0
153905579.2812805 0.0
153873887.04533294 0.0
153842207.8588284 0.0
153810541.7137086 0.0
153778888.60192218 0.0
153747248.51542428 0.0
153715621.44617662 0.0
153684007.38614765 0.0
153652406.32731235 0.0
153620818.26165226 0.0
153589243.18115565 0.0
153557681.07781723 0.0
153526131.9436383 0.0
153494595.77062696 0.0
153463072.5507975 0.0
153431562.27617103 0.0
153400064.9387752 0.0
153368580.53064412 0.0
153337109.04381844 0.0
153305650.4703454 0.0
153274204.80227873 0.0
153242772.03167868 0.0
153211352.15061206 0.0
153179945.15115207 0.0
153148551.02537856 0.0
153117169.76537773 0.0
153085801.36324233 0.0
153054445.81107163 0.0
153023103.10097125 0.0
152991773.22505343 0.0
152960456.1754368 0.0
152929151.94424635 0.0
152897860.52361363 0.0
152866581.90567666 0.0
152835316.08257973 0.0
152804063.04647374 0.0
152772822.78951585 0.0
152741595.30386978 0.0
152710380.5817055 0.0
152679178.61519954 0.0
152647989.39653468 0.0
152616812.9179002 0.0
152585649.17149165 0.0
152554498.14951107 0.0
152523359.84416682 0.0
152492234.2476735 0.0
152461121.35225233 0.0
152430021.15013057 0.0
152398933.63354212 0.0
152367858.7947269 0.0
152336796.62593144 0.0
152305747.1194085 0.0
152274710.267417 0.0
152243686.0622224 0.0
152212674.49609634 0.0
152181675.56131676 0.0
152150689.2501679 0.0
152119715.55494034 0.0
152088754.46793082 0.0
152057805.98144245 0.0
152026870.08778456 0.0
151995946.7792727 0.0
151965036.04822883 0.0
151934137.88698092 0.0
151903252.28786337 0.0
151872379.24321675 0.0
151841518.7453878 0.0
151810670.7867295 0.0
151779835.35960123 0.0
151749012.4563682 0.0
151718202.06940216 0.0
151687404.19108096 0.0
151656618.81378847 0.0
151625845.92991504 0.0
151595085.53185695 0.0
151564337.61201668 0.0
151533602.16280305 0.0
151502879.17663085 0.0
151472168.64592105 0.0
151441470.56310093 0.0
151410784.92060357 0.0
151380111.71086854 0.0
151349450.92634135 0.0
151318802.5594736 0.0
151288166.60272318 0.0
151257543.04855388 0.0
151226931.88943565 0.0
151196333.11784467 0.0
151165746.72626305 0.0
151135172.707179 0.0
151104611.05308694 0.0
151074061.7564872 0.0
151043524.80988616 0.0
151013000.20579648 0.0
150982487.93673664 0.0
150951987.99523124 0.0
150921500.37381098 0.0
150891025.06501245 0.0
150860562.0613785 0.0
150830111.35545778 0.0
150799672.93980497 0.0
150769246.80698097 0.0
150738832.94955242 0.0
150708431.36009207 0.0
150678042.03117877 0.0
150647664.95539713 0.0
150617300.12533793 0.0
150586947.53359783 0.0
150556607.17277944 0.0
150526279.0354914 0.0
150495963.1143483 0.0
150465659.4019706 0.0
150435367.89098474 0.0
150405088.57402316 0.0
150374821.44372416 0.0
150344566.49273196 0.0
150314323.71369672 0.0
150284093.09927455 0.0
150253874.64212742 0.0
150223668.3349232 0.0
150193474.17033568 0.0
150163292.14104453 0.0
150133122.23973525 0.0
150102964.4590993 0.0
150072818.791834 0.0
150042685.2306425 0.0
150012563.7682338 0.0
149982454.39732277 0.0
149952357.1106302 0.0
149922271.90088257 0.0
149892198.7608123 0.0
149862137.68315768 0.0
149832088.6606627 0.0
149802051.68607727 0.0
149772026.75215706 0.0
149742013.8516636 0.0
149712012.9773641 0.0
149682024.12203172 0.0
149652047.2784453 0.0
149622082.43938956 0.0
149592129.59765485 0.0
149562188.74603745 0.0
149532259.87733936 0.0
149502342.98436823 0.0
149472438.0599376 0.0
149442545.09686676 0.0
149412664.0879806 0.0
149382795.0261099 0.0
149352937.90409112 0.0
149323092.7147664 0.0
149293259.45098367 0.0
149263438.10559657 0.0
149233628.67146438 0.0
149203831.14145216 0.0
149174045.50843057 0.0
149144271.7652761 0.0
149114509.90487084 0.0
149084759.9201025 0.0
149055021.80386463 0.0
149025295.54905635 0.0
148995581.14858234 0.0
148965878.5953532 0.0
148936187.88228494 0.0
148906509.00229928 0.0
148876841.9483237 0.0
148847186.71329114 0.0
148817543.29014027 0.0
148787911.67181543 0.0
148758291.85126644 0.0
148728683.82144883 0.0
148699087.57532373 0.0
148669503.10585782 0.0
148639930.40602344 0.0
148610369.46879852 0.0
148580820.28716645 0.0
148551282.85411644 0.0
148521757.16264302 0.0
148492243.20574638 0.0
148462740.97643244 0.0
148433250.4677124 0.0
148403771.67260313 0.0
148374304.5841272 0.0
148344849.19531244 0.0
148315405.49919233 0.0
148285973.4888061 0.0
148256553.15719807 0.0
148227144.4974185 0.0
148197747.5025229 0.0
148168362.1655723 0.0
148138988.47963345 0.0
148109626.43777835 0.0
148080276.0330846 0.0
148050937.2586353 0.0
148021610.10751903 0.0
147992294.57282972 0.0
147962990.647667 0.0
147933698.32513574 0.0
147904417.59834635 0.0
147875148.46041483 0.0
147845890.90446237 0.0
147816644.9236158 0.0
147787410.51100734 0.0
147758187.6597746 0.0
147728976.36306065 0.0
147699776.614014 0.0
147670588.4057885 0.0
147641411.73154357 0.0
147612246.58444378 0.0
147583092.95765933 0.0
147553950.84436575 0.0
147524820.23774388 0.0
147495701.13098004 0.0
147466593.51726595 0.0
147437497.38979855 0.0
147408412.74178028 0.0
147379339.56641895 0.0
147350277.8569276 0.0
147321227.6065248 0.0
147292188.8084343 0.0
147263161.45588535 0.0
147234145.54211235 0.0
147205141.06035522 0.0
147176148.00385904 0.0
147147166.36587438 0.0
147118196.139657 0.0
147089237.31846794 0.0
147060289.8955737 0.0
147031353.86424595 0.0
147002429.21776175 0.0
146973515.9494033 0.0
146944614.05245823 0.0
146915723.5202194 0.0
146886844.3459849 0.0
146857976.5230582 0.0
146829120.0447479 0.0
146800274.90436792 0.0
146771441.09523752 0.0
146742618.610681 0.0
146713807.4440281 0.0
146685007.58861372 0.0
146656219.03777796 0.0
146627441.7848662 0.0
146598675.82322904 0.0
146569921.14622226 0.0
146541177.7472069 0.0
146512445.6195491 0.0
146483724.75662035 0.0
146455015.1517973 0.0
146426316.79846165 0.0
146397629.69000047 0.0
146368953.81980598 0.0
146340289.1812754 0.0
146311635.76781136 0.0
146282993.57282156 0.0
146254362.58971873 0.0
146225742.81192103 0.0
146197134.2328515 0.0
146168536.8459385 0.0
146139950.6446155 0.0
146111375.622321 0.0
146082811.7724988 0.0
146054259.08859769 0.0
146025717.56407163 0.0
145997187.19237968 0.0
145968667.96698612 0.0
145940159.88136008 0.0
145911662.9289761 0.0
145883177.1033136 0.0
145854702.3978571 0.0
145826238.80609637 0.0
145797786.32152614 0.0
145769344.93764615 0.0
145740914.6479614 0.0
145712495.44598183 0.0
145684087.32522234 0.0
145655690.27920318 0.0
145627304.30144933 0.0
145598929.38549107 0.0
145570565.52486357 0.0
145542212.71310702 0.0
145513870.94376683 0.0
145485540.21039328 0.0
145457220.50654158 0.0
145428911.82577226 0.0
145400614.16165057 0.0
145372327.50774685 0.0
145344051.8576366 0.0
145315787.2049001 0.0
145287533.54312268 0.0
145259290.86589476 0.0
145231059.16681165 0.0
145202838.43947363 0.0
145174628.67748606 0.0
145146429.8744591 0.0
145118242.024008 0.0
145090065.119753 0.0
145061899.1553191 0.0
145033744.12433654 0.0
145005600.0204402 0.0
144977466.83727005 0.0
144949344.5684711 0.0
144921233.20769307 0.0
144893132.74859074 0.0
144865043.18482384 0.0
144836964.51005685 0.0
144808896.71795934 0.0
144780839.80220574 0.0
144752793.7564753 0.0
144724758.57445225 0.0
144696734.24982566 0.0
144668720.77628952 0.0
144640718.14754274 0.0
144612726.35728902 0.0
144584745.39923695 0.0
144556775.2671001 0.0
144528815.9545967 0.0
144500867.45545006 0.0
144472929.7633882 0.0
144445002.872144 0.0
144417086.7754553 0.0
144389181.4670646 0.0
144361286.94071937 0.0
144333403.1901719 0.0
144305530.20917922 0.0
144277667.9915033 0.0
144249816.53091082 0.0
144221975.8211733 0.0
144194145.85606718 0.0
144166326.62937352 0.0
144138518.13487828 0.0
144110720.36637223 0.0
144082933.31765085 0.0
144055156.98251453 0.0
144027391.3547683 0.0
143999636.42822206 0.0
143971892.19669044 0.0
143944158.6539928 0.0
143916435.79395336 0.0
143888723.6104011 0.0
143861022.09716955 0.0
143833331.24809724 0.0
143805651.0570273 0.0
143777981.51780766 0.0
143750322.6242909 0.0
143722674.3703345 0.0
143695036.7498004 0.0
143667409.7565556 0.0
143639793.38447142 0.0
143612187.62742424 0.0
143584592.47929502 0.0
143557007.93396932 0.0
143529433.98533753 0.0
143501870.6272947 0.0
143474317.85374054 0.0
143446775.65857947 0.0
143419244.03572062 0.0
143391722.97907767 0.0
143364212.48256916 0.0
143336712.54011813 0.0
143309223.14565232 0.0
143281744.29310426 0.0
143254275.97641096 0.0
143226818.1895141 0.0
143199370.92636013 0.0
143171934.18090004 0.0
143144507.94708943 0.0
143117092.21888867 0.0
143089686.9902625 0.0
143062292.25518063 0.0
143034908.00761706 0.0
143007534.24155056 0.0
142980170.95096457 0.0
142952818.12984702 0.0
142925475.7721904 0.0
142898143.87199196 0.0
142870822.42325345 0.0
142843511.41998112 0.0
142816210.856186 0.0
142788920.7258835 0.0
