,wavelength,transmission
0,7130.0,0.0005
1,7140.0,0.00065
2,7150.0,0.00095
3,7160.0,0.00125
4,7170.0,0.0017499999999999998
5,7180.0,0.00245
6,7190.0,0.0034999999999999996
7,7200.0,0.005
8,7210.0,0.0072
9,7220.0,0.0105
10,7230.0,0.01555
11,7240.0,0.0233
12,7250.0,0.0356
13,7260.0,0.0538
14,7270.0,0.0812
15,7280.0,0.12185
16,7290.0,0.17809999999999998
17,7300.0,0.2532
18,7310.0,0.34415
19,7320.0,0.44125
20,7330.0,0.53345
21,7340.0,0.61475
22,7350.0,0.6796
23,7360.0,0.7291
24,7370.0,0.7634000000000001
25,7380.0,0.7885500000000001
26,7390.0,0.8079500000000001
27,7400.0,0.821
28,7410.0,0.83065
29,7420.0,0.8368000000000001
30,7430.0,0.8412999999999999
31,7440.0,0.8445
32,7450.0,0.8449500000000001
33,7460.0,0.8441
34,7470.0,0.84375
35,7480.0,0.8402
36,7490.0,0.8403
37,7500.0,0.83825
38,7510.0,0.83615
39,7520.0,0.8323999999999999
40,7530.0,0.8269
41,7540.0,0.82345
42,7550.0,0.82125
43,7560.0,0.81485
44,7570.0,0.8133
45,7580.0,0.81135
46,7590.0,0.8103
47,7600.0,0.8073
48,7610.0,0.81015
49,7620.0,0.8107500000000001
50,7630.0,0.81265
51,7640.0,0.8159000000000001
52,7650.0,0.8201
53,7660.0,0.8260500000000001
54,7670.0,0.8297
55,7680.0,0.8381000000000001
56,7690.0,0.8456
57,7700.0,0.85165
58,7710.0,0.86075
59,7720.0,0.8652500000000001
60,7730.0,0.8729
61,7740.0,0.8765999999999999
62,7750.0,0.8820999999999999
63,7760.0,0.88495
64,7770.0,0.8868
65,7780.0,0.89275
66,7790.0,0.8926000000000001
67,7800.0,0.88985
68,7810.0,0.8906999999999999
69,7820.0,0.8879
70,7830.0,0.8865500000000001
71,7840.0,0.88405
72,7850.0,0.8826
73,7860.0,0.8806
74,7870.0,0.87515
75,7880.0,0.8714
76,7890.0,0.86855
77,7900.0,0.86465
78,7910.0,0.8643500000000001
79,7920.0,0.85955
80,7930.0,0.85765
81,7940.0,0.8572
82,7950.0,0.853
83,7960.0,0.8552
84,7970.0,0.8513
85,7980.0,0.8510500000000001
86,7990.0,0.8527
87,8000.0,0.8523000000000001
88,8010.0,0.8543999999999999
89,8020.0,0.8563
90,8030.0,0.86175
91,8040.0,0.8573999999999999
92,8050.0,0.86175
93,8060.0,0.86275
94,8070.0,0.86815
95,8080.0,0.8714
96,8090.0,0.87725
97,8100.0,0.8834000000000001
98,8110.0,0.88455
99,8120.0,0.8870999999999999
100,8130.0,0.8915000000000001
101,8140.0,0.8992
102,8150.0,0.89685
103,8160.0,0.8985
104,8170.0,0.89755
105,8180.0,0.8995000000000001
106,8190.0,0.9001
107,8200.0,0.89445
108,8210.0,0.8961
109,8220.0,0.8937999999999999
110,8230.0,0.89545
111,8240.0,0.89045
112,8250.0,0.8773000000000001
113,8260.0,0.8781
114,8270.0,0.8697499999999999
115,8280.0,0.8671500000000001
116,8290.0,0.8631
117,8300.0,0.8588
118,8310.0,0.85225
119,8320.0,0.85165
120,8330.0,0.84395
121,8340.0,0.84195
122,8350.0,0.8409
123,8360.0,0.8368000000000001
124,8370.0,0.8369
125,8380.0,0.8365
126,8390.0,0.83545
127,8400.0,0.8403499999999999
128,8410.0,0.8347
129,8420.0,0.8331000000000001
130,8430.0,0.83745
131,8440.0,0.8448
132,8450.0,0.8515999999999999
133,8460.0,0.8492000000000001
134,8470.0,0.8528
135,8480.0,0.86205
136,8490.0,0.8649
137,8500.0,0.86785
138,8510.0,0.8719
139,8520.0,0.8742
140,8530.0,0.87575
141,8540.0,0.88115
142,8550.0,0.8819
143,8560.0,0.88795
144,8570.0,0.8886
145,8580.0,0.88885
146,8590.0,0.8862000000000001
147,8600.0,0.89435
148,8610.0,0.8851
149,8620.0,0.8869
150,8630.0,0.8855500000000001
151,8640.0,0.8858
152,8650.0,0.88435
153,8660.0,0.88295
154,8670.0,0.8804500000000001
155,8680.0,0.8806999999999999
156,8690.0,0.87715
157,8700.0,0.8748999999999999
158,8710.0,0.87235
159,8720.0,0.86905
160,8730.0,0.86605
161,8740.0,0.86245
162,8750.0,0.8604
163,8760.0,0.8579000000000001
164,8770.0,0.8553499999999999
165,8780.0,0.8533
166,8790.0,0.8497499999999999
167,8800.0,0.8480500000000001
168,8810.0,0.8462999999999999
169,8820.0,0.84345
170,8830.0,0.84515
171,8840.0,0.8438
172,8850.0,0.8432999999999999
173,8860.0,0.8438500000000001
174,8870.0,0.8436499999999999
175,8880.0,0.8441500000000001
176,8890.0,0.8453
177,8900.0,0.84615
178,8910.0,0.848
179,8920.0,0.8489
180,8930.0,0.84925
181,8940.0,0.8506999999999999
182,8950.0,0.8521
183,8960.0,0.8538
184,8970.0,0.8537
185,8980.0,0.85265
186,8990.0,0.85395
187,9000.0,0.8544499999999999
188,9010.0,0.8525
189,9020.0,0.8503000000000001
190,9030.0,0.8504999999999999
191,9040.0,0.84655
192,9050.0,0.8494499999999999
193,9060.0,0.84725
194,9070.0,0.84765
195,9080.0,0.8473999999999999
196,9090.0,0.8465
197,9100.0,0.8484
198,9110.0,0.8495
199,9120.0,0.8532500000000001
200,9130.0,0.85565
201,9140.0,0.8593000000000001
202,9150.0,0.86115
203,9160.0,0.86555
204,9170.0,0.8714
205,9180.0,0.8765999999999999
206,9190.0,0.8776999999999999
207,9200.0,0.88015
208,9210.0,0.88205
209,9220.0,0.8812000000000001
210,9230.0,0.88295
211,9240.0,0.8786
212,9250.0,0.8736499999999999
213,9260.0,0.8693500000000001
214,9270.0,0.8637999999999999
215,9280.0,0.85855
216,9290.0,0.8547
217,9300.0,0.8495999999999999
218,9310.0,0.8493
219,9320.0,0.85055
220,9330.0,0.8541500000000001
221,9340.0,0.8597499999999999
222,9350.0,0.8632
223,9360.0,0.86155
224,9370.0,0.8523000000000001
225,9380.0,0.8264
226,9390.0,0.7746500000000001
227,9400.0,0.6960999999999999
228,9410.0,0.59525
229,9420.0,0.48840000000000006
230,9430.0,0.38484999999999997
231,9440.0,0.29309999999999997
232,9450.0,0.2194
233,9460.0,0.1634
234,9470.0,0.11779999999999999
235,9480.0,0.08715
236,9490.0,0.06665
237,9500.0,0.04865
238,9510.0,0.03475
239,9520.0,0.0268
240,9530.0,0.02175
241,9540.0,0.015600000000000001
242,9550.0,0.01315
243,9560.0,0.0103
244,9570.0,0.00875
245,9580.0,0.0062
246,9590.0,0.00565
247,9600.0,0.0042
248,9610.0,0.0022
249,9620.0,0.0028499999999999997
250,9630.0,0.0028499999999999997
251,9640.0,0.0016
252,9650.0,0.00125
253,9660.0,0.0008
254,9670.0,0.00145
255,9680.0,0.00095
256,9690.0,0.0006
257,9700.0,0.0008
