,wavelength,transmission
0,3490.0,0.0004
1,3500.0,0.0008
2,3510.0,0.00155
3,3520.0,0.0027500000000000003
4,3530.0,0.00455
5,3540.0,0.0070999999999999995
6,3550.0,0.01065
7,3560.0,0.015349999999999999
8,3570.0,0.02125
9,3580.0,0.02855
10,3590.0,0.037149999999999996
11,3600.0,0.0473
12,3610.0,0.0588
13,3620.0,0.07155
14,3630.0,0.08525
15,3640.0,0.09965
16,3650.0,0.11539999999999999
17,3660.0,0.1317
18,3670.0,0.14865
19,3680.0,0.16565000000000002
20,3690.0,0.18364999999999998
21,3700.0,0.20155
22,3710.0,0.21895
23,3720.0,0.2372
24,3730.0,0.2552
25,3740.0,0.27255
26,3750.0,0.28965
27,3760.0,0.307
28,3770.0,0.3222
29,3780.0,0.33744999999999997
30,3790.0,0.3547
31,3800.0,0.3696
32,3810.0,0.38435
33,3820.0,0.39885
34,3830.0,0.41225
35,3840.0,0.42585
36,3850.0,0.4387
37,3860.0,0.4512
38,3870.0,0.4628
39,3880.0,0.47405
40,3890.0,0.48465
41,3900.0,0.4954
42,3910.0,0.50625
43,3920.0,0.5155
44,3930.0,0.52405
45,3940.0,0.5334
46,3950.0,0.5421
47,3960.0,0.55
48,3970.0,0.55785
49,3980.0,0.56485
50,3990.0,0.5715
51,4000.0,0.5779
52,4010.0,0.5848
53,4020.0,0.59045
54,4030.0,0.5963499999999999
55,4040.0,0.60205
56,4050.0,0.60695
57,4060.0,0.6124499999999999
58,4070.0,0.61675
59,4080.0,0.62165
60,4090.0,0.6257
61,4100.0,0.63005
62,4110.0,0.6335000000000001
63,4120.0,0.6376
64,4130.0,0.64105
65,4140.0,0.64445
66,4150.0,0.6476999999999999
67,4160.0,0.6512
68,4170.0,0.6547499999999999
69,4180.0,0.6573
70,4190.0,0.66045
71,4200.0,0.6633499999999999
72,4210.0,0.66475
73,4220.0,0.66705
74,4230.0,0.6688500000000001
75,4240.0,0.6704000000000001
76,4250.0,0.6716
77,4260.0,0.6718500000000001
78,4270.0,0.67365
79,4280.0,0.67475
80,4290.0,0.6761
81,4300.0,0.67625
82,4310.0,0.67735
83,4320.0,0.6776000000000001
84,4330.0,0.6770999999999999
85,4340.0,0.67755
86,4350.0,0.67735
87,4360.0,0.67645
88,4370.0,0.67625
89,4380.0,0.6758
90,4390.0,0.6757500000000001
91,4400.0,0.675
92,4410.0,0.67475
93,4420.0,0.67415
94,4430.0,0.67245
95,4440.0,0.6711
96,4450.0,0.6692
97,4460.0,0.6670999999999999
98,4470.0,0.66435
99,4480.0,0.66155
100,4490.0,0.65815
101,4500.0,0.6543000000000001
102,4510.0,0.6511499999999999
103,4520.0,0.6476999999999999
104,4530.0,0.6446
105,4540.0,0.6415500000000001
106,4550.0,0.6374
107,4560.0,0.63415
108,4570.0,0.6292
109,4580.0,0.6241
110,4590.0,0.6187
111,4600.0,0.6123
112,4610.0,0.60625
113,4620.0,0.5988
114,4630.0,0.59165
115,4640.0,0.5832999999999999
116,4650.0,0.5739
117,4660.0,0.56405
118,4670.0,0.55315
119,4680.0,0.5421
120,4690.0,0.53015
121,4700.0,0.51725
122,4710.0,0.5046
123,4720.0,0.49090000000000006
124,4730.0,0.4772
125,4740.0,0.46380000000000005
126,4750.0,0.4496
127,4760.0,0.43565
128,4770.0,0.42135
129,4780.0,0.40685000000000004
130,4790.0,0.39255
131,4800.0,0.3778
132,4810.0,0.36315
133,4820.0,0.34785
134,4830.0,0.33340000000000003
135,4840.0,0.3188
136,4850.0,0.30435
137,4860.0,0.29035
138,4870.0,0.27649999999999997
139,4880.0,0.26315
140,4890.0,0.2507
141,4900.0,0.23825
142,4910.0,0.22649999999999998
143,4920.0,0.21555
144,4930.0,0.2053
145,4940.0,0.1956
146,4950.0,0.18635000000000002
147,4960.0,0.17809999999999998
148,4970.0,0.17024999999999998
149,4980.0,0.16265000000000002
150,4990.0,0.15539999999999998
151,5000.0,0.14785
152,5010.0,0.1402
153,5020.0,0.1323
154,5030.0,0.1242
155,5040.0,0.1159
156,5050.0,0.10769999999999999
157,5060.0,0.09974999999999999
158,5070.0,0.09225
159,5080.0,0.08529999999999999
160,5090.0,0.07894999999999999
161,5100.0,0.07295
162,5110.0,0.06765
163,5120.0,0.06275
164,5130.0,0.05815000000000001
165,5140.0,0.0536
166,5150.0,0.04945
167,5160.0,0.045250000000000005
168,5170.0,0.0414
169,5180.0,0.03775
170,5190.0,0.034249999999999996
171,5200.0,0.03105
172,5210.0,0.027999999999999997
173,5220.0,0.025150000000000002
174,5230.0,0.0226
175,5240.0,0.0203
176,5250.0,0.01815
177,5260.0,0.01625
178,5270.0,0.0146
179,5280.0,0.01315
180,5290.0,0.011899999999999999
181,5300.0,0.01085
182,5310.0,0.009899999999999999
183,5320.0,0.0091
184,5330.0,0.00845
185,5340.0,0.00795
186,5350.0,0.0075
187,5360.0,0.0070999999999999995
188,5370.0,0.0068000000000000005
189,5380.0,0.00655
190,5390.0,0.00635
191,5400.0,0.00625
192,5410.0,0.0062
193,5420.0,0.0062
194,5430.0,0.0062
195,5440.0,0.0063
196,5450.0,0.00645
197,5460.0,0.0066500000000000005
198,5470.0,0.006999999999999999
199,5480.0,0.0073
200,5490.0,0.0078000000000000005
201,5500.0,0.0083
202,5510.0,0.00885
203,5520.0,0.00935
204,5530.0,0.01
205,5540.0,0.010549999999999999
206,5550.0,0.0111
207,5560.0,0.01155
208,5570.0,0.01195
209,5580.0,0.01225
210,5590.0,0.012350000000000002
211,5600.0,0.0124
212,5610.0,0.012199999999999999
213,5620.0,0.01135
214,5630.0,0.01175
215,5640.0,0.0113
216,5650.0,0.0108
217,5660.0,0.0102
218,5670.0,0.0095
219,5680.0,0.00885
220,5690.0,0.00805
221,5700.0,0.0072499999999999995
222,5710.0,0.00655
223,5720.0,0.00575
224,5730.0,0.00505
225,5740.0,0.00435
226,5750.0,0.0037
227,5760.0,0.0031
228,5770.0,0.00265
229,5780.0,0.0022
230,5790.0,0.0018
231,5800.0,0.00145
232,5810.0,0.0012
233,5820.0,0.00095
234,5830.0,0.00075
235,5840.0,0.0006
236,5850.0,0.0005
237,5860.0,0.0004
238,5870.0,0.00035000000000000005
