3747405.73 0.0001
3747874.21 0.0001
3748342.81 0.0001
3748811.53 0.0001
3749280.37 0.0001
3749749.32 0.0001
3750218.39 0.0001
3750687.58 0.0001
3751156.88 0.0001
3751626.30 0.0001
3752095.84 0.0001
3752565.50 0.0001
3753035.28 0.0001
3753505.17 0.0001
3753975.18 0.0001
3754445.31 0.0001
3754915.56 0.0001
3755385.92 0.0001
3755856.40 0.0001
3756327.00 0.0001
3756797.72 0.0001
3757268.55 0.0001
3757739.51 0.0001
3758210.58 0.0001
3758681.77 0.0001
3759153.08 0.0001
3759624.50 0.0001
3760096.05 0.0001
3760567.71 0.0001
3761039.49 0.0001
3761511.39 0.0001
3761983.41 0.0001
3762455.55 0.0001
3762927.80 0.0001
3763400.18 0.0001
3763872.67 0.0001
3764345.28 0.0001
3764818.01 0.0001
3765290.86 0.0001
3765763.82 0.0001
3766236.91 0.0001
3766710.11 0.0001
3767183.44 0.0001
3767656.88 0.0001
3768130.44 0.0001
3768604.12 0.0001
3769077.92 0.0001
3769551.84 0.0001
3770025.88 0.0001
3770500.04 0.0001
3770974.31 0.0001
3771448.71 0.0001
3771923.23 0.0001
3772397.86 0.0001
3772872.62 0.0001
3773347.49 0.0001
3773822.48 0.0001
3774297.60 0.0001
3774772.83 0.0001
3775248.18 0.0001
3775723.65 0.0001
3776199.24 0.0001
3776674.96 0.0001
3777150.79 0.0001
3777626.74 0.0001
3778102.81 0.0001
3778579.00 0.0001
3779055.31 0.0001
3779531.74 0.0001
3780008.30 0.0001
3780484.97 0.0001
3780961.76 0.0001
3781438.67 0.0001
3781915.71 0.0001
3782392.86 0.0001
3782870.13 0.0001
3783347.53 0.0002
3783825.04 0.0002
3784302.68 0.0002
3784780.43 0.0002
3785258.31 0.0002
3785736.31 0.0002
3786214.42 0.0002
3786692.66 0.0002
3787171.02 0.0002
3787649.50 0.0002
3788128.10 0.0002
3788606.82 0.0002
3789085.67 0.0002
3789564.63 0.0002
3790043.72 0.0002
3790522.92 0.0002
3791002.25 0.0002
3791481.70 0.0002
3791961.27 0.0002
3792440.96 0.0002
3792920.77 0.0002
3793400.71 0.0002
3793880.76 0.0002
3794360.94 0.0002
3794841.24 0.0002
3795321.66 0.0002
3795802.20 0.0002
3796282.87 0.0002
3796763.65 0.0002
3797244.56 0.0002
3797725.59 0.0002
3798206.74 0.0002
3798688.01 0.0002
3799169.41 0.0002
3799650.93 0.0002
3800132.56 0.0002
3800614.33 0.0002
3801096.21 0.0002
3801578.21 0.0002
3802060.34 0.0002
3802542.59 0.0002
3803024.97 0.0002
3803507.46 0.0002
3803990.08 0.0002
3804472.82 0.0002
3804955.68 0.0002
3805438.66 0.0002
3805921.77 0.0002
3806405.00 0.0002
3806888.36 0.0002
3807371.83 0.0002
3807855.43 0.0002
3808339.15 0.0002
3808823.00 0.0002
3809306.96 0.0002
3809791.05 0.0002
3810275.27 0.0002
3810759.60 0.0002
3811244.06 0.0002
3811728.65 0.0002
3812213.35 0.0002
3812698.18 0.0002
3813183.13 0.0002
3813668.21 0.0002
3814153.41 0.0002
3814638.73 0.0002
3815124.18 0.0002
3815609.75 0.0002
3816095.44 0.0002
3816581.26 0.0002
3817067.20 0.0002
3817553.27 0.0002
3818039.45 0.0002
3818525.77 0.0002
3819012.20 0.0002
3819498.76 0.0002
3819985.45 0.0002
3820472.26 0.0002
3820959.19 0.0002
3821446.25 0.0002
3821933.43 0.0002
3822420.73 0.0002
3822908.16 0.0002
3823395.71 0.0002
3823883.39 0.0002
3824371.20 0.0002
3824859.12 0.0002
3825347.17 0.0003
3825835.35 0.0003
3826323.65 0.0003
3826812.08 0.0003
3827300.63 0.0003
3827789.30 0.0003
3828278.10 0.0003
3828767.02 0.0003
3829256.07 0.0003
3829745.25 0.0003
3830234.55 0.0003
3830723.97 0.0003
3831213.52 0.0003
3831703.20 0.0003
3832193.00 0.0003
3832682.92 0.0003
3833172.97 0.0003
3833663.15 0.0003
3834153.45 0.0003
3834643.87 0.0003
3835134.42 0.0003
3835625.10 0.0003
3836115.91 0.0003
3836606.83 0.0003
3837097.89 0.0003
3837589.07 0.0003
3838080.37 0.0003
3838571.81 0.0003
3839063.36 0.0003
3839555.05 0.0003
3840046.86 0.0003
3840538.79 0.0003
3841030.85 0.0003
3841523.04 0.0003
3842015.35 0.0003
3842507.79 0.0003
3843000.36 0.0003
3843493.05 0.0003
3843985.87 0.0003
3844478.82 0.0003
3844971.89 0.0003
3845465.08 0.0003
3845958.41 0.0003
3846451.86 0.0003
3846945.44 0.0003
3847439.14 0.0003
3847932.97 0.0003
3848426.93 0.0003
3848921.02 0.0003
3849415.23 0.0003
3849909.57 0.0003
3850404.03 0.0003
3850898.63 0.0003
3851393.35 0.0003
3851888.19 0.0003
3852383.17 0.0003
3852878.27 0.0003
3853373.50 0.0003
3853868.85 0.0003
3854364.34 0.0003
3854859.95 0.0003
3855355.68 0.0003
3855851.55 0.0003
3856347.54 0.0003
3856843.66 0.0003
3857339.91 0.0003
3857836.29 0.0003
3858332.79 0.0003
3858829.42 0.0003
3859326.18 0.0003
3859823.07 0.0003
3860320.09 0.0003
3860817.23 0.0003
3861314.50 0.0003
3861811.90 0.0004
3862309.43 0.0004
3862807.09 0.0004
3863304.87 0.0004
3863802.78 0.0004
3864300.82 0.0004
3864798.99 0.0004
3865297.29 0.0004
3865795.72 0.0004
3866294.27 0.0004
3866792.96 0.0004
3867291.77 0.0004
3867790.71 0.0004
3868289.78 0.0004
3868788.98 0.0004
3869288.31 0.0004
3869787.76 0.0004
3870287.35 0.0004
3870787.06 0.0004
3871286.91 0.0004
3871786.88 0.0004
3872286.98 0.0004
3872787.21 0.0004
3873287.57 0.0004
3873788.06 0.0004
3874288.68 0.0004
3874789.43 0.0004
3875290.31 0.0004
3875791.31 0.0004
3876292.45 0.0004
3876793.72 0.0004
3877295.11 0.0004
3877796.64 0.0004
3878298.29 0.0004
3878800.08 0.0004
3879301.99 0.0004
3879804.04 0.0004
3880306.21 0.0004
3880808.52 0.0004
3881310.95 0.0004
3881813.52 0.0004
3882316.21 0.0004
3882819.04 0.0004
3883321.99 0.0004
3883825.08 0.0004
3884328.30 0.0004
3884831.64 0.0004
3885335.12 0.0004
3885838.73 0.0004
3886342.47 0.0004
3886846.34 0.0004
3887350.34 0.0004
3887854.47 0.0004
3888358.73 0.0004
3888863.12 0.0004
3889367.64 0.0004
3889872.30 0.0004
3890377.08 0.0004
3890882.00 0.0004
3891387.05 0.0004
3891892.22 0.0004
3892397.53 0.0004
3892902.97 0.0004
3893408.55 0.0004
3893914.25 0.0004
3894420.08 0.0004
3894926.05 0.0004
3895432.15 0.0004
3895938.38 0.0004
3896444.74 0.0004
3896951.23 0.0004
3897457.85 0.0004
3897964.61 0.0004
3898471.50 0.0005
3898978.51 0.0005
3899485.67 0.0005
3899992.95 0.0005
3900500.36 0.0005
3901007.91 0.0005
3901515.59 0.0005
3902023.40 0.0005
3902531.35 0.0005
3903039.42 0.0005
3903547.63 0.0005
3904055.97 0.0005
3904564.44 0.0005
3905073.05 0.0005
3905581.79 0.0005
3906090.66 0.0005
3906599.66 0.0005
3907108.80 0.0005
3907618.07 0.0005
3908127.47 0.0005
3908637.00 0.0005
3909146.67 0.0005
3909656.47 0.0005
3910166.40 0.0005
3910676.47 0.0005
3911186.67 0.0005
3911697.00 0.0005
3912207.46 0.0005
3912718.06 0.0005
3913228.80 0.0005
3913739.66 0.0005
3914250.66 0.0005
3914761.79 0.0005
3915273.06 0.0005
3915784.46 0.0006
3916295.99 0.0006
3916807.66 0.0006
3917319.46 0.0006
3917831.39 0.0006
3918343.46 0.0006
3918855.66 0.0006
3919368.00 0.0006
3919880.47 0.0006
3920393.07 0.0006
3920905.81 0.0006
3921418.68 0.0006
3921931.68 0.0006
3922444.83 0.0006
3922958.10 0.0006
3923471.51 0.0006
3923985.05 0.0006
3924498.73 0.0006
3925012.54 0.0006
3925526.49 0.0006
3926040.57 0.0006
3926554.79 0.0006
3927069.14 0.0006
3927583.62 0.0006
3928098.24 0.0006
3928613.00 0.0006
3929127.89 0.0006
3929642.92 0.0006
3930158.08 0.0006
3930673.37 0.0006
3931188.80 0.0006
3931704.37 0.0006
3932220.07 0.0006
3932735.90 0.0006
3933251.88 0.0006
3933767.98 0.0006
3934284.23 0.0006
3934800.60 0.0006
3935317.12 0.0006
3935833.77 0.0006
3936350.55 0.0007
3936867.47 0.0007
3937384.53 0.0007
3937901.72 0.0007
3938419.05 0.0007
3938936.51 0.0007
3939454.11 0.0007
3939971.85 0.0007
3940489.72 0.0007
3941007.73 0.0007
3941525.87 0.0007
3942044.16 0.0007
3942562.57 0.0007
3943081.13 0.0007
3943599.82 0.0007
3944118.64 0.0007
3944637.61 0.0007
3945156.70 0.0007
3945675.94 0.0007
3946195.31 0.0007
3946714.82 0.0007
3947234.47 0.0007
3947754.25 0.0007
3948274.17 0.0007
3948794.23 0.0007
3949314.42 0.0007
3949834.76 0.0007
3950355.22 0.0008
3950875.83 0.0008
3951396.57 0.0008
3951917.45 0.0008
3952438.47 0.0008
3952959.63 0.0008
3953480.92 0.0008
3954002.35 0.0008
3954523.92 0.0008
3955045.62 0.0008
3955567.46 0.0008
3956089.44 0.0008
3956611.56 0.0008
3957133.82 0.0008
3957656.21 0.0008
3958178.74 0.0008
3958701.41 0.0008
3959224.22 0.0008
3959747.17 0.0008
3960270.25 0.0008
3960793.47 0.0009
3961316.83 0.0009
3961840.33 0.0009
3962363.97 0.0009
3962887.75 0.0009
3963411.66 0.0009
3963935.71 0.0009
3964459.90 0.0009
3964984.23 0.0009
3965508.70 0.0009
3966033.31 0.0009
3966558.06 0.0009
3967082.94 0.0009
3967607.97 0.0009
3968133.13 0.0009
3968658.43 0.0009
3969183.87 0.001
3969709.45 0.001
3970235.17 0.001
3970761.03 0.001
3971287.03 0.001
3971813.17 0.001
3972339.45 0.001
3972865.86 0.001
3973392.42 0.001
3973919.11 0.001
3974445.95 0.001
3974972.92 0.001
3975500.04 0.001
3976027.29 0.001
3976554.69 0.001
3977082.22 0.001
3977609.90 0.0011
3978137.71 0.0011
3978665.67 0.0011
3979193.76 0.0011
3979722.00 0.0011
3980250.37 0.0011
3980778.89 0.0011
3981307.54 0.0011
3981836.34 0.0011
3982365.28 0.0011
3982894.35 0.0011
3983423.57 0.0011
3983952.93 0.0011
3984482.43 0.0011
3985012.07 0.0011
3985541.85 0.0012
3986071.77 0.0012
3986601.84 0.0012
3987132.04 0.0012
3987662.38 0.0012
3988192.87 0.0012
3988723.50 0.0012
3989254.26 0.0012
3989785.17 0.0012
3990316.23 0.0012
3990847.42 0.0012
3991378.75 0.0012
3991910.23 0.0012
3992441.84 0.0012
3992973.60 0.0012
3993505.50 0.0012
3994037.54 0.0012
3994569.73 0.0012
3995102.05 0.0012
3995634.52 0.0012
3996167.13 0.0012
3996699.88 0.0012
3997232.77 0.0012
3997765.81 0.0012
3998298.99 0.0012
3998832.31 0.0012
3999365.77 0.0012
3999899.37 0.0013
4000433.12 0.0013
4000967.01 0.0013
4001501.04 0.0013
4002035.22 0.0013
4002569.53 0.0013
4003103.99 0.0013
4003638.60 0.0013
4004173.34 0.0013
4004708.23 0.0013
4005243.26 0.0013
4005778.43 0.0013
4006313.75 0.0013
4006849.21 0.0013
4007384.81 0.0013
4007920.56 0.0013
4008456.45 0.0013
4008992.48 0.0013
4009528.66 0.0013
4010064.98 0.0013
4010601.44 0.0013
4011138.05 0.0014
4011674.80 0.0014
4012211.70 0.0014
4012748.74 0.0014
4013285.92 0.0014
4013823.24 0.0014
4014360.71 0.0014
4014898.33 0.0014
4015436.08 0.0014
4015973.99 0.0014
4016512.03 0.0014
4017050.22 0.0014
4017588.56 0.0014
4018127.03 0.0015
4018665.66 0.0015
4019204.42 0.0015
4019743.34 0.0015
4020282.39 0.0015
4020821.59 0.0015
4021360.94 0.0015
4021900.43 0.0015
4022440.06 0.0015
4022979.84 0.0015
4023519.77 0.0016
4024059.84 0.0016
4024600.05 0.0016
4025140.41 0.0016
4025680.92 0.0016
4026221.57 0.0016
4026762.36 0.0016
4027303.30 0.0016
4027844.39 0.0017
4028385.62 0.0017
4028927.00 0.0017
4029468.52 0.0017
4030010.19 0.0017
4030552.00 0.0017
4031093.96 0.0018
4031636.07 0.0018
4032178.32 0.0018
4032720.72 0.0018
4033263.26 0.0018
4033805.95 0.0018
4034348.78 0.0019
4034891.76 0.0019
4035434.89 0.0019
4035978.16 0.0019
4036521.58 0.0019
4037065.15 0.002
4037608.86 0.002
4038152.72 0.002
4038696.73 0.002
4039240.88 0.002
4039785.18 0.002
4040329.62 0.0021
4040874.21 0.0021
4041418.95 0.0021
4041963.84 0.0021
4042508.87 0.0021
4043054.05 0.0021
4043599.38 0.0022
4044144.85 0.0022
4044690.47 0.0022
4045236.24 0.0022
4045782.16 0.0022
4046328.22 0.0022
4046874.43 0.0023
4047420.79 0.0023
4047967.30 0.0023
4048513.95 0.0023
4049060.75 0.0023
4049607.70 0.0023
4050154.80 0.0024
4050702.04 0.0024
4051249.43 0.0024
4051796.97 0.0024
4052344.66 0.0024
4052892.50 0.0024
4053440.48 0.0024
4053988.61 0.0025
4054536.89 0.0025
4055085.32 0.0025
4055633.90 0.0025
4056182.63 0.0025
4056731.50 0.0025
4057280.53 0.0026
4057829.70 0.0026
4058379.02 0.0026
4058928.49 0.0026
4059478.10 0.0026
4060027.87 0.0026
4060577.79 0.0027
4061127.85 0.0027
4061678.07 0.0027
4062228.43 0.0027
4062778.94 0.0027
4063329.60 0.0028
4063880.41 0.0028
4064431.37 0.0028
4064982.48 0.0028
4065533.74 0.0028
4066085.15 0.0029
4066636.71 0.0029
4067188.41 0.0029
4067740.27 0.0029
4068292.28 0.003
4068844.44 0.003
4069396.74 0.003
4069949.20 0.003
4070501.81 0.003
4071054.56 0.0031
4071607.47 0.0031
4072160.53 0.0031
4072713.73 0.0031
4073267.09 0.0032
4073820.60 0.0032
4074374.26 0.0032
4074928.07 0.0032
4075482.03 0.0033
4076036.14 0.0033
4076590.40 0.0033
4077144.81 0.0033
4077699.37 0.0034
4078254.09 0.0034
4078808.95 0.0034
4079363.97 0.0034
4079919.13 0.0035
4080474.45 0.0035
4081029.92 0.0035
4081585.54 0.0036
4082141.31 0.0036
4082697.24 0.0036
4083253.31 0.0037
4083809.54 0.0037
4084365.91 0.0037
4084922.44 0.0038
4085479.12 0.0038
4086035.95 0.0038
4086592.94 0.0039
4087150.07 0.0039
4087707.36 0.0039
4088264.80 0.004
4088822.39 0.004
4089380.14 0.004
4089938.04 0.0041
4090496.08 0.0041
4091054.28 0.0042
4091612.64 0.0042
4092171.14 0.0042
4092729.80 0.0043
4093288.61 0.0043
4093847.58 0.0043
4094406.69 0.0044
4094965.96 0.0044
4095525.38 0.0045
4096084.96 0.0045
4096644.68 0.0045
4097204.56 0.0046
4097764.60 0.0046
4098324.78 0.0046
4098885.12 0.0047
4099445.62 0.0047
4100006.26 0.0048
4100567.06 0.0048
4101128.02 0.0048
4101689.12 0.0049
4102250.38 0.0049
4102811.80 0.0049
4103373.36 0.005
4103935.09 0.005
4104496.96 0.005
4105058.99 0.0051
4105621.17 0.0051
4106183.51 0.0052
4106746.00 0.0052
4107308.65 0.0052
4107871.44 0.0053
4108434.40 0.0053
4108997.51 0.0053
4109560.77 0.0054
4110124.18 0.0054
4110687.76 0.0054
4111251.48 0.0055
4111815.36 0.0055
4112379.40 0.0055
4112943.59 0.0056
4113507.93 0.0056
4114072.43 0.0057
4114637.08 0.0057
4115201.89 0.0057
4115766.86 0.0058
4116331.98 0.0058
4116897.25 0.0059
4117462.68 0.0059
4118028.27 0.006
4118594.01 0.006
4119159.91 0.006
4119725.96 0.0061
4120292.17 0.0061
4120858.53 0.0062
4121425.05 0.0062
4121991.72 0.0062
4122558.55 0.0063
4123125.54 0.0063
4123692.68 0.0064
4124259.98 0.0064
4124827.44 0.0065
4125395.05 0.0065
4125962.81 0.0065
4126530.74 0.0066
4127098.82 0.0066
4127667.05 0.0067
4128235.44 0.0067
4128803.99 0.0068
4129372.70 0.0068
4129941.56 0.0069
4130510.58 0.0069
4131079.76 0.007
4131649.09 0.007
4132218.58 0.0071
4132788.23 0.0071
4133358.03 0.0072
4133927.99 0.0072
4134498.11 0.0073
4135068.39 0.0073
4135638.82 0.0074
4136209.41 0.0074
4136780.16 0.0075
4137351.06 0.0075
4137922.13 0.0076
4138493.35 0.0076
4139064.72 0.0077
4139636.26 0.0077
4140207.95 0.0078
4140779.81 0.0079
4141351.82 0.0079
4141923.98 0.008
4142496.31 0.0081
4143068.79 0.0081
4143641.44 0.0082
4144214.24 0.0082
4144787.20 0.0083
4145360.32 0.0084
4145933.59 0.0084
4146507.03 0.0085
4147080.62 0.0086
4147654.37 0.0086
4148228.28 0.0087
4148802.35 0.0088
4149376.58 0.0088
4149950.97 0.0089
4150525.52 0.009
4151100.22 0.009
4151675.09 0.0091
4152250.11 0.0092
4152825.29 0.0093
4153400.64 0.0093
4153976.14 0.0094
4154551.80 0.0095
4155127.62 0.0095
4155703.60 0.0096
4156279.74 0.0097
4156856.05 0.0098
4157432.51 0.0098
4158009.13 0.0099
4158585.91 0.01
4159162.85 0.0101
4159739.95 0.0102
4160317.21 0.0102
4160894.63 0.0103
4161472.21 0.0104
4162049.95 0.0105
4162627.85 0.0106
4163205.92 0.0107
4163784.14 0.0107
4164362.52 0.0108
4164941.07 0.0109
4165519.77 0.011
4166098.64 0.0111
4166677.67 0.0112
4167256.85 0.0113
4167836.20 0.0114
4168415.71 0.0115
4168995.38 0.0116
4169575.22 0.0117
4170155.21 0.0118
4170735.36 0.0119
4171315.68 0.012
4171896.16 0.0121
4172476.80 0.0122
4173057.60 0.0123
4173638.56 0.0124
4174219.69 0.0125
4174800.97 0.0126
4175382.42 0.0127
4175964.03 0.0128
4176545.81 0.013
4177127.74 0.0131
4177709.84 0.0132
4178292.10 0.0133
4178874.52 0.0134
4179457.10 0.0135
4180039.85 0.0136
4180622.76 0.0138
4181205.83 0.0139
4181789.06 0.014
4182372.46 0.0141
4182956.02 0.0142
4183539.74 0.0144
4184123.63 0.0145
4184707.68 0.0146
4185291.89 0.0147
4185876.26 0.0149
4186460.80 0.015
4187045.50 0.0151
4187630.37 0.0153
4188215.40 0.0154
4188800.59 0.0155
4189385.94 0.0157
4189971.46 0.0158
4190557.14 0.0159
4191142.99 0.0161
4191729.00 0.0162
4192315.17 0.0164
4192901.51 0.0165
4193488.01 0.0167
4194074.68 0.0168
4194661.51 0.017
4195248.50 0.0171
4195835.66 0.0173
4196422.98 0.0175
4197010.47 0.0176
4197598.12 0.0178
4198185.94 0.0179
4198773.92 0.0181
4199362.07 0.0182
4199950.38 0.0184
4200538.85 0.0186
4201127.49 0.0188
4201716.30 0.019
4202305.27 0.0192
4202894.41 0.0193
4203483.71 0.0195
4204073.17 0.0197
4204662.81 0.0199
4205252.60 0.0201
4205842.56 0.0203
4206432.69 0.0205
4207022.99 0.0207
4207613.45 0.0209
4208204.07 0.0211
4208794.86 0.0213
4209385.82 0.0215
4209976.94 0.0217
4210568.23 0.022
4211159.69 0.0222
4211751.31 0.0224
4212343.09 0.0226
4212935.05 0.0229
4213527.17 0.0231
4214119.45 0.0233
4214711.91 0.0236
4215304.53 0.0238
4215897.31 0.024
4216490.27 0.0242
4217083.39 0.0245
4217676.67 0.0247
4218270.13 0.0249
4218863.75 0.0252
4219457.54 0.0255
4220051.49 0.0258
4220645.61 0.0261
4221239.90 0.0264
4221834.36 0.0266
4222428.99 0.0269
4223023.78 0.0272
4223618.74 0.0275
4224213.87 0.0278
4224809.16 0.0281
4225404.62 0.0284
4226000.25 0.0286
4226596.05 0.0289
4227192.02 0.0292
4227788.15 0.0296
4228384.46 0.0299
4228980.93 0.0303
4229577.57 0.0306
4230174.38 0.031
4230771.35 0.0314
4231368.50 0.0317
4231965.81 0.0321
4232563.29 0.0324
4233160.94 0.0328
4233758.76 0.0332
4234356.75 0.0335
4234954.91 0.0339
4235553.24 0.0342
4236151.73 0.0346
4236750.40 0.035
4237349.23 0.0355
4237948.23 0.0359
4238547.41 0.0363
4239146.75 0.0368
4239746.26 0.0372
4240345.94 0.0377
4240945.79 0.0381
4241545.81 0.0386
4242146.00 0.039
4242746.36 0.0394
4243346.89 0.0399
4243947.59 0.0403
4244548.46 0.0408
4245149.50 0.0412
4245750.72 0.0417
4246352.10 0.0422
4246953.65 0.0427
4247555.37 0.0433
4248157.26 0.0438
4248759.33 0.0443
4249361.56 0.0448
4249963.96 0.0453
4250566.54 0.0459
4251169.29 0.0464
4251772.20 0.0469
4252375.29 0.0474
4252978.55 0.0479
4253581.98 0.0484
4254185.58 0.049
4254789.36 0.0495
4255393.30 0.0501
4255997.42 0.0507
4256601.70 0.0514
4257206.16 0.052
4257810.79 0.0526
4258415.60 0.0532
4259020.57 0.0538
4259625.72 0.0544
4260231.04 0.0551
4260836.53 0.0557
4261442.19 0.0563
4262048.02 0.0569
4262654.03 0.0575
4263260.21 0.0581
4263866.56 0.0587
4264473.09 0.0595
4265079.78 0.0602
4265686.65 0.0609
4266293.70 0.0617
4266900.91 0.0624
4267508.30 0.0632
4268115.86 0.0639
4268723.59 0.0646
4269331.50 0.0654
4269939.58 0.0661
4270547.83 0.0669
4271156.26 0.0676
4271764.86 0.0683
4272373.64 0.0691
4272982.58 0.0698
4273591.70 0.0707
4274201.00 0.0716
4274810.47 0.0725
4275420.11 0.0734
4276029.92 0.0743
4276639.91 0.0752
4277250.08 0.0762
4277860.42 0.0771
4278470.93 0.078
4279081.62 0.0789
4279692.48 0.0799
4280303.51 0.0808
4280914.72 0.0817
4281526.11 0.0826
4282137.67 0.0835
4282749.40 0.0846
4283361.31 0.0857
4283973.39 0.0868
4284585.65 0.088
4285198.08 0.0891
4285810.69 0.0902
4286423.48 0.0914
4287036.44 0.0925
4287649.57 0.0936
4288262.88 0.0948
4288876.37 0.0959
4289490.03 0.0971
4290103.86 0.0982
4290717.88 0.0994
4291332.06 0.1005
4291946.43 0.1017
4292560.97 0.103
4293175.68 0.1043
4293790.58 0.1056
4294405.64 0.1069
4295020.89 0.1082
4295636.31 0.1095
4296251.91 0.1108
4296867.68 0.1121
4297483.63 0.1134
4298099.76 0.1147
4298716.06 0.116
4299332.54 0.1173
4299949.20 0.1186
4300566.03 0.1198
4301183.04 0.1212
4301800.23 0.1227
4302417.59 0.1242
4303035.14 0.1258
4303652.86 0.1273
4304270.75 0.1289
4304888.83 0.1304
4305507.08 0.132
4306125.51 0.1335
4306744.12 0.1351
4307362.90 0.1366
4307981.87 0.1382
4308601.01 0.1398
4309220.32 0.1413
4309839.82 0.1429
4310459.50 0.1444
4311079.35 0.1461
4311699.38 0.1478
4312319.59 0.1495
4312939.98 0.1513
4313560.55 0.153
4314181.29 0.1547
4314802.22 0.1564
4315423.32 0.1581
4316044.60 0.1598
4316666.06 0.1615
4317287.70 0.1632
4317909.52 0.1649
4318531.52 0.1666
4319153.70 0.1684
4319776.05 0.1701
4320398.59 0.1718
4321021.30 0.1736
4321644.20 0.1754
4322267.27 0.1772
4322890.53 0.179
4323513.96 0.1807
4324137.57 0.1825
4324761.37 0.1843
4325385.34 0.1861
4326009.49 0.1878
4326633.83 0.1896
4327258.34 0.1914
4327883.04 0.1931
4328507.91 0.1949
4329132.97 0.1967
4329758.20 0.1984
4330383.62 0.2002
4331009.22 0.202
4331634.99 0.2038
4332260.95 0.2056
4332887.09 0.2074
4333513.41 0.2092
4334139.92 0.211
4334766.60 0.2128
4335393.46 0.2145
4336020.51 0.2163
4336647.74 0.2181
4337275.14 0.2199
4337902.73 0.2216
4338530.51 0.2234
4339158.46 0.2252
4339786.60 0.2272
4340414.91 0.2291
4341043.41 0.2311
4341672.09 0.2331
4342300.96 0.235
4342930.00 0.237
4343559.23 0.239
4344188.64 0.241
4344818.23 0.2429
4345448.01 0.2449
4346077.96 0.2469
4346708.10 0.2489
4347338.43 0.2508
4347968.93 0.2528
4348599.62 0.2548
4349230.49 0.2569
4349861.55 0.2591
4350492.79 0.2612
4351124.21 0.2634
4351755.81 0.2655
4352387.60 0.2677
4353019.57 0.2699
4353651.73 0.272
4354284.07 0.2742
4354916.59 0.2764
4355549.30 0.2785
4356182.19 0.2807
4356815.26 0.2829
4357448.52 0.2851
4358081.96 0.2873
4358715.59 0.2893
4359349.40 0.2913
4359983.39 0.2933
4360617.57 0.2953
4361251.93 0.2972
4361886.48 0.2992
4362521.22 0.3012
4363156.13 0.3032
4363791.24 0.3052
4364426.52 0.3072
4365062.00 0.3091
4365697.66 0.3111
4366333.50 0.3131
4366969.53 0.3151
4367605.74 0.3171
4368242.14 0.3191
4368878.72 0.3211
4369515.49 0.3231
4370152.45 0.325
4370789.59 0.327
4371426.92 0.329
4372064.43 0.331
4372702.13 0.333
4373340.01 0.335
4373978.09 0.337
4374616.34 0.3391
4375254.79 0.3411
4375893.42 0.3431
4376532.23 0.3451
4377171.24 0.3471
4377810.43 0.349
4378449.80 0.3505
4379089.37 0.3521
4379729.12 0.3536
4380369.05 0.3552
4381009.18 0.3567
4381649.49 0.3583
4382289.99 0.3598
4382930.67 0.3614
4383571.55 0.3629
4384212.61 0.3645
4384853.85 0.366
4385495.29 0.3676
4386136.91 0.3691
4386778.72 0.3707
4387420.72 0.3722
4388062.91 0.373
4388705.28 0.3738
4389347.85 0.3747
4389990.60 0.3755
4390633.54 0.3763
4391276.67 0.3771
4391919.98 0.3779
4392563.49 0.3787
4393207.18 0.3795
4393851.06 0.3803
4394495.13 0.3811
4395139.39 0.3819
4395783.84 0.3827
4396428.48 0.3835
4397073.31 0.3843
4397718.32 0.3847
4398363.53 0.3851
4399008.92 0.3854
4399654.51 0.3858
4400300.28 0.3861
4400946.24 0.3864
4401592.39 0.3868
4402238.74 0.3871
4402885.27 0.3874
4403531.99 0.3878
4404178.90 0.3881
4404826.01 0.3884
4405473.30 0.3887
4406120.78 0.3891
4406768.46 0.3894
4407416.32 0.3897
4408064.37 0.3899
4408712.62 0.3901
4409361.05 0.3903
4410009.68 0.3905
4410658.50 0.3908
4411307.50 0.391
4411956.70 0.3912
4412606.09 0.3914
4413255.67 0.3916
4413905.45 0.3918
4414555.41 0.3921
4415205.57 0.3923
4415855.91 0.3925
4416506.45 0.3927
4417157.18 0.393
4417808.10 0.3934
4418459.22 0.3938
4419110.52 0.3942
4419762.02 0.3946
4420413.71 0.395
4421065.60 0.3954
4421717.67 0.3958
4422369.94 0.3962
4423022.40 0.3966
4423675.05 0.397
4424327.89 0.3974
4424980.93 0.3978
4425634.16 0.3982
4426287.58 0.3986
4426941.20 0.399
4427595.01 0.3991
4428249.01 0.3992
4428903.21 0.3994
4429557.59 0.3995
4430212.18 0.3996
4430866.95 0.3998
4431521.92 0.3999
4432177.08 0.4
4432832.44 0.4002
4433487.99 0.4003
4434143.74 0.4004
4434799.67 0.4006
4435455.81 0.4007
4436112.13 0.4008
4436768.65 0.401
4437425.37 0.4012
4438082.28 0.4014
4438739.38 0.4016
4439396.68 0.4018
4440054.18 0.402
4440711.86 0.4022
4441369.75 0.4024
4442027.83 0.4026
4442686.10 0.4029
4443344.57 0.4031
4444003.23 0.4033
4444662.09 0.4035
4445321.14 0.4037
4445980.39 0.4039
4446639.84 0.4041
4447299.48 0.4042
4447959.32 0.4043
4448619.35 0.4044
4449279.58 0.4044
4449940.00 0.4045
4450600.62 0.4046
4451261.44 0.4047
4451922.45 0.4047
4452583.66 0.4048
4453245.07 0.4049
4453906.67 0.405
4454568.47 0.405
4455230.47 0.4051
4455892.66 0.4052
4456555.05 0.4053
4457217.63 0.4052
4457880.42 0.4051
4458543.40 0.4049
4459206.57 0.4048
4459869.95 0.4046
4460533.52 0.4045
4461197.29 0.4043
4461861.26 0.4042
4462525.42 0.404
4463189.79 0.4039
4463854.35 0.4037
4464519.11 0.4036
4465184.06 0.4034
4465849.22 0.4032
4466514.57 0.4031
4467180.12 0.4031
4467845.87 0.4033
4468511.82 0.4034
4469177.97 0.4036
4469844.31 0.4038
4470510.86 0.404
4471177.60 0.4042
4471844.54 0.4044
4472511.68 0.4046
4473179.02 0.4048
4473846.56 0.405
4474514.30 0.4052
4475182.24 0.4054
4475850.37 0.4056
4476518.71 0.4057
4477187.25 0.4059
4477855.98 0.4054
4478524.92 0.4049
4479194.05 0.4045
4479863.39 0.404
4480532.92 0.4036
4481202.66 0.4031
4481872.60 0.4026
4482542.73 0.4022
4483213.07 0.4017
4483883.61 0.4013
4484554.35 0.4008
4485225.28 0.4003
4485896.42 0.3999
4486567.76 0.3994
4487239.31 0.399
4487911.05 0.3988
4488582.99 0.3986
4489255.14 0.3984
4489927.48 0.3982
4490600.03 0.3981
4491272.78 0.3979
4491945.73 0.3977
4492618.88 0.3975
4493292.24 0.3974
4493965.79 0.3972
4494639.55 0.397
4495313.51 0.3968
4495987.67 0.3967
4496662.04 0.3965
4497336.60 0.3963
4498011.37 0.3961
4498686.34 0.396
4499361.52 0.3958
4500036.90 0.3956
4500712.48 0.3955
4501388.26 0.3953
4502064.24 0.3951
4502740.43 0.395
4503416.82 0.3948
4504093.42 0.3946
4504770.22 0.3945
4505447.22 0.3943
4506124.43 0.3941
4506801.83 0.394
4507479.45 0.3938
4508157.26 0.3937
4508835.28 0.3935
4509513.51 0.3934
4510191.94 0.3932
4510870.57 0.3931
4511549.41 0.3929
4512228.45 0.3928
4512907.69 0.3926
4513587.14 0.3925
4514266.80 0.3923
4514946.66 0.3922
4515626.72 0.3921
4516306.99 0.3919
4516987.46 0.3918
4517668.14 0.3916
4518349.03 0.3915
4519030.12 0.3916
4519711.41 0.3917
4520392.91 0.3919
4521074.62 0.392
4521756.53 0.3921
4522438.65 0.3922
4523120.97 0.3923
4523803.50 0.3924
4524486.24 0.3925
4525169.18 0.3927
4525852.32 0.3928
4526535.68 0.3929
4527219.24 0.393
4527903.01 0.3931
4528586.98 0.3932
4529271.16 0.3927
4529955.55 0.3921
4530640.14 0.3916
4531324.94 0.3911
4532009.95 0.3905
4532695.16 0.39
4533380.58 0.3895
4534066.21 0.3889
4534752.05 0.3884
4535438.09 0.3879
4536124.35 0.3873
4536810.81 0.3868
4537497.47 0.3863
4538184.35 0.3857
4538871.43 0.3852
4539558.72 0.3848
4540246.22 0.3844
4540933.93 0.384
4541621.85 0.3835
4542309.97 0.3831
4542998.30 0.3827
4543686.84 0.3823
4544375.59 0.3819
4545064.55 0.3815
4545753.72 0.3811
4546443.10 0.3807
4547132.69 0.3803
4547822.48 0.3798
4548512.49 0.3794
4549202.70 0.379
4549893.12 0.3783
4550583.76 0.3774
4551274.60 0.3765
4551965.65 0.3756
4552656.92 0.3747
4553348.39 0.3738
4554040.07 0.3729
4554731.97 0.372
4555424.07 0.3711
4556116.38 0.3702
4556808.91 0.3693
4557501.64 0.3684
4558194.59 0.3675
4558887.74 0.3666
4559581.11 0.3656
4560274.69 0.3646
4560968.48 0.3634
4561662.48 0.3622
4562356.69 0.3609
4563051.11 0.3597
4563745.75 0.3584
4564440.59 0.3572
4565135.65 0.356
4565830.92 0.3547
4566526.40 0.3535
4567222.09 0.3523
4567917.99 0.351
4568614.11 0.3498
4569310.44 0.3486
4570006.98 0.3474
4570703.74 0.3461
4571400.70 0.3448
4572097.88 0.3434
4572795.27 0.3421
4573492.88 0.3408
4574190.69 0.3394
4574888.72 0.3381
4575586.97 0.3368
4576285.42 0.3354
4576984.09 0.3341
4577682.97 0.3328
4578382.07 0.3315
4579081.38 0.3301
4579780.90 0.3288
4580480.64 0.3275
4581180.59 0.3262
4581880.76 0.3249
4582581.14 0.3236
4583281.73 0.3223
4583982.54 0.321
4584683.56 0.3198
4585384.80 0.3185
4586086.25 0.3172
4586787.91 0.3159
4587489.79 0.3147
4588191.89 0.3134
4588894.20 0.3121
4589596.72 0.3108
4590299.46 0.3095
4591002.42 0.3083
4591705.59 0.307
4592408.98 0.306
4593112.58 0.3051
4593816.40 0.3042
4594520.43 0.3033
4595224.68 0.3024
4595929.14 0.3015
4596633.82 0.3005
4597338.72 0.2996
4598043.83 0.2987
4598749.16 0.2978
4599454.71 0.2968
4600160.47 0.2959
4600866.45 0.295
4601572.65 0.294
4602279.06 0.2931
4602985.69 0.292
4603692.54 0.2907
4604399.60 0.2894
4605106.88 0.2881
4605814.38 0.2868
4606522.10 0.2855
4607230.03 0.2842
4607938.18 0.2829
4608646.55 0.2815
4609355.14 0.2802
4610063.94 0.2789
4610772.96 0.2776
4611482.20 0.2763
4612191.66 0.275
4612901.34 0.2736
4613611.23 0.2722
4614321.35 0.2707
4615031.68 0.2692
4615742.23 0.2677
4616453.00 0.2662
4617163.99 0.2646
4617875.20 0.2631
4618586.63 0.2616
4619298.27 0.26
4620010.14 0.2585
4620722.23 0.257
4621434.53 0.2554
4622147.06 0.2539
4622859.80 0.2523
4623572.76 0.2508
4624285.95 0.2492
4624999.35 0.2476
4625712.98 0.2459
4626426.82 0.2442
4627140.89 0.2426
4627855.17 0.2409
4628569.68 0.2392
4629284.40 0.2376
4629999.35 0.2359
4630714.52 0.2342
4631429.91 0.2325
4632145.52 0.2309
4632861.35 0.2292
4633577.40 0.2275
4634293.68 0.2258
4635010.17 0.2242
4635726.89 0.2224
4636443.83 0.2206
4637160.99 0.2188
4637878.37 0.217
4638595.98 0.2152
4639313.80 0.2134
4640031.85 0.2117
4640750.12 0.2099
4641468.62 0.2081
4642187.33 0.2063
4642906.27 0.2046
4643625.43 0.2028
4644344.82 0.201
4645064.43 0.1992
4645784.26 0.1975
4646504.31 0.1958
4647224.59 0.1942
4647945.09 0.1926
4648665.81 0.191
4649386.76 0.1894
4650107.93 0.1878
4650829.32 0.1862
4651550.94 0.1846
4652272.78 0.183
4652994.85 0.1814
4653717.14 0.1798
4654439.65 0.1782
4655162.39 0.1766
4655885.35 0.175
4656608.54 0.1734
4657331.96 0.1719
4658055.59 0.1705
4658779.46 0.1692
4659503.54 0.1678
4660227.86 0.1664
4660952.39 0.165
4661677.16 0.1636
4662402.15 0.1623
4663127.36 0.1609
4663852.80 0.1595
4664578.47 0.1581
4665304.36 0.1567
4666030.47 0.1554
4666756.82 0.154
4667483.39 0.1526
4668210.18 0.1512
4668937.21 0.15
4669664.45 0.1488
4670391.93 0.1476
4671119.63 0.1464
4671847.56 0.1452
4672575.72 0.144
4673304.10 0.1427
4674032.71 0.1415
4674761.55 0.1403
4675490.61 0.1391
4676219.90 0.1378
4676949.42 0.1366
4677679.17 0.1354
4678409.14 0.1341
4679139.35 0.1329
4679869.78 0.1318
4680600.44 0.1307
4681331.32 0.1297
4682062.44 0.1286
4682793.78 0.1275
4683525.36 0.1264
4684257.16 0.1253
4684989.19 0.1243
4685721.44 0.1232
4686453.93 0.1221
4687186.65 0.121
4687919.59 0.1199
4688652.77 0.1188
4689386.17 0.1177
4690119.81 0.1166
4690853.67 0.1156
4691587.76 0.1147
4692322.08 0.1138
4693056.64 0.1128
4693791.42 0.1119
4694526.43 0.111
4695261.68 0.11
4695997.15 0.1091
4696732.85 0.1081
4697468.79 0.1072
4698204.95 0.1062
4698941.35 0.1053
4699677.97 0.1043
4700414.83 0.1033
4701151.92 0.1024
4701889.24 0.1014
4702626.79 0.1004
4703364.57 0.0994
4704102.59 0.0984
4704840.83 0.0974
4705579.31 0.0964
4706318.02 0.0954
4707056.96 0.0944
4707796.14 0.0934
4708535.54 0.0924
4709275.18 0.0913
4710015.05 0.0903
4710755.15 0.0893
4711495.49 0.0883
4712236.06 0.0873
4712976.86 0.0864
4713717.89 0.0854
4714459.16 0.0845
4715200.66 0.0835
4715942.39 0.0826
4716684.36 0.0816
4717426.56 0.0807
4718169.00 0.0798
4718911.66 0.0788
4719654.57 0.0779
4720397.70 0.077
4721141.07 0.076
4721884.67 0.0751
4722628.51 0.0742
4723372.59 0.0732
4724116.89 0.0723
4724861.43 0.0715
4725606.21 0.0706
4726351.22 0.0698
4727096.47 0.069
4727841.95 0.0682
4728587.67 0.0673
4729333.62 0.0665
4730079.80 0.0657
4730826.23 0.0648
4731572.89 0.064
4732319.78 0.0632
4733066.91 0.0624
4733814.27 0.0615
4734561.88 0.0607
4735309.71 0.0599
4736057.79 0.0591
4736806.10 0.0584
4737554.65 0.0577
4738303.43 0.0569
4739052.45 0.0562
4739801.71 0.0555
4740551.20 0.0547
4741300.93 0.054
4742050.90 0.0533
4742801.11 0.0525
4743551.55 0.0518
4744302.23 0.0511
4745053.15 0.0503
4745804.31 0.0496
4746555.70 0.0489
4747307.33 0.0482
4748059.20 0.0477
4748811.31 0.0471
4749563.66 0.0465
4750316.24 0.0459
4751069.06 0.0454
4751822.13 0.0448
4752575.43 0.0442
4753328.97 0.0436
4754082.75 0.0431
4754836.76 0.0425
4755591.02 0.0419
4756345.52 0.0413
4757100.25 0.0408
4757855.23 0.0402
4758610.44 0.0397
4759365.90 0.0392
4760121.59 0.0387
4760877.53 0.0383
4761633.70 0.0378
4762390.12 0.0374
4763146.77 0.0369
4763903.67 0.0365
4764660.81 0.036
4765418.18 0.0355
4766175.80 0.0351
4766933.66 0.0346
4767691.76 0.0342
4768450.10 0.0337
4769208.69 0.0332
4769967.51 0.0328
4770726.58 0.0324
4771485.88 0.0321
4772245.43 0.0317
4773005.22 0.0314
4773765.25 0.031
4774525.53 0.0306
4775286.05 0.0303
4776046.81 0.0299
4776807.81 0.0295
4777569.05 0.0292
4778330.54 0.0288
4779092.27 0.0284
4779854.24 0.0281
4780616.46 0.0277
4781378.92 0.0274
4782141.62 0.027
4782904.56 0.0267
4783667.75 0.0264
4784431.18 0.0261
4785194.86 0.0258
4785958.78 0.0254
4786722.94 0.0251
4787487.35 0.0248
4788252.00 0.0245
4789016.90 0.0242
4789782.04 0.0239
4790547.43 0.0235
4791313.06 0.0232
4792078.93 0.0229
4792845.05 0.0226
4793611.42 0.0223
4794378.03 0.022
4795144.88 0.0218
4795911.98 0.0215
4796679.33 0.0212
4797446.92 0.0209
4798214.76 0.0207
4798982.84 0.0204
4799751.17 0.0201
4800519.74 0.0198
4801288.57 0.0196
4802057.63 0.0193
4802826.95 0.019
4803596.51 0.0187
4804366.31 0.0185
4805136.37 0.0182
4805906.67 0.018
4806677.22 0.0178
4807448.01 0.0176
4808219.05 0.0174
4808990.34 0.0172
4809761.88 0.017
4810533.66 0.0168
4811305.70 0.0166
4812077.98 0.0164
4812850.51 0.0162
4813623.28 0.016
4814396.31 0.0158
4815169.58 0.0156
4815943.10 0.0154
4816716.87 0.0152
4817490.89 0.0151
4818265.16 0.0149
4819039.67 0.0148
4819814.44 0.0146
4820589.45 0.0145
4821364.72 0.0144
4822140.23 0.0142
4822915.99 0.0141
4823692.00 0.014
4824468.27 0.0138
4825244.78 0.0137
4826021.54 0.0135
4826798.55 0.0134
4827575.81 0.0133
4828353.33 0.0131
4829131.09 0.0131
4829909.10 0.013
4830687.37 0.0129
4831465.88 0.0128
4832244.65 0.0128
4833023.67 0.0127
4833802.93 0.0126
4834582.45 0.0125
4835362.23 0.0124
4836142.25 0.0124
4836922.52 0.0123
4837703.05 0.0122
4838483.83 0.0121
4839264.86 0.0121
4840046.14 0.012
4840827.68 0.012
4841609.46 0.0119
4842391.50 0.0119
4843173.80 0.0119
4843956.34 0.0118
4844739.14 0.0118
4845522.19 0.0118
4846305.50 0.0117
4847089.05 0.0117
4847872.87 0.0116
4848656.93 0.0116
4849441.25 0.0116
4850225.82 0.0115
4851010.65 0.0115
4851795.73 0.0115
4852581.06 0.0115
4853366.65 0.0114
4854152.49 0.0114
4854938.59 0.0114
4855724.94 0.0114
4856511.55 0.0114
4857298.41 0.0114
4858085.53 0.0114
4858872.90 0.0113
4859660.53 0.0113
4860448.41 0.0113
4861236.55 0.0113
4862024.94 0.0113
4862813.59 0.0113
4863602.50 0.0113
4864391.66 0.0113
4865181.08 0.0112
4865970.75 0.0112
4866760.68 0.0112
4867550.87 0.0112
4868341.31 0.0112
4869132.01 0.0112
4869922.97 0.0111
4870714.18 0.0111
4871505.65 0.0111
4872297.38 0.0111
4873089.37 0.0111
4873881.61 0.0111
4874674.11 0.011
4875466.87 0.011
4876259.89 0.011
4877053.16 0.011
4877846.70 0.011
4878640.49 0.0109
4879434.54 0.0109
4880228.85 0.0109
4881023.41 0.0109
4881818.24 0.0108
4882613.32 0.0108
4883408.67 0.0108
4884204.27 0.0108
4885000.13 0.0107
4885796.25 0.0107
4886592.63 0.0107
4887389.27 0.0107
4888186.17 0.0107
4888983.33 0.0106
4889780.75 0.0106
4890578.43 0.0106
4891376.37 0.0106
4892174.58 0.0106
4892973.04 0.0105
4893771.76 0.0105
4894570.74 0.0105
4895369.99 0.0105
4896169.49 0.0105
4896969.26 0.0105
4897769.29 0.0104
4898569.58 0.0104
4899370.13 0.0104
4900170.94 0.0104
4900972.01 0.0104
4901773.35 0.0103
4902574.95 0.0103
4903376.81 0.0103
4904178.93 0.0103
4904981.32 0.0103
4905783.96 0.0103
4906586.87 0.0102
4907390.05 0.0102
4908193.48 0.0102
4908997.18 0.0102
4909801.15 0.0102
4910605.37 0.0101
4911409.86 0.0101
4912214.62 0.0101
4913019.63 0.0101
4913824.91 0.0101
4914630.46 0.01
4915436.27 0.01
4916242.34 0.01
4917048.68 0.01
4917855.28 0.01
4918662.15 0.0099
4919469.28 0.0099
4920276.68 0.0099
4921084.34 0.0099
4921892.27 0.0099
4922700.46 0.0098
4923508.92 0.0098
4924317.64 0.0098
4925126.63 0.0098
4925935.89 0.0098
4926745.41 0.0097
4927555.19 0.0097
4928365.25 0.0097
4929175.57 0.0097
4929986.15 0.0096
4930797.01 0.0096
4931608.13 0.0096
4932419.51 0.0096
4933231.17 0.0095
4934043.09 0.0095
4934855.28 0.0095
4935667.73 0.0095
4936480.45 0.0094
4937293.45 0.0094
4938106.70 0.0094
4938920.23 0.0094
4939734.03 0.0093
4940548.09 0.0093
4941362.42 0.0093
4942177.02 0.0093
4942991.89 0.0092
4943807.03 0.0092
4944622.43 0.0092
4945438.11 0.0092
4946254.05 0.0091
4947070.26 0.0091
4947886.75 0.0091
4948703.50 0.0091
4949520.52 0.009
4950337.81 0.009
4951155.38 0.009
4951973.21 0.009
4952791.31 0.0089
4953609.68 0.0089
4954428.33 0.0089
4955247.24 0.0088
4956066.42 0.0088
4956885.88 0.0088
4957705.61 0.0088
4958525.60 0.0087
4959345.87 0.0087
4960166.41 0.0087
4960987.22 0.0086
4961808.31 0.0086
4962629.66 0.0086
4963451.29 0.0086
4964273.19 0.0085
4965095.36 0.0085
4965917.81 0.0085
4966740.52 0.0084
4967563.51 0.0084
4968386.77 0.0084
4969210.31 0.0083
4970034.12 0.0083
4970858.20 0.0083
4971682.55 0.0082
4972507.18 0.0082
4973332.08 0.0082
4974157.26 0.0081
4974982.71 0.0081
4975808.43 0.0081
4976634.43 0.0081
4977460.70 0.008
4978287.25 0.008
4979114.07 0.008
4979941.16 0.008
4980768.53 0.0079
4981596.18 0.0079
4982424.10 0.0079
4983252.29 0.0078
4984080.76 0.0078
4984909.51 0.0078
4985738.53 0.0078
4986567.83 0.0077
4987397.40 0.0077
4988227.25 0.0077
4989057.38 0.0077
4989887.78 0.0076
4990718.46 0.0076
4991549.42 0.0076
4992380.65 0.0075
4993212.16 0.0075
4994043.94 0.0075
4994876.01 0.0075
4995708.35 0.0074
4996540.97 0.0074
4997373.86 0.0074
4998207.04 0.0073
4999040.49 0.0073
4999874.22 0.0073
5000708.22 0.0072
5001542.51 0.0072
5002377.07 0.0072
5003211.92 0.0072
5004047.04 0.0071
5004882.44 0.0071
5005718.12 0.0071
5006554.07 0.007
5007390.31 0.007
5008226.83 0.007
5009063.63 0.007
5009900.70 0.0069
5010738.06 0.0069
5011575.69 0.0069
5012413.61 0.0068
5013251.81 0.0068
5014090.28 0.0068
5014929.04 0.0068
5015768.08 0.0068
5016607.40 0.0067
5017447.00 0.0067
5018286.88 0.0067
5019127.04 0.0067
5019967.48 0.0066
5020808.21 0.0066
5021649.21 0.0066
5022490.50 0.0066
5023332.07 0.0066
5024173.92 0.0065
5025016.06 0.0065
5025858.47 0.0065
5026701.17 0.0065
5027544.16 0.0065
5028387.42 0.0064
5029230.97 0.0064
5030074.80 0.0064
5030918.91 0.0064
5031763.31 0.0064
5032607.99 0.0063
5033452.96 0.0063
5034298.20 0.0063
5035143.74 0.0063
5035989.55 0.0062
5036835.65 0.0062
5037682.04 0.0062
5038528.71 0.0062
5039375.66 0.0062
5040222.90 0.0061
5041070.42 0.0061
5041918.23 0.0061
5042766.32 0.0061
5043614.70 0.006
5044463.37 0.006
5045312.32 0.006
5046161.56 0.006
5047011.08 0.0059
5047860.89 0.0059
5048710.98 0.0059
5049561.36 0.0059
5050412.03 0.0058
5051262.98 0.0058
5052114.22 0.0058
5052965.75 0.0058
5053817.57 0.0058
5054669.67 0.0057
5055522.06 0.0057
5056374.73 0.0057
5057227.70 0.0057
5058080.95 0.0057
5058934.49 0.0056
5059788.32 0.0056
5060642.44 0.0056
5061496.84 0.0056
5062351.54 0.0056
5063206.52 0.0055
5064061.79 0.0055
5064917.35 0.0055
5065773.20 0.0055
5066629.34 0.0055
5067485.77 0.0054
5068342.49 0.0054
5069199.49 0.0054
5070056.79 0.0054
5070914.38 0.0053
5071772.26 0.0053
5072630.42 0.0053
5073488.88 0.0053
5074347.63 0.0052
5075206.67 0.0052
5076066.00 0.0052
5076925.62 0.0052
5077785.54 0.0052
5078645.74 0.0051
5079506.24 0.0051
5080367.02 0.0051
5081228.10 0.0051
5082089.47 0.005
5082951.14 0.005
5083813.09 0.005
5084675.34 0.005
5085537.88 0.005
5086400.71 0.0049
5087263.84 0.0049
5088127.26 0.0049
5088990.97 0.0049
5089854.97 0.0048
5090719.27 0.0048
5091583.87 0.0048
5092448.75 0.0048
5093313.93 0.0048
5094179.41 0.0047
5095045.17 0.0047
5095911.24 0.0047
5096777.59 0.0047
5097644.24 0.0047
5098511.19 0.0046
5099378.43 0.0046
5100245.97 0.0046
5101113.80 0.0046
5101981.93 0.0046
5102850.35 0.0045
5103719.07 0.0045
5104588.08 0.0045
5105457.39 0.0045
5106327.00 0.0045
5107196.90 0.0044
5108067.10 0.0044
5108937.59 0.0044
5109808.39 0.0044
5110679.47 0.0044
5111550.86 0.0043
5112422.54 0.0043
5113294.52 0.0043
5114166.80 0.0043
5115039.38 0.0043
5115912.25 0.0043
5116785.42 0.0042
5117658.89 0.0042
5118532.66 0.0042
5119406.73 0.0042
5120281.09 0.0042
5121155.76 0.0042
5122030.72 0.0041
5122905.98 0.0041
5123781.54 0.0041
5124657.40 0.0041
5125533.56 0.0041
5126410.02 0.0041
5127286.78 0.0041
5128163.84 0.0041
5129041.20 0.004
5129918.86 0.004
5130796.82 0.004
5131675.08 0.004
5132553.64 0.004
5133432.50 0.004
5134311.66 0.004
5135191.13 0.004
5136070.89 0.0039
5136950.96 0.0039
5137831.33 0.0039
5138712.00 0.0039
5139592.97 0.0039
5140474.25 0.0039
5141355.82 0.0039
5142237.70 0.0039
5143119.88 0.0038
5144002.37 0.0038
5144885.16 0.0038
5145768.25 0.0038
5146651.64 0.0038
5147535.34 0.0038
5148419.34 0.0038
5149303.64 0.0038
5150188.25 0.0037
5151073.16 0.0037
5151958.38 0.0037
5152843.90 0.0037
5153729.72 0.0037
5154615.85 0.0037
5155502.29 0.0037
5156389.03 0.0037
5157276.07 0.0036
5158163.42 0.0036
5159051.08 0.0036
5159939.04 0.0036
5160827.30 0.0036
5161715.87 0.0036
5162604.75 0.0035
5163493.94 0.0035
5164383.43 0.0035
5165273.23 0.0035
5166163.33 0.0035
5167053.74 0.0035
5167944.46 0.0035
5168835.48 0.0034
5169726.81 0.0034
5170618.45 0.0034
5171510.40 0.0034
5172402.66 0.0034
5173295.22 0.0033
5174188.09 0.0033
5175081.27 0.0033
5175974.76 0.0033
5176868.55 0.0033
5177762.66 0.0033
5178657.07 0.0032
5179551.80 0.0032
5180446.83 0.0032
5181342.17 0.0032
5182237.82 0.0032
5183133.78 0.0031
5184030.05 0.0031
5184926.63 0.0031
5185823.53 0.0031
5186720.73 0.0031
5187618.24 0.0031
5188516.06 0.003
5189414.19 0.003
5190312.64 0.003
5191211.39 0.003
5192110.46 0.003
5193009.84 0.003
5193909.53 0.0029
5194809.53 0.0029
5195709.84 0.0029
5196610.47 0.0029
5197511.41 0.0029
5198412.66 0.0029
5199314.22 0.0028
5200216.10 0.0028
5201118.29 0.0028
5202020.79 0.0028
5202923.60 0.0028
5203826.73 0.0028
5204730.17 0.0028
5205633.93 0.0027
5206538.00 0.0027
5207442.38 0.0027
5208347.08 0.0027
5209252.09 0.0027
5210157.42 0.0027
5211063.06 0.0027
5211969.02 0.0026
5212875.29 0.0026
5213781.88 0.0026
5214688.78 0.0026
5215596.00 0.0026
5216503.53 0.0026
5217411.38 0.0026
5218319.55 0.0026
5219228.03 0.0025
5220136.83 0.0025
5221045.94 0.0025
5221955.37 0.0025
5222865.12 0.0025
5223775.19 0.0025
5224685.57 0.0025
5225596.27 0.0025
5226507.29 0.0025
5227418.62 0.0024
5228330.28 0.0024
5229242.25 0.0024
5230154.54 0.0024
5231067.14 0.0024
5231980.07 0.0024
5232893.31 0.0024
5233806.88 0.0024
5234720.76 0.0023
5235634.96 0.0023
5236549.48 0.0023
5237464.33 0.0023
5238379.49 0.0023
5239294.97 0.0023
5240210.77 0.0023
5241126.89 0.0023
5242043.33 0.0023
5242960.09 0.0022
5243877.17 0.0022
5244794.58 0.0022
5245712.30 0.0022
5246630.35 0.0022
5247548.71 0.0022
5248467.40 0.0022
5249386.41 0.0022
5250305.74 0.0021
5251225.40 0.0021
5252145.37 0.0021
5253065.67 0.0021
5253986.30 0.0021
5254907.24 0.0021
5255828.51 0.0021
5256750.10 0.0021
5257672.01 0.0021
5258594.25 0.0021
5259516.81 0.002
5260439.69 0.002
5261362.90 0.002
5262286.43 0.002
5263210.29 0.002
5264134.47 0.002
5265058.97 0.002
5265983.80 0.002
5266908.96 0.002
5267834.44 0.002
5268760.25 0.0019
5269686.38 0.0019
5270612.83 0.0019
5271539.62 0.0019
5272466.73 0.0019
5273394.16 0.0019
5274321.92 0.0019
5275250.01 0.0019
5276178.42 0.0019
5277107.16 0.0018
5278036.23 0.0018
5278965.63 0.0018
5279895.35 0.0018
5280825.40 0.0018
5281755.78 0.0018
5282686.48 0.0018
5283617.52 0.0018
5284548.88 0.0018
5285480.57 0.0018
5286412.59 0.0018
5287344.94 0.0017
5288277.62 0.0017
5289210.62 0.0017
5290143.96 0.0017
5291077.62 0.0017
5292011.62 0.0017
5292945.94 0.0017
5293880.59 0.0017
5294815.58 0.0017
5295750.89 0.0017
5296686.54 0.0017
5297622.51 0.0017
5298558.82 0.0016
5299495.46 0.0016
5300432.43 0.0016
5301369.73 0.0016
5302307.36 0.0016
5303245.32 0.0016
5304183.62 0.0016
5305122.24 0.0016
5306061.20 0.0016
5307000.50 0.0016
5307940.12 0.0016
5308880.08 0.0015
5309820.37 0.0015
5310760.99 0.0015
5311701.95 0.0015
5312643.24 0.0015
5313584.86 0.0015
5314526.82 0.0015
5315469.11 0.0015
5316411.74 0.0015
5317354.70 0.0015
5318298.00 0.0015
5319241.63 0.0015
5320185.59 0.0015
5321129.89 0.0014
5322074.53 0.0014
5323019.50 0.0014
5323964.80 0.0014
5324910.44 0.0014
5325856.42 0.0014
5326802.74 0.0014
5327749.39 0.0014
5328696.37 0.0014
5329643.70 0.0014
5330591.36 0.0014
5331539.36 0.0014
5332487.69 0.0014
5333436.36 0.0014
5334385.37 0.0014
5335334.72 0.0014
5336284.41 0.0014
5337234.43 0.0014
5338184.79 0.0014
5339135.49 0.0013
5340086.53 0.0013
5341037.91 0.0013
5341989.63 0.0013
5342941.69 0.0013
5343894.08 0.0013
5344846.82 0.0013
5345799.89 0.0013
5346753.31 0.0013
5347707.06 0.0013
5348661.16 0.0013
5349615.60 0.0013
5350570.37 0.0012
5351525.49 0.0012
5352480.95 0.0012
5353436.75 0.0012
5354392.89 0.0012
5355349.37 0.0012
5356306.20 0.0012
5357263.37 0.0012
5358220.88 0.0012
5359178.73 0.0012
5360136.92 0.0012
5361095.46 0.0011
5362054.34 0.0011
5363013.56 0.0011
5363973.13 0.0011
5364933.04 0.0011
5365893.29 0.0011
5366853.88 0.0011
5367814.83 0.0011
5368776.11 0.0011
5369737.74 0.0011
5370699.71 0.0011
5371662.03 0.0011
5372624.70 0.0011
5373587.70 0.0011
5374551.06 0.0011
5375514.76 0.0011
5376478.80 0.001
5377443.19 0.001
5378407.93 0.001
5379373.01 0.001
5380338.44 0.001
5381304.22 0.001
5382270.34 0.001
5383236.81 0.001
5384203.63 0.001
5385170.79 0.001
5386138.30 0.001
5387106.16 0.001
5388074.37 0.001
5389042.93 0.001
5390011.83 0.001
5390981.08 0.001
5391950.68 0.001
5392920.63 0.001
5393890.93 0.001
5394861.58 0.001
5395832.58 0.0009
5396803.92 0.0009
5397775.62 0.0009
5398747.67 0.0009
5399720.06 0.0009
5400692.81 0.0009
5401665.91 0.0009
5402639.36 0.0009
5403613.16 0.0009
5404587.31 0.0009
5405561.81 0.0009
5406536.66 0.0009
5407511.87 0.0009
5408487.43 0.0009
5409463.33 0.0009
5410439.60 0.0009
5411416.21 0.0009
5412393.18 0.0009
5413370.49 0.0009
5414348.17 0.0008
5415326.19 0.0008
5416304.57 0.0008
5417283.30 0.0008
5418262.39 0.0008
5419241.83 0.0008
5420221.62 0.0008
5421201.77 0.0008
5422182.28 0.0008
5423163.13 0.0008
5424144.35 0.0008
5425125.91 0.0008
5426107.84 0.0008
5427090.12 0.0008
5428072.75 0.0008
5429055.74 0.0008
5430039.09 0.0008
5431022.79 0.0008
5432006.85 0.0008
5432991.26 0.0008
5433976.04 0.0008
5434961.17 0.0007
5435946.65 0.0007
5436932.50 0.0007
5437918.70 0.0007
5438905.26 0.0007
5439892.18 0.0007
5440879.46 0.0007
5441867.09 0.0007
5442855.08 0.0007
5443843.44 0.0007
5444832.15 0.0007
5445821.22 0.0007
5446810.65 0.0007
5447800.44 0.0007
5448790.59 0.0007
5449781.09 0.0007
5450771.96 0.0007
5451763.19 0.0006
5452754.78 0.0006
5453746.73 0.0006
5454739.05 0.0006
5455731.72 0.0006
5456724.75 0.0006
5457718.15 0.0006
5458711.91 0.0006
5459706.03 0.0006
5460700.51 0.0006
5461695.35 0.0006
5462690.56 0.0006
5463686.13 0.0006
5464682.06 0.0006
5465678.36 0.0006
5466675.02 0.0006
5467672.04 0.0006
5468669.43 0.0006
5469667.18 0.0006
5470665.29 0.0006
5471663.77 0.0006
5472662.61 0.0006
5473661.82 0.0006
5474661.40 0.0006
5475661.33 0.0006
5476661.64 0.0006
5477662.31 0.0006
5478663.34 0.0006
5479664.74 0.0006
5480666.51 0.0006
5481668.64 0.0006
5482671.14 0.0006
5483674.01 0.0006
5484677.24 0.0006
5485680.84 0.0006
5486684.81 0.0006
5487689.15 0.0006
5488693.85 0.0005
5489698.92 0.0005
5490704.36 0.0005
5491710.17 0.0005
5492716.34 0.0005
5493722.89 0.0005
5494729.80 0.0005
5495737.09 0.0005
5496744.74 0.0005
5497752.76 0.0005
5498761.15 0.0005
5499769.91 0.0005
5500779.05 0.0005
5501788.55 0.0005
5502798.42 0.0005
5503808.67 0.0005
5504819.28 0.0005
5505830.27 0.0005
5506841.62 0.0005
5507853.35 0.0005
5508865.45 0.0005
5509877.93 0.0005
5510890.77 0.0005
5511903.99 0.0005
5512917.58 0.0005
5513931.54 0.0004
5514945.88 0.0004
5515960.59 0.0004
5516975.67 0.0004
5517991.13 0.0004
5519006.96 0.0004
5520023.16 0.0004
5521039.74 0.0004
5522056.70 0.0004
5523074.02 0.0004
5524091.73 0.0004
5525109.80 0.0004
5526128.26 0.0004
5527147.09 0.0004
5528166.29 0.0004
5529185.87 0.0004
5530205.83 0.0004
5531226.16 0.0004
5532246.87 0.0004
5533267.96 0.0004
5534289.42 0.0004
5535311.26 0.0004
5536333.48 0.0004
5537356.08 0.0004
5538379.05 0.0004
5539402.40 0.0004
5540426.13 0.0004
5541450.24 0.0003
5542474.73 0.0003
5543499.59 0.0003
5544524.84 0.0003
5545550.46 0.0003
5546576.47 0.0003
5547602.85 0.0003
5548629.61 0.0003
5549656.76 0.0003
5550684.28 0.0003
5551712.19 0.0003
5552740.47 0.0003
5553769.14 0.0003
5554798.18 0.0003
5555827.61 0.0003
5556857.42 0.0003
5557887.62 0.0003
5558918.19 0.0003
5559949.15 0.0003
5560980.49 0.0003
5562012.21 0.0003
5563044.31 0.0003
5564076.80 0.0003
5565109.67 0.0003
5566142.93 0.0003
5567176.56 0.0003
5568210.59 0.0003
5569244.99 0.0003
5570279.78 0.0003
5571314.96 0.0003
5572350.52 0.0003
5573386.47 0.0003
5574422.80 0.0003
5575459.51 0.0003
5576496.61 0.0003
5577534.10 0.0003
5578571.98 0.0003
5579610.24 0.0003
5580648.88 0.0003
5581687.92 0.0003
5582727.34 0.0003
5583767.14 0.0003
5584807.34 0.0003
5585847.92 0.0003
5586888.89 0.0003
5587930.25 0.0003
5588972.00 0.0003
5590014.13 0.0003
5591056.66 0.0003
5592099.57 0.0003
5593142.87 0.0003
5594186.56 0.0003
5595230.65 0.0003
5596275.12 0.0003
5597319.98 0.0003
5598365.23 0.0003
5599410.87 0.0003
5600456.90 0.0003
5601503.33 0.0003
5602550.14 0.0003
5603597.35 0.0003
5604644.94 0.0003
5605692.93 0.0003
5606741.31 0.0003
5607790.09 0.0003
5608839.25 0.0003
5609888.81 0.0003
5610938.76 0.0003
5611989.11 0.0003
5613039.84 0.0003
5614090.97 0.0003
5615142.50 0.0003
5616194.42 0.0003
5617246.73 0.0003
5618299.44 0.0003
5619352.54 0.0003
5620406.04 0.0003
5621459.93 0.0003
5622514.22 0.0003
5623568.90 0.0003
5624623.98 0.0003
5625679.45 0.0003
5626735.32 0.0003
5627791.59 0.0003
5628848.25 0.0003
5629905.31 0.0003
5630962.77 0.0003
5632020.63 0.0003
5633078.88 0.0003
5634137.53 0.0003
5635196.58 0.0003
5636256.03 0.0003
5637315.87 0.0003
5638376.11 0.0003
5639436.76 0.0003
5640497.80 0.0003
5641559.24 0.0003
5642621.08 0.0003
5643683.32 0.0003
5644745.96 0.0003
5645809.00 0.0003
5646872.44 0.0003
5647936.28 0.0003
5649000.53 0.0003
5650065.17 0.0003
5651130.22 0.0003
5652195.66 0.0003
5653261.51 0.0003
5654327.76 0.0003
5655394.42 0.0002
5656461.47 0.0002
5657528.93 0.0002
5658596.79 0.0002
5659665.06 0.0002
5660733.72 0.0002
5661802.80 0.0002
5662872.27 0.0002
5663942.15 0.0002
5665012.43 0.0002
5666083.12 0.0002
5667154.22 0.0002
5668225.71 0.0002
5669297.62 0.0002
5670369.93 0.0002
5671442.64 0.0002
5672515.76 0.0002
5673589.29 0.0002
5674663.22 0.0002
5675737.56 0.0002
5676812.31 0.0002
5677887.46 0.0002
5678963.02 0.0002
5680038.99 0.0002
5681115.37 0.0002
5682192.15 0.0002
5683269.35 0.0002
5684346.95 0.0002
5685424.96 0.0002
5686503.38 0.0002
5687582.20 0.0002
5688661.44 0.0002
5689741.09 0.0002
5690821.15 0.0003
5691901.61 0.0003
5692982.49 0.0003
5694063.78 0.0003
5695145.48 0.0003
5696227.59 0.0003
5697310.11 0.0003
5698393.04 0.0003
5699476.39 0.0003
5700560.14 0.0002
5701644.31 0.0002
5702728.89 0.0002
5703813.89 0.0002
5704899.30 0.0002
5705985.12 0.0002
5707071.35 0.0002
5708158.00 0.0002
5709245.06 0.0002
5710332.53 0.0002
5711420.42 0.0002
5712508.73 0.0002
5713597.45 0.0002
5714686.58 0.0002
5715776.13 0.0002
5716866.09 0.0002
5717956.48 0.0002
5719047.27 0.0002
5720138.49 0.0002
5721230.11 0.0002
5722322.16 0.0002
5723414.62 0.0002
5724507.50 0.0002
5725600.80 0.0002
5726694.52 0.0002
5727788.65 0.0002
5728883.20 0.0002
5729978.17 0.0002
5731073.56 0.0002
5732169.37 0.0002
5733265.60 0.0002
5734362.24 0.0002
5735459.31 0.0002
5736556.79 0.0002
5737654.70 0.0002
5738753.02 0.0002
5739851.77 0.0002
5740950.94 0.0002
5742050.53 0.0002
5743150.54 0.0002
5744250.97 0.0002
5745351.82 0.0002
5746453.10 0.0002
5747554.79 0.0002
5748656.91 0.0002
5749759.46 0.0002
5750862.42 0.0002
5751965.81 0.0002
5753069.62 0.0002
5754173.86 0.0002
5755278.52 0.0002
5756383.60 0.0002
5757489.11 0.0002
5758595.04 0.0002
5759701.40 0.0002
5760808.19 0.0002
5761915.39 0.0002
5763023.03 0.0002
5764131.09 0.0002
5765239.58 0.0002
5766348.49 0.0002
5767457.83 0.0002
5768567.60 0.0002
5769677.79 0.0002
5770788.41 0.0002
5771899.46 0.0002
5773010.94 0.0002
5774122.84 0.0002
5775235.18 0.0002
5776347.94 0.0002
5777461.13 0.0002
5778574.75 0.0002
5779688.80 0.0002
5780803.28 0.0002
5781918.19 0.0002
5783033.53 0.0002
5784149.30 0.0002
5785265.50 0.0002
5786382.13 0.0002
5787499.19 0.0002
5788616.68 0.0002
5789734.61 0.0002
5790852.97 0.0002
5791971.75 0.0003
5793090.98 0.0003
5794210.63 0.0003
5795330.72 0.0003
5796451.24 0.0002
5797572.19 0.0002
5798693.58 0.0002
5799815.40 0.0002
5800937.65 0.0002
5802060.34 0.0002
5803183.47 0.0002
5804307.03 0.0002
5805431.02 0.0002
5806555.45 0.0002
5807680.32 0.0002
5808805.62 0.0002
5809931.36 0.0002
5811057.53 0.0002
5812184.14 0.0002
5813311.19 0.0002
5814438.67 0.0002
5815566.60 0.0002
5816694.96 0.0002
5817823.75 0.0002
5818952.99 0.0002
5820082.66 0.0002
5821212.78 0.0002
5822343.33 0.0002
5823474.32 0.0002
5824605.75 0.0002
5825737.62 0.0002
5826869.93 0.0002
5828002.68 0.0002
5829135.87 0.0002
5830269.51 0.0002
5831403.58 0.0002
5832538.09 0.0002
5833673.05 0.0002
5834808.45 0.0002
5835944.29 0.0002
5837080.57 0.0002
5838217.29 0.0002
5839354.46 0.0002
5840492.07 0.0002
5841630.12 0.0002
5842768.62 0.0002
5843907.56 0.0002
5845046.95 0.0002
5846186.78 0.0002
5847327.05 0.0002
5848467.77 0.0002
5849608.94 0.0002
5850750.55 0.0002
5851892.60 0.0002
5853035.10 0.0002
5854178.05 0.0002
5855321.45 0.0002
5856465.29 0.0002
5857609.57 0.0002
5858754.31 0.0002
5859899.49 0.0002
5861045.12 0.0002
5862191.20 0.0002
5863337.73 0.0002
5864484.70 0.0002
5865632.13 0.0002
5866780.00 0.0002
5867928.32 0.0002
5869077.09 0.0002
5870226.32 0.0002
5871375.99 0.0002
5872526.11 0.0002
5873676.68 0.0002
5874827.71 0.0002
5875979.18 0.0002
5877131.11 0.0002
5878283.49 0.0002
5879436.32 0.0002
5880589.60 0.0002
5881743.34 0.0002
5882897.53 0.0002
5884052.17 0.0002
5885207.26 0.0002
5886362.81 0.0002
5887518.81 0.0002
5888675.27 0.0002
5889832.18 0.0002
5890989.55 0.0002
5892147.37 0.0002
5893305.64 0.0002
5894464.37 0.0002
5895623.56 0.0002
5896783.20 0.0002
5897943.30 0.0002
5899103.86 0.0002
5900264.87 0.0002
5901426.34 0.0002
5902588.27 0.0002
5903750.65 0.0002
5904913.49 0.0001
5906076.79 0.0001
5907240.55 0.0001
5908404.77 0.0001
5909569.45 0.0001
5910734.58 0.0001
5911900.18 0.0001
5913066.23 0.0001
5914232.75 0.0001
5915399.72 0.0001
5916567.16 0.0001
5917735.06 0.0001
5918903.42 0.0001
5920072.24 0.0001
5921241.52 0.0001
5922411.26 0.0001
5923581.47 0.0001
5924752.13 0.0001
5925923.27 0.0001
5927094.86 0.0001
5928266.92 0.0001
5929439.44 0.0001
5930612.42 0.0001
5931785.87 0.0001
5932959.79 0.0001
5934134.16 0.0001
5935309.01 0.0001
5936484.32 0.0001
5937660.09 0.0001
5938836.33 0.0001
5940013.04 0.0001
5941190.21 0.0001
5942367.85 0.0001
5943545.96 0.0001
5944724.53 0.0001
5945903.57 0.0001
5947083.08 0.0001
5948263.06 0.0001
5949443.50 0.0001
5950624.41 0.0001
5951805.80 0.0001
5952987.65 0.0001
5954169.97 0.0001
5955352.76 0.0001
5956536.02 0.0001
5957719.75 0.0001
5958903.96 0.0001
5960088.63 0.0001
5961273.77 0.0001
5962459.39 0.0001
5963645.47 0.0001
5964832.03 0.0001
5966019.06 0.0001
5967206.57 0.0001
5968394.55 0.0001
5969582.99 0
5970771.92 0
5971961.31 0
5973151.19 0.0001
5974341.53 0.0001
5975532.35 0.0001
5976723.64 0.0001
5977915.41 0.0001
5979107.66 0.0001
5980300.38 0.0001
5981493.58 0.0001
5982687.25 0.0001
5983881.40 0.0001
5985076.02 0.0001
5986271.13 0.0001
5987466.71 0.0001
5988662.76 0.0001
5989859.30 0.0001
5991056.31 0.0001
5992253.81 0.0001
5993451.78 0.0001
5994650.23 0.0001
5995849.16 0.0001
